#------------------------
#   k         chi         dchi         e0
  0.0000000      -0.54088254       0.12954115E-02    7117.6400
  0.50000000E-01  -0.55172537       0.14370688E-02    7117.6400
  0.10000000      -0.56256819       0.15787261E-02    7117.6400
  0.15000000      -0.57341101       0.17203835E-02    7117.6400
  0.20000000      -0.58425384       0.18620408E-02    7117.6400
  0.25000000      -0.59509666       0.20036981E-02    7117.6400
  0.30000000      -0.60593948       0.21453554E-02    7117.6400
  0.35000000      -0.61678231       0.22870128E-02    7117.6400
  0.40000000      -0.62762513       0.24286701E-02    7117.6400
  0.45000000      -0.63846795       0.25703274E-02    7117.6400
  0.50000000      -0.61977701       0.27119847E-02    7117.6400
  0.55000000      -0.59754216       0.26862315E-02    7117.6400
  0.60000000      -0.57530731       0.25298639E-02    7117.6400
  0.65000000      -0.55248604       0.23734963E-02    7117.6400
  0.70000000      -0.51532999       0.22212111E-02    7117.6400
  0.75000000      -0.47817394       0.21655078E-02    7117.6400
  0.80000000      -0.44169153       0.21098046E-02    7117.6400
  0.85000000      -0.40640851       0.20641087E-02    7117.6400
  0.90000000      -0.37143561       0.20924460E-02    7117.6400
  0.95000000      -0.34373652       0.21207833E-02    7117.6400
  1.0000000      -0.32447970       0.20638210E-02    7117.6400
  1.0500000      -0.32104594       0.19950495E-02    7117.6400
  1.1000000      -0.32348150       0.21459236E-02    7117.6400
  1.1500000      -0.32260108       0.23357851E-02    7117.6400
  1.2000000      -0.31457380       0.23064564E-02    7117.6400
  1.2500000      -0.29382284       0.23499859E-02    7117.6400
  1.3000000      -0.26537454       0.27264968E-02    7117.6400
  1.3500000      -0.22954970       0.21858824E-02    7117.6400
  1.4000000      -0.18196644       0.27649861E-02    7117.6400
  1.4500000      -0.13082702       0.23073033E-02    7117.6400
  1.5000000      -0.78201036E-01   0.19224012E-02    7117.6400
  1.5500000      -0.19611296E-01   0.17252715E-02    7117.6400
  1.6000000       0.32168712E-01   0.17440252E-02    7117.6400
  1.6500000       0.82274598E-01   0.18554821E-02    7117.6400
  1.7000000       0.13878485       0.22543885E-02    7117.6400
  1.7500000       0.19373616       0.24683224E-02    7117.6400
  1.8000000       0.25508354       0.22178441E-02    7117.6400
  1.8500000       0.30549567       0.17658092E-02    7117.6400
  1.9000000       0.36490949       0.17956333E-02    7117.6400
  1.9500000       0.42957688       0.19873704E-02    7117.6400
  2.0000000       0.46390138       0.22116225E-02    7117.6400
  2.0500000       0.47536336       0.24871224E-02    7117.6400
  2.1000000       0.45443085       0.21580929E-02    7117.6400
  2.1500000       0.42102963       0.13962033E-02    7117.6400
  2.2000000       0.35798696       0.23264775E-02    7117.6400
  2.2500000       0.27422169       0.27770290E-02    7117.6400
  2.3000000       0.19239760       0.31475280E-02    7117.6400
  2.3500000       0.11749205       0.28532684E-02    7117.6400
  2.4000000       0.76343984E-01   0.28046375E-02    7117.6400
  2.4500000       0.28199836E-01   0.31863337E-02    7117.6400
  2.5000000       0.42320144E-02   0.27743886E-02    7117.6400
  2.5500000      -0.14269124E-01   0.21658653E-02    7117.6400
  2.6000000      -0.24394282E-01   0.26766309E-02    7117.6400
  2.6500000      -0.37299746E-01   0.24477017E-02    7117.6400
  2.7000000      -0.53101022E-01   0.18661661E-02    7117.6400
  2.7500000      -0.57936048E-01   0.18102509E-02    7117.6400
  2.8000000      -0.68941158E-01   0.18235170E-02    7117.6400
  2.8500000      -0.69713988E-01   0.18636937E-02    7117.6400
  2.9000000      -0.91368389E-01   0.18944197E-02    7117.6400
  2.9500000      -0.96131045E-01   0.19043032E-02    7117.6400
  3.0000000      -0.10889832       0.20972980E-02    7117.6400
  3.0500000      -0.11891134       0.20401230E-02    7117.6400
  3.1000000      -0.13031849       0.17356727E-02    7117.6400
  3.1500000      -0.13999733       0.19385478E-02    7117.6400
  3.2000000      -0.14241173       0.19487561E-02    7117.6400
  3.2500000      -0.13757419       0.19408481E-02    7117.6400
  3.3000000      -0.14320815       0.20289044E-02    7117.6400
  3.3500000      -0.14077890       0.20382436E-02    7117.6400
  3.4000000      -0.13395685       0.19611767E-02    7117.6400
  3.4500000      -0.12236930       0.24525601E-02    7117.6400
  3.5000000      -0.10727011       0.26456538E-02    7117.6400
  3.5500000      -0.98165672E-01   0.21098429E-02    7117.6400
  3.6000000      -0.81532890E-01   0.20205313E-02    7117.6400
  3.6500000      -0.67695873E-01   0.19801958E-02    7117.6400
  3.7000000      -0.55287478E-01   0.19369847E-02    7117.6400
  3.7500000      -0.34038762E-01   0.20813473E-02    7117.6400
  3.8000000      -0.24869552E-01   0.23096631E-02    7117.6400
  3.8500000      -0.14208195E-01   0.23468567E-02    7117.6400
  3.9000000       0.27059185E-02   0.18638958E-02    7117.6400
  3.9500000       0.15768065E-01   0.19324924E-02    7117.6400
  4.0000000       0.25331589E-01   0.19891555E-02    7117.6400
  4.0500000       0.39271934E-01   0.20559176E-02    7117.6400
  4.1000000       0.57033121E-01   0.21859869E-02    7117.6400
  4.1500000       0.54406134E-01   0.22359334E-02    7117.6400
  4.2000000       0.64181955E-01   0.21060105E-02    7117.6400
  4.2500000       0.71869323E-01   0.19463698E-02    7117.6400
  4.3000000       0.75181982E-01   0.18923547E-02    7117.6400
  4.3500000       0.78422323E-01   0.18935799E-02    7117.6400
  4.4000000       0.73757064E-01   0.25609170E-02    7117.6400
  4.4500000       0.74592629E-01   0.23839169E-02    7117.6400
  4.5000000       0.69171686E-01   0.22895304E-02    7117.6400
  4.5500000       0.69119290E-01   0.21314351E-02    7117.6400
  4.6000000       0.66260067E-01   0.17099503E-02    7117.6400
  4.6500000       0.55021615E-01   0.16991563E-02    7117.6400
  4.7000000       0.51079339E-01   0.19270189E-02    7117.6400
  4.7500000       0.48724896E-01   0.21548815E-02    7117.6400
  4.8000000       0.36349087E-01   0.22366146E-02    7117.6400
  4.8500000       0.15183962E-01   0.22932256E-02    7117.6400
  4.9000000       0.31453620E-01   0.23202527E-02    7117.6400
  4.9500000      -0.21189218E-02   0.23289010E-02    7117.6400
  5.0000000       0.31824765E-02   0.23581710E-02    7117.6400
  5.0500000      -0.73232546E-02   0.24104502E-02    7117.6400
  5.1000000      -0.23750513E-01   0.23694404E-02    7117.6400
  5.1500000      -0.26661945E-01   0.22302245E-02    7117.6400
  5.2000000      -0.32548134E-01   0.22549461E-02    7117.6400
  5.2500000      -0.43723276E-01   0.24508725E-02    7117.6400
  5.3000000      -0.50200887E-01   0.24671577E-02    7117.6400
  5.3500000      -0.50265390E-01   0.22590317E-02    7117.6400
  5.4000000      -0.49544144E-01   0.22086552E-02    7117.6400
  5.4500000      -0.49018980E-01   0.23681095E-02    7117.6400
  5.5000000      -0.45231007E-01   0.25179696E-02    7117.6400
  5.5500000      -0.39590023E-01   0.26574145E-02    7117.6400
  5.6000000      -0.37685417E-01   0.24814111E-02    7117.6400
  5.6500000      -0.37110872E-01   0.21084591E-02    7117.6400
  5.7000000      -0.32482376E-01   0.33647193E-02    7117.6400
  5.7500000      -0.25853102E-01   0.51243614E-02    7117.6400
  5.8000000      -0.20831559E-01   0.40181237E-02    7117.6400
  5.8500000      -0.13095830E-01   0.27806841E-02    7117.6400
  5.9000000       0.16146999E-02   0.24253677E-02    7117.6400
  5.9500000       0.12590591E-01   0.22138898E-02    7117.6400
  6.0000000       0.16058777E-01   0.24900671E-02    7117.6400
  6.0500000       0.17791151E-01   0.29254377E-02    7117.6400
  6.1000000       0.20358727E-01   0.34954728E-02    7117.6400
  6.1500000       0.28319939E-01   0.28195206E-02    7117.6400
  6.2000000       0.35795943E-01   0.21311938E-02    7117.6400
  6.2500000       0.36889838E-01   0.21420507E-02    7117.6400
  6.3000000       0.37556362E-01   0.22026838E-02    7117.6400
  6.3500000       0.39463687E-01   0.23159694E-02    7117.6400
  6.4000000       0.41235399E-01   0.28089698E-02    7117.6400
  6.4500000       0.40396586E-01   0.32971084E-02    7117.6400
  6.5000000       0.34942993E-01   0.29235993E-02    7117.6400
  6.5500000       0.33108005E-01   0.25705004E-02    7117.6400
  6.6000000       0.32040191E-01   0.22370408E-02    7117.6400
  6.6500000       0.19105929E-01   0.24229095E-02    7117.6400
  6.7000000       0.90421701E-02   0.25378308E-02    7117.6400
  6.7500000       0.70770733E-02   0.25101866E-02    7117.6400
  6.8000000       0.23346183E-02   0.31328050E-02    7117.6400
  6.8500000      -0.14597203E-02   0.34693112E-02    7117.6400
  6.9000000      -0.39033023E-03   0.24942189E-02    7117.6400
  6.9500000      -0.25214782E-02   0.42249161E-02    7117.6400
  7.0000000      -0.73223924E-02   0.62024504E-02    7117.6400
  7.0500000      -0.12497936E-01   0.48713433E-02    7117.6400
  7.1000000      -0.14922346E-01   0.33725142E-02    7117.6400
  7.1500000      -0.14224303E-01   0.24283502E-02    7117.6400
  7.2000000      -0.11437740E-01   0.30892515E-02    7117.6400
  7.2500000      -0.14521864E-01   0.29834504E-02    7117.6400
  7.3000000      -0.17155894E-01   0.27617201E-02    7117.6400
  7.3500000      -0.14651672E-01   0.28179196E-02    7117.6400
  7.4000000      -0.16842486E-01   0.27756458E-02    7117.6400
  7.4500000      -0.17950276E-01   0.31408592E-02    7117.6400
  7.5000000      -0.16781605E-01   0.38548063E-02    7117.6400
  7.5500000      -0.17369416E-01   0.41268061E-02    7117.6400
  7.6000000      -0.17403772E-01   0.39031121E-02    7117.6400
  7.6500000      -0.16983823E-01   0.34166220E-02    7117.6400
  7.7000000      -0.16816823E-01   0.27673294E-02    7117.6400
  7.7500000      -0.15813722E-01   0.45383892E-02    7117.6400
  7.8000000      -0.13372982E-01   0.42931383E-02    7117.6400
  7.8500000      -0.98112301E-02   0.27024369E-02    7117.6400
  7.9000000      -0.62861251E-02   0.31973430E-02    7117.6400
  7.9500000      -0.57800029E-02   0.42256646E-02    7117.6400
  8.0000000      -0.33436103E-02   0.58711114E-02    7117.6400
  8.0500000       0.99779114E-03   0.68970389E-02    7117.6400
  8.1000000       0.25301163E-02   0.47129966E-02    7117.6400
  8.1500000       0.45398246E-02   0.30520761E-02    7117.6400
  8.2000000       0.72572146E-02   0.30395166E-02    7117.6400
  8.2500000       0.94932551E-02   0.32130711E-02    7117.6400
  8.3000000       0.10388190E-01   0.27406583E-02    7117.6400
  8.3500000       0.10923470E-01   0.31577988E-02    7117.6400
  8.4000000       0.11452974E-01   0.46722127E-02    7117.6400
  8.4500000       0.78984721E-02   0.42782118E-02    7117.6400
  8.5000000       0.43655816E-02   0.34397862E-02    7117.6400
  8.5500000       0.56860986E-02   0.43714442E-02    7117.6400
  8.6000000       0.41173970E-02   0.35500586E-02    7117.6400
  8.6500000       0.89912244E-02   0.38459655E-02    7117.6400
  8.7000000       0.93482122E-02   0.35825331E-02    7117.6400
  8.7500000       0.78341311E-02   0.33217707E-02    7117.6400
  8.8000000       0.55787472E-02   0.34233838E-02    7117.6400
  8.8500000      -0.53236999E-02   0.39872207E-02    7117.6400
  8.9000000      -0.24790904E-02   0.62265113E-02    7117.6400
  8.9500000      -0.11826441E-03   0.62909843E-02    7117.6400
  9.0000000       0.18693298E-02   0.42971575E-02    7117.6400
  9.0500000      -0.47153837E-02   0.36079987E-02    7117.6400
  9.1000000      -0.12201151E-01   0.37357061E-02    7117.6400
  9.1500000      -0.90118385E-02   0.33731748E-02    7117.6400
  9.2000000      -0.12332141E-01   0.33387062E-02    7117.6400
  9.2500000      -0.32355953E-02   0.47098623E-02    7117.6400
  9.3000000      -0.13955561E-01   0.37094174E-02    7117.6400
  9.3500000      -0.13167707E-01   0.36063863E-02    7117.6400
  9.4000000      -0.93148980E-02   0.39428857E-02    7117.6400
  9.4500000      -0.46156544E-02   0.39460680E-02    7117.6400
  9.5000000      -0.45988721E-02   0.36031525E-02    7117.6400
  9.5500000      -0.71415922E-02   0.36027419E-02    7117.6400
  9.6000000      -0.15827929E-02   0.40939494E-02    7117.6400
  9.6500000      -0.80053993E-02   0.42719076E-02    7117.6400
  9.7000000       0.75602532E-03   0.42645549E-02    7117.6400
  9.7500000      -0.15081437E-02   0.36098168E-02    7117.6400
  9.8000000       0.23655727E-02   0.43199211E-02    7117.6400
  9.8500000      -0.76659975E-03   0.60964339E-02    7117.6400
  9.9000000       0.26567657E-02   0.44944974E-02    7117.6400
  9.9500000      -0.20787000E-02   0.49624801E-02    7117.6400
  10.000000       0.50234010E-02   0.37349434E-02    7117.6400
  10.050000       0.44618035E-02   0.53455350E-02    7117.6400
  10.100000       0.87245585E-02   0.66152249E-02    7117.6400
  10.150000       0.14462144E-01   0.61065536E-02    7117.6400
  10.200000       0.15029221E-01   0.61497498E-02    7117.6400
  10.250000       0.11311644E-01   0.60694823E-02    7117.6400
  10.300000       0.96526635E-02   0.49884727E-02    7117.6400
  10.350000       0.10439008E-01   0.45747476E-02    7117.6400
  10.400000       0.68775662E-02   0.50946687E-02    7117.6400
  10.450000       0.12080515E-01   0.56734783E-02    7117.6400
  10.500000       0.15403048E-01   0.61465431E-02    7117.6400
  10.550000       0.11118453E-01   0.80432933E-02    7117.6400
  10.600000       0.90229592E-02   0.72750944E-02    7117.6400
  10.650000       0.98878717E-02   0.54028281E-02    7117.6400
  10.700000       0.63075209E-02   0.64615353E-02    7117.6400
  10.750000       0.27496701E-03   0.64805585E-02    7117.6400
  10.800000      -0.42444718E-02   0.54273529E-02    7117.6400
  10.850000       0.10640954E-02   0.49551759E-02    7117.6400
  10.900000       0.37334398E-02   0.58749731E-02    7117.6400
  10.950000      -0.10274024E-02   0.66661853E-02    7117.6400
  11.000000       0.28297564E-02   0.60130849E-02    7117.6400
  11.050000       0.67123640E-03   0.71739905E-02    7117.6400
  11.100000       0.60540719E-02   0.71075639E-02    7117.6400
  11.150000      -0.29142560E-02   0.83989398E-02    7117.6400
  11.200000       0.33297809E-02   0.62379696E-02    7117.6400
  11.250000      -0.50400226E-02   0.47437284E-02    7117.6400
  11.300000       0.48332614E-02   0.57999216E-02    7117.6400
  11.350000      -0.61100021E-02   0.66811796E-02    7117.6400
  11.400000       0.73192898E-02   0.73834514E-02    7117.6400
  11.450000       0.99106464E-03   0.70198041E-02    7117.6400
  11.500000      -0.71016032E-02   0.59390681E-02    7117.6400
  11.550000       0.20426361E-02   0.63518257E-02    7117.6400
  11.600000       0.61809262E-02   0.78587047E-02    7117.6400
  11.650000       0.19393950E-02   0.83002870E-02    7117.6400
  11.700000       0.28325949E-02   0.74927147E-02    7117.6400
  11.750000       0.33740288E-02   0.68707039E-02    7117.6400
  11.800000      -0.30390102E-02   0.83851210E-02    7117.6400
  11.850000       0.39938822E-02   0.73226455E-02    7117.6400
  11.900000      -0.42696294E-02   0.65059104E-02    7117.6400
  11.950000      -0.46691429E-02   0.82065059E-02    7117.6400
  12.000000      -0.38014505E-02   0.10083716E-01    7117.6400
  12.050000      -0.10645001E-01   0.75225438E-02    7117.6400
  12.100000      -0.89445564E-02   0.11868465E-01    7117.6400
  12.150000      -0.19816463E-01   0.10197428E-01    7117.6400
  12.200000      -0.10127639E-01   0.10830625E-01    7117.6400
  12.250000      -0.99076386E-02   0.10414363E-01    7117.6400
  12.300000      -0.71171911E-02   0.13273799E-01    7117.6400
  12.350000      -0.60659797E-02   0.11944128E-01    7117.6400
  12.400000      -0.96043942E-02   0.17340867E-01    7117.6400
  12.450000      -0.60754739E-02   0.13361596E-01    7117.6400
  12.500000      -0.12564609E-01   0.15914840E-01    7117.6400
  12.550000      -0.26929888E-01   0.13315900E-01    7117.6400
  12.600000      -0.38351405E-02   0.13995980E-01    7117.6400
  12.650000      -0.76009173E-03   0.16794977E-01    7117.6400
  12.700000      -0.17235745E-02   0.19991940E-01    7117.6400
  12.750000       0.31053945E-02   0.22249809E-01    7117.6400
  12.800000       0.55459043E-02   0.27383982E-01    7117.6400
  12.850000       0.38636102E-02   0.28085887E-01    7117.6400
  12.900000       0.40538238E-02   0.25278169E-01    7117.6400
  12.950000       0.41361132E-02   0.35182512E-01    7117.6400
  13.000000      -0.23293116E-02   0.50876156E-01    7117.6400
  13.050000       0.40827388E-02   0.50053502E-01    7117.6400
  13.100000       0.49244377E-02   0.12999690        7117.6400
  13.150000       0.16351334E-02   0.13022117        7117.6400
  13.200000       0.22716372E-02   0.35022130        7117.6400
  13.250000       0.61675870E-02  -0.39345290        7117.6400
  13.300000       0.11736673E-03  -0.25553506        7117.6400
  13.350000       0.55866826E-02  -0.10195445        7117.6400
  13.400000       0.68361628E-03  -0.62565173E-01    7117.6400
  13.450000       0.49765104E-02  -0.62696470E-01    7117.6400
  13.500000       0.71007188E-02  -0.69995026E-01    7117.6400
  13.550000       0.46478229E-02  -0.37057614E-01    7117.6400
  13.600000       0.52958173E-02  -0.29335295E-01    7117.6400
  13.650000       0.34961966E-02  -0.38596333E-01    7117.6400
  13.700000       0.45172284E-02  -0.22649784E-01    7117.6400
  13.750000       0.70408167E-02  -0.23704621E-01    7117.6400
  13.800000       0.76443524E-02  -0.34213857E-01    7117.6400
  13.850000       0.54008345E-02  -0.15679274E-01    7117.6400
  13.900000       0.80377321E-02  -0.17727993E-01    7117.6400
  13.950000       0.83819158E-02  -0.16440796E-01    7117.6400
  14.000000      -0.20923181E-02  -0.11963521E-01    7117.6400
  14.050000       0.11213365E-03  -0.15324505E-01    7117.6400
  14.100000       0.55214264E-03  -0.13870234E-01    7117.6400
  14.150000      -0.77937794E-03  -0.10242893E-01    7117.6400
  14.200000       0.10820597E-03  -0.18008464E-01    7117.6400
  14.250000      -0.99543340E-04  -0.20432985E-01    7117.6400
  14.300000      -0.16698553E-02  -0.16580750E-01    7117.6400
  14.350000       0.61502050E-02  -0.13894660E-01    7117.6400
  14.400000       0.85596184E-02  -0.19123988E-01    7117.6400
  14.450000       0.45045192E-02  -0.15076891E-01    7117.6400
  14.500000       0.52818875E-02  -0.11519005E-01    7117.6400
  14.550000      -0.35184840E-03  -0.12186723E-01    7117.6400
  14.600000       0.56518351E-03  -0.97016167E-02    7117.6400
  14.650000       0.18026979E-02  -0.63087496E-02    7117.6400
  14.700000      -0.72251950E-02  -0.81531666E-02    7117.6400
  14.750000      -0.80180985E-03  -0.99975836E-02    7117.6400
  14.800000       0.17672985E-04  -0.11842001E-01    7117.6400
  14.850000      -0.27496079E-02  -0.12709991E-01    7117.6400
  14.900000      -0.71085555E-02  -0.12471799E-01    7117.6400
  14.950000      -0.11680485E-01  -0.12233607E-01    7117.6400
  15.000000      -0.13423844E-01  -0.47508159E-02    7117.6400
  15.050000      -0.12118942E-01  -0.97401407E-02    7117.6400
  15.100000      -0.10814040E-01  -0.81527983E-02    7117.6400
  15.150000      -0.16830327E-01  -0.65654558E-02    7117.6400
