#------------------------
#   k         chi         dchi         e0
  0.0000000     	-5.408825E-01   0.12954115E-02    7117.6400
  0.50000000E-01	-5.517254E-01    0.14370688E-02    7117.6400
  0.10000000    	-5.625682E-01    0.15787261E-02    7117.6400
  0.15000000    	-5.734110E-01    0.17203835E-02    7117.6400
  0.20000000    	-5.842538E-01    0.18620408E-02    7117.6400
  0.25000000    	-5.950967E-01    0.20036981E-02    7117.6400
  0.30000000    	-6.059395E-01    0.21453554E-02    7117.6400
  0.35000000    	-6.167823E-01    0.22870128E-02    7117.6400
  0.40000000    	-6.276251E-01    0.24286701E-02    7117.6400
  0.45000000    	-6.384680E-01    0.25703274E-02    7117.6400
  0.50000000    	-6.197770E-01    0.27119847E-02    7117.6400
  0.55000000    	-5.975422E-01    0.26862315E-02    7117.6400
  0.60000000    	-5.753073E-01    0.25298639E-02    7117.6400
  0.65000000    	-5.524860E-01    0.23734963E-02    7117.6400
  0.70000000    	-5.153300E-01    0.22212111E-02    7117.6400
  0.75000000    	-4.781739E-01    0.21655078E-02    7117.6400
  0.80000000    	-4.416915E-01    0.21098046E-02    7117.6400
  0.85000000    	-4.064085E-01    0.20641087E-02    7117.6400
  0.90000000    	-3.714356E-01    0.20924460E-02    7117.6400
  0.95000000    	-3.437365E-01    0.21207833E-02    7117.6400
  1.0000000     	-3.244797E-01   0.20638210E-02    7117.6400
  1.0500000     	-3.210459E-01   0.19950495E-02    7117.6400
  1.1000000     	-3.234815E-01   0.21459236E-02    7117.6400
  1.1500000     	-3.226011E-01   0.23357851E-02    7117.6400
  1.2000000     	-3.145738E-01   0.23064564E-02    7117.6400
  1.2500000     	-2.938228E-01   0.23499859E-02    7117.6400
  1.3000000     	-2.653745E-01   0.27264968E-02    7117.6400
  1.3500000     	-2.295497E-01   0.21858824E-02    7117.6400
  1.4000000     	-1.819664E-01   0.27649861E-02    7117.6400
  1.4500000     	-1.308270E-01   0.23073033E-02    7117.6400
  1.5000000     	-7.820104E-02   0.19224012E-02    7117.6400
  1.5500000     	-1.961130E-02   0.17252715E-02    7117.6400
  1.6000000     	3.216871E-02    0.17440252E-02    7117.6400
  1.6500000     	8.227460E-02    0.18554821E-02    7117.6400
  1.7000000     	1.387849E-01    0.22543885E-02    7117.6400
  1.7500000     	1.937362E-01    0.24683224E-02    7117.6400
  1.8000000     	2.550835E-01    0.22178441E-02    7117.6400
  1.8500000     	3.054957E-01    0.17658092E-02    7117.6400
  1.9000000     	3.649095E-01    0.17956333E-02    7117.6400
  1.9500000     	4.295769E-01    0.19873704E-02    7117.6400
  2.0000000     	4.639014E-01    0.22116225E-02    7117.6400
  2.0500000     	4.753634E-01    0.24871224E-02    7117.6400
  2.1000000     	4.544309E-01    0.21580929E-02    7117.6400
  2.1500000     	4.210296E-01    0.13962033E-02    7117.6400
  2.2000000     	3.579870E-01    0.23264775E-02    7117.6400
  2.2500000     	2.742217E-01    0.27770290E-02    7117.6400
  2.3000000     	1.923976E-01    0.31475280E-02    7117.6400
  2.3500000     	1.174921E-01    0.28532684E-02    7117.6400
  2.4000000     	7.634398E-02    0.28046375E-02    7117.6400
  2.4500000     	2.819984E-02    0.31863337E-02    7117.6400
  2.5000000     	4.232014E-03    0.27743886E-02    7117.6400
  2.5500000     	-1.426912E-02   0.21658653E-02    7117.6400
  2.6000000     	-2.439428E-02   0.26766309E-02    7117.6400
  2.6500000     	-3.729975E-02   0.24477017E-02    7117.6400
  2.7000000     	-5.310102E-02   0.18661661E-02    7117.6400
  2.7500000     	-5.793605E-02   0.18102509E-02    7117.6400
  2.8000000     	-6.894116E-02   0.18235170E-02    7117.6400
  2.8500000     	-6.971399E-02   0.18636937E-02    7117.6400
  2.9000000     	-9.136839E-02   0.18944197E-02    7117.6400
  2.9500000     	-9.613105E-02   0.19043032E-02    7117.6400
  3.0000000     	-1.088983E-01   0.20972980E-02    7117.6400
  3.0500000     	-1.189113E-01   0.20401230E-02    7117.6400
  3.1000000     	-1.303185E-01   0.17356727E-02    7117.6400
  3.1500000     	-1.399973E-01   0.19385478E-02    7117.6400
  3.2000000     	-1.424117E-01   0.19487561E-02    7117.6400
  3.2500000     	-1.375742E-01   0.19408481E-02    7117.6400
  3.3000000     	-1.432082E-01   0.20289044E-02    7117.6400
  3.3500000     	-1.407789E-01   0.20382436E-02    7117.6400
  3.4000000     	-1.339569E-01   0.19611767E-02    7117.6400
  3.4500000     	-1.223693E-01   0.24525601E-02    7117.6400
  3.5000000     	-1.072701E-01   0.26456538E-02    7117.6400
  3.5500000     	-9.816567E-02   0.21098429E-02    7117.6400
  3.6000000     	-8.153289E-02   0.20205313E-02    7117.6400
  3.6500000     	-6.769587E-02   0.19801958E-02    7117.6400
  3.7000000     	-5.528748E-02   0.19369847E-02    7117.6400
  3.7500000     	-3.403876E-02   0.20813473E-02    7117.6400
  3.8000000     	-2.486955E-02   0.23096631E-02    7117.6400
  3.8500000     	-1.420820E-02   0.23468567E-02    7117.6400
  3.9000000     	2.705919E-03    0.18638958E-02    7117.6400
  3.9500000     	1.576807E-02    0.19324924E-02    7117.6400
  4.0000000     	2.533159E-02    0.19891555E-02    7117.6400
  4.0500000     	3.927193E-02    0.20559176E-02    7117.6400
  4.1000000     	5.703312E-02    0.21859869E-02    7117.6400
  4.1500000     	5.440613E-02    0.22359334E-02    7117.6400
  4.2000000     	6.418196E-02    0.21060105E-02    7117.6400
  4.2500000     	7.186932E-02    0.19463698E-02    7117.6400
  4.3000000     	7.518198E-02    0.18923547E-02    7117.6400
  4.3500000     	7.842232E-02    0.18935799E-02    7117.6400
  4.4000000     	7.375706E-02    0.25609170E-02    7117.6400
  4.4500000     	7.459263E-02    0.23839169E-02    7117.6400
  4.5000000     	6.917169E-02    0.22895304E-02    7117.6400
  4.5500000     	6.911929E-02    0.21314351E-02    7117.6400
  4.6000000     	6.626007E-02    0.17099503E-02    7117.6400
  4.6500000     	5.502162E-02    0.16991563E-02    7117.6400
  4.7000000     	5.107934E-02    0.19270189E-02    7117.6400
  4.7500000     	4.872490E-02    0.21548815E-02    7117.6400
  4.8000000     	3.634909E-02    0.22366146E-02    7117.6400
  4.8500000     	1.518396E-02    0.22932256E-02    7117.6400
  4.9000000     	3.145362E-02    0.23202527E-02    7117.6400
  4.9500000     	-2.118922E-03   0.23289010E-02    7117.6400
  5.0000000     	3.182477E-03    0.23581710E-02    7117.6400
  5.0500000     	-7.323255E-03   0.24104502E-02    7117.6400
  5.1000000     	-2.375051E-02   0.23694404E-02    7117.6400
  5.1500000     	-2.666195E-02   0.22302245E-02    7117.6400
  5.2000000     	-3.254813E-02   0.22549461E-02    7117.6400
  5.2500000     	-4.372328E-02   0.24508725E-02    7117.6400
  5.3000000     	-5.020089E-02   0.24671577E-02    7117.6400
  5.3500000     	-5.026539E-02   0.22590317E-02    7117.6400
  5.4000000     	-4.954414E-02   0.22086552E-02    7117.6400
  5.4500000     	-4.901898E-02   0.23681095E-02    7117.6400
  5.5000000     	-4.523101E-02   0.25179696E-02    7117.6400
  5.5500000     	-3.959002E-02   0.26574145E-02    7117.6400
  5.6000000     	-3.768542E-02   0.24814111E-02    7117.6400
  5.6500000     	-3.711087E-02   0.21084591E-02    7117.6400
  5.7000000     	-3.248238E-02   0.33647193E-02    7117.6400
  5.7500000     	-2.585310E-02   0.51243614E-02    7117.6400
  5.8000000     	-2.083156E-02   0.40181237E-02    7117.6400
  5.8500000     	-1.309583E-02   0.27806841E-02    7117.6400
  5.9000000     	1.614700E-03    0.24253677E-02    7117.6400
  5.9500000     	1.259059E-02    0.22138898E-02    7117.6400
  6.0000000     	1.605878E-02    0.24900671E-02    7117.6400
  6.0500000     	1.779115E-02    0.29254377E-02    7117.6400
  6.1000000     	2.035873E-02    0.34954728E-02    7117.6400
  6.1500000     	2.831994E-02    0.28195206E-02    7117.6400
  6.2000000     	3.579594E-02    0.21311938E-02    7117.6400
  6.2500000     	3.688984E-02    0.21420507E-02    7117.6400
  6.3000000     	3.755636E-02    0.22026838E-02    7117.6400
  6.3500000     	3.946369E-02    0.23159694E-02    7117.6400
  6.4000000     	4.123540E-02    0.28089698E-02    7117.6400
  6.4500000     	4.039659E-02    0.32971084E-02    7117.6400
  6.5000000     	3.494299E-02    0.29235993E-02    7117.6400
  6.5500000     	3.310801E-02    0.25705004E-02    7117.6400
  6.6000000     	3.204019E-02    0.22370408E-02    7117.6400
  6.6500000     	1.910593E-02    0.24229095E-02    7117.6400
  6.7000000     	9.042170E-03    0.25378308E-02    7117.6400
  6.7500000     	7.077073E-03    0.25101866E-02    7117.6400
  6.8000000     	2.334618E-03    0.31328050E-02    7117.6400
  6.8500000     	-1.459720E-03   0.34693112E-02    7117.6400
  6.9000000     	-3.903302E-04   0.24942189E-02    7117.6400
  6.9500000     	-2.521478E-03   0.42249161E-02    7117.6400
  7.0000000     	-7.322392E-03   0.62024504E-02    7117.6400
  7.0500000     	-1.249794E-02   0.48713433E-02    7117.6400
  7.1000000     	-1.492235E-02   0.33725142E-02    7117.6400
  7.1500000     	-1.422430E-02   0.24283502E-02    7117.6400
  7.2000000     	-1.143774E-02   0.30892515E-02    7117.6400
  7.2500000     	-1.452186E-02   0.29834504E-02    7117.6400
  7.3000000     	-1.715589E-02   0.27617201E-02    7117.6400
  7.3500000     	-1.465167E-02   0.28179196E-02    7117.6400
  7.4000000     	-1.684249E-02   0.27756458E-02    7117.6400
  7.4500000     	-1.635028E-02   0.31408592E-02    7117.6400
  7.5000000     	-1.278161E-02   0.38548063E-02    7117.6400
  7.5500000     	-1.436942E-02   0.41268061E-02    7117.6400
  7.6000000     	-1.140377E-02   0.39031121E-02    7117.6400
  7.6500000     	-1.298382E-02   0.34166220E-02    7117.6400
  7.7000000     	-6.018168E-03   0.27673294E-02    7117.6400
  7.7500000     	-6.108137E-03   0.45383892E-02    7117.6400
  7.8000000     	-5.337298E-03   0.42931383E-02    7117.6400
  7.8500000     	-1.811230E-03   0.27024369E-02    7117.6400
  7.9000000     	-2.286125E-03   0.31973430E-02    7117.6400
  7.9500000     	-2.780003E-03   0.42256646E-02    7117.6400
  8.0000000     	-1.343610E-03   0.58711114E-02    7117.6400
  8.0500000     	1.977911E-03    0.68970389E-02    7117.6400
  8.1000000     	2.530116E-03    0.47129966E-02    7117.6400
  8.1500000     	4.539825E-03    0.30520761E-02    7117.6400
  8.2000000     	7.257215E-03    0.30395166E-02    7117.6400
  8.2500000     	9.493255E-03    0.32130711E-02    7117.6400
  8.3000000     	1.038819E-02    0.27406583E-02    7117.6400
  8.3500000     	1.092347E-02    0.31577988E-02    7117.6400
  8.4000000     	1.145297E-02    0.46722127E-02    7117.6400
  8.4500000     	7.898472E-03    0.42782118E-02    7117.6400
  8.5000000     	4.365582E-03    0.34397862E-02    7117.6400
  8.5500000     	5.686099E-03    0.43714442E-02    7117.6400
  8.6000000     	4.117397E-03    0.35500586E-02    7117.6400
  8.6500000     	6.091224E-03    0.38459655E-02    7117.6400
  8.7000000     	5.348212E-03    0.35825331E-02    7117.6400
  8.7500000     	4.834131E-03    0.33217707E-02    7117.6400
  8.8000000     	3.578747E-03    0.34233838E-02    7117.6400
  8.8500000     	-5.323700E-03   0.39872207E-02    7117.6400
  8.9000000     	-2.479090E-03   0.62265113E-02    7117.6400
  8.9500000     	-1.182644E-04   0.62909843E-02    7117.6400
  9.0000000     	1.869330E-03    0.42971575E-02    7117.6400
  9.0500000     	-4.715384E-03   0.36079987E-02    7117.6400
  9.1000000     	-1.220115E-02   0.37357061E-02    7117.6400
  9.1500000     	-9.011839E-03   0.33731748E-02    7117.6400
  9.2000000     	-1.233214E-02   0.33387062E-02    7117.6400
  9.2500000     	-3.235595E-03   0.47098623E-02    7117.6400
  9.3000000     	-9.119556E-03   0.37094174E-02    7117.6400
  9.3500000     	-1.316771E-02   0.36063863E-02    7117.6400
  9.4000000     	-9.314898E-03   0.39428857E-02    7117.6400
  9.4500000     	-4.615654E-03   0.39460680E-02    7117.6400
  9.5000000     	-4.598872E-03   0.36031525E-02    7117.6400
  9.5500000     	-7.141592E-03   0.36027419E-02    7117.6400
  9.6000000     	-1.582793E-03   0.40939494E-02    7117.6400
  9.6500000     	-8.005399E-03   0.42719076E-02    7117.6400
  9.7000000     	7.560253E-04    0.42645549E-02    7117.6400
  9.7500000     	-1.508144E-03   0.36098168E-02    7117.6400
  9.8000000     	2.365573E-03    0.43199211E-02    7117.6400
  9.8500000     	-7.665998E-04   0.60964339E-02    7117.6400
  9.9000000     	2.656766E-03    0.44944974E-02    7117.6400
  9.9500000     	-2.078700E-03   0.49624801E-02    7117.6400
  10.000000     	5.023401E-03    0.37349434E-02    7117.6400
  10.050000     	4.461804E-03    0.53455350E-02    7117.6400
  10.100000     	5.724559E-03    0.66152249E-02    7117.6400
  10.150000     	8.144621E-03    0.61065536E-02    7117.6400
  10.200000     	7.150292E-03    0.61497498E-02    7117.6400
  10.250000     	6.113116E-03    0.60694823E-02    7117.6400
  10.300000     	6.652664E-03    0.49884727E-02    7117.6400
  10.350000     	4.104390E-03    0.45747476E-02    7117.6400
  10.400000     	6.877566E-03    0.50946687E-02    7117.6400
  10.450000     	5.120805E-03    0.56734783E-02    7117.6400
  10.500000     	5.540305E-03    0.61465431E-02    7117.6400
  10.550000     	2.111185E-03    0.80432933E-02    7117.6400
  10.600000     	3.902296E-03    0.72750944E-02    7117.6400
  10.650000     	1.988787E-03    0.54028281E-02    7117.6400
  10.700000     	2.307521E-03    0.64615353E-02    7117.6400
  10.750000     	2.749670E-04    0.64805585E-02    7117.6400
  10.800000     	-4.244472E-03   0.54273529E-02    7117.6400
  10.850000     	1.064095E-03    0.49551759E-02    7117.6400
  10.900000     	3.733440E-03    0.58749731E-02    7117.6400
  10.950000     	-1.027402E-03   0.66661853E-02    7117.6400
  11.000000     	2.829756E-03    0.60130849E-02    7117.6400
  11.050000     	6.712364E-04    0.71739905E-02    7117.6400
  11.100000     	2.054072E-03    0.71075639E-02    7117.6400
  11.150000     	-2.914256E-03   0.83989398E-02    7117.6400
  11.200000     	3.329781E-03    0.62379696E-02    7117.6400
  11.250000     	-5.040023E-03   0.47437284E-02    7117.6400
  11.300000     	2.833261E-03    0.57999216E-02    7117.6400
  11.350000     	-6.110002E-03   0.66811796E-02    7117.6400
  11.400000     	2.319290E-03    0.73834514E-02    7117.6400
  11.450000     	9.910646E-04    0.70198041E-02    7117.6400
  11.500000     	-3.101603E-03   0.59390681E-02    7117.6400
  11.550000     	2.042636E-03    0.63518257E-02    7117.6400
  11.600000     	6.180926E-03    0.78587047E-02    7117.6400
  11.650000     	1.939395E-03    0.83002870E-02    7117.6400
  11.700000     	2.832595E-03    0.74927147E-02    7117.6400
  11.750000     	3.374029E-03    0.68707039E-02    7117.6400
  11.800000     	-3.039010E-03   0.83851210E-02    7117.6400
  11.850000     	3.993882E-03    0.73226455E-02    7117.6400
  11.900000     	-1.269629E-03   0.65059104E-02    7117.6400
  11.950000     	-2.669143E-03   0.82065059E-02    7117.6400
  12.000000     	-3.801451E-03   0.10083716E-01    7117.6400
  12.050000     	-3.106450E-03   0.75225438E-02    7117.6400
  12.100000     	-2.944556E-03   0.11868465E-01    7117.6400
  12.150000     	-1.198165E-03   0.10197428E-01    7117.6400
  12.200000     	-5.101276E-03   0.10830625E-01    7117.6400
  12.250000     	-2.907639E-03   0.10414363E-01    7117.6400
  12.300000     	-3.117191E-03   0.13273799E-01    7117.6400
  12.350000     	-6.065980E-03   0.11944128E-01    7117.6400
  12.400000     	-9.604394E-03   0.17340867E-01    7117.6400
  12.450000     	-6.075474E-03   0.13361596E-01    7117.6400
  12.500000     	-1.256461E-02   0.15914840E-01    7117.6400
  12.550000     	-2.692989E-02   0.13315900E-01    7117.6400
  12.600000     	-3.835141E-03   0.13995980E-01    7117.6400
  12.650000     	-7.600917E-04   0.16794977E-01    7117.6400
  12.700000     	-1.723575E-03   0.19991940E-01    7117.6400
  12.750000     	3.105395E-03    0.22249809E-01    7117.6400
  12.800000     	5.545904E-03    0.27383982E-01    7117.6400
  12.850000     	3.863610E-03    0.28085887E-01    7117.6400
  12.900000     	4.053824E-03    0.25278169E-01    7117.6400
  12.950000     	4.136113E-03    0.35182512E-01    7117.6400
  13.000000     	-2.329312E-03   0.50876156E-01    7117.6400
  13.050000     	4.082739E-03    0.50053502E-01    7117.6400
  13.100000     	4.924438E-03    0.12999690        7117.6400
  13.150000     	1.635133E-03    0.13022117        7117.6400
  13.200000     	2.271637E-03    0.35022130        7117.6400
  13.250000     	6.167587E-03   -0.39345290        7117.6400
  13.300000     	1.173667E-04   -0.25553506        7117.6400
  13.350000     	5.586683E-03   -0.10195445        7117.6400
  13.400000     	6.836163E-04   -0.62565173E-01    7117.6400
  13.450000     	4.976510E-03   -0.62696470E-01    7117.6400
  13.500000     	7.100719E-03   -0.69995026E-01    7117.6400
  13.550000     	4.647823E-03   -0.37057614E-01    7117.6400
  13.600000     	5.295817E-03   -0.29335295E-01    7117.6400
  13.650000     	3.496197E-03   -0.38596333E-01    7117.6400
  13.700000     	4.517228E-03   -0.22649784E-01    7117.6400
  13.750000     	7.040817E-03   -0.23704621E-01    7117.6400
  13.800000     	7.644352E-03   -0.34213857E-01    7117.6400
  13.850000     	5.400835E-03   -0.15679274E-01    7117.6400
  13.900000     	8.037732E-03   -0.17727993E-01    7117.6400
  13.950000     	8.381916E-03   -0.16440796E-01    7117.6400
  14.000000         -2.092318E-03  -0.11963521E-01    7117.6400
  14.050000     	1.121337E-04   -0.15324505E-01    7117.6400
  14.100000     	5.521426E-04   -0.13870234E-01    7117.6400
  14.150000     	-7.793779E-04  -0.10242893E-01    7117.6400
  14.200000     	1.082060E-04   -0.18008464E-01    7117.6400
  14.250000     	-9.954334E-05  -0.20432985E-01    7117.6400
  14.300000     	-1.669855E-03  -0.16580750E-01    7117.6400
  14.350000     	6.150205E-03   -0.13894660E-01    7117.6400
  14.400000     	8.559618E-03   -0.19123988E-01    7117.6400
  14.450000     	4.504519E-03   -0.15076891E-01    7117.6400
  14.500000     	5.281888E-03   -0.11519005E-01    7117.6400
  14.550000     	-3.518484E-04  -0.12186723E-01    7117.6400
  14.600000     	5.651835E-04   -0.97016167E-02    7117.6400
  14.650000     	1.802698E-03   -0.63087496E-02    7117.6400
  14.700000     	-7.225195E-03  -0.81531666E-02    7117.6400
  14.750000     	-8.018099E-04  -0.99975836E-02    7117.6400
  14.800000     	1.767299E-05   -0.11842001E-01    7117.6400
  14.850000     	-2.749608E-03  -0.12709991E-01    7117.6400
  14.900000     	-7.108556E-03  -0.12471799E-01    7117.6400
  14.950000     	-1.168049E-02  -0.12233607E-01    7117.6400
  15.000000     	-1.342384E-02  -0.47508159E-02    7117.6400
  15.050000     	-1.211894E-02  -0.97401407E-02    7117.6400
  15.100000     	-1.081404E-02  -0.81527983E-02    7117.6400
  15.150000     	-1.683033E-02  -0.65654558E-02    7117.6400
