#------------------------
#   k         chi         dchi         e0
  0.71652300E-01  -0.13234385E-01   0.79294259E-03    20006.008
  0.36983496       0.38686547E-02   0.67567308E-03    20006.008
  0.51853727       0.17545068E-01   0.56514776E-03    20006.008
  0.63288090       0.25662194E-01   0.50643565E-03    20006.008
  0.72983203       0.31158660E-01   0.43844912E-03    20006.008
  0.81478411       0.31907794E-01   0.36006632E-03    20006.008
  0.89193649       0.28167047E-01   0.32914271E-03    20006.008
  0.96316537       0.21954196E-01   0.55356150E-03    20006.008
  1.0292612       0.12862915E-01   0.52140141E-03    20006.008
  1.0913645      -0.21817214E-03   0.53478582E-03    20006.008
  1.1501221      -0.15340701E-01   0.42750100E-03    20006.008
  1.2007575      -0.29339570E-01   0.31443506E-03    20006.008
  1.2544067      -0.41827999E-01   0.20878166E-03    20006.008
  1.3060294      -0.54340256E-01   0.67165964E-03    20006.008
  1.7391619      -0.38658383E-01   0.59276596E-03    20006.008
  1.7765217      -0.32450994E-01   0.44648673E-03    20006.008
  1.8133636      -0.26938602E-01   0.41488607E-03    20006.008
  1.8493511      -0.23776564E-01   0.39975842E-03    20006.008
  1.8811649      -0.21311628E-01   0.37375163E-03    20006.008
  1.9160008      -0.19869786E-01   0.34839855E-03    20006.008
  1.9499840      -0.19044748E-01   0.32901429E-03    20006.008
  1.9836151      -0.19485632E-01   0.30791553E-03    20006.008
  2.0165748      -0.20300691E-01   0.27960673E-03    20006.008
  2.0491166      -0.20875480E-01   0.24585002E-03    20006.008
  2.0810424      -0.21138475E-01   0.57789325E-03    20006.008
  2.1124873      -0.23346041E-01   0.83353209E-03    20006.008
  2.1434726      -0.23317412E-01   0.78968421E-03    20006.008
  2.1741220      -0.23124738E-01   0.73684077E-03    20006.008
  2.2042441      -0.22194614E-01   0.69347288E-03    20006.008
  2.2339616      -0.20476887E-01   0.63414286E-03    20006.008
  2.2632905      -0.18024484E-01   0.57556094E-03    20006.008
  2.2923444      -0.14227548E-01   0.52394495E-03    20006.008
  2.3181047      -0.10018590E-01   0.44511054E-03    20006.008
  2.3463861      -0.43900688E-02   0.33796131E-03    20006.008
  2.3744277       0.20107870E-02   0.36800730E-03    20006.008
  2.4019546       0.61532802E-02   0.48315785E-03    20006.008
  2.4293575       0.11392513E-01   0.46843519E-03    20006.008
  2.4563640       0.16759897E-01   0.45010615E-03    20006.008
  2.4831693       0.22127574E-01   0.43360937E-03    20006.008
  2.5095091       0.27653892E-01   0.40088066E-03    20006.008
  2.5357554       0.32452141E-01   0.37533361E-03    20006.008
  2.5616456       0.37882965E-01   0.36453482E-03    20006.008
  2.5873657       0.43583000E-01   0.34803715E-03    20006.008
  2.6127472       0.49383516E-01   0.29414962E-03    20006.008
  2.6378857       0.56531168E-01   0.41462149E-03    20006.008
  2.6603169       0.61516415E-01   0.52922115E-03    20006.008
  2.6850124       0.67648507E-01   0.51363652E-03    20006.008
  2.7095679       0.74115558E-01   0.48755122E-03    20006.008
  2.7338211       0.79545191E-01   0.47401266E-03    20006.008
  2.7578623       0.84389276E-01   0.42679744E-03    20006.008
  2.7816968       0.88595930E-01   0.39719685E-03    20006.008
  2.8054110       0.91691557E-01   0.37007882E-03    20006.008
  2.8288474       0.92972907E-01   0.33714497E-03    20006.008
  2.8521719       0.91796556E-01   0.39064074E-03    20006.008
  2.8751506       0.90583150E-01   0.35262574E-03    20006.008
  2.8981049       0.86117101E-01   0.12538424E-02    20006.008
  2.9208022       0.79435508E-01   0.11982182E-02    20006.008
  2.9410888       0.72133998E-01   0.11616161E-02    20006.008
  2.9635357       0.63363609E-01   0.11119887E-02    20006.008
  2.9856630       0.53833307E-01   0.10951326E-02    20006.008
  3.0077795       0.43467425E-01   0.10403581E-02    20006.008
  3.0296608       0.33510252E-01   0.10152858E-02    20006.008
  3.0514607       0.23531774E-01   0.94539525E-03    20006.008
  3.0730331       0.14047239E-01   0.88696331E-03    20006.008
  3.0944563       0.62447018E-02   0.55385652E-03    20006.008
  3.2992484      -0.34278419E-01   0.49581332E-03    20006.008
  3.3192914      -0.34760409E-01   0.79440688E-03    20006.008
  3.3391471      -0.34543406E-01   0.77397285E-03    20006.008
  3.3589541      -0.33837619E-01   0.77256332E-03    20006.008
  3.3766281      -0.31968035E-01   0.77408157E-03    20006.008
  3.3960846      -0.30751765E-01   0.78296323E-03    20006.008
  3.4155643      -0.28519234E-01   0.79323087E-03    20006.008
  3.4348683      -0.26211721E-01   0.78901361E-03    20006.008
  3.4541313      -0.23439105E-01   0.78907838E-03    20006.008
  3.4732230      -0.19745905E-01   0.80670852E-03    20006.008
  3.4922113      -0.16449667E-01   0.70188527E-03    20006.008
  3.6751470       0.12255366E-02   0.39180783E-03    20006.008
  3.6931073       0.11400016E-02   0.89655780E-03    20006.008
  3.7110428      -0.22537951E-03   0.96116302E-03    20006.008
  3.7288320      -0.93282548E-03   0.12954025E-02    20006.008
  3.7447768      -0.25083117E-02   0.15259003E-02    20006.008
  3.7624082      -0.36296217E-02   0.13589241E-02    20006.008
  3.7799583      -0.50323766E-02   0.87195719E-03    20006.008
  3.7974881      -0.61532379E-02   0.87107064E-03    20006.008
  3.8148785      -0.79043358E-02   0.90790672E-03    20006.008
  3.8322503      -0.10049034E-01   0.87464357E-03    20006.008
  3.8494264      -0.11087703E-01   0.36551938E-03    20006.008
  4.0162898      -0.25089781E-01   0.53932731E-03    20006.008
  4.0327477      -0.26070711E-01   0.99150162E-03    20006.008
  4.0475090      -0.25926411E-01   0.94944605E-03    20006.008
  4.0638981      -0.24997901E-01   0.95013410E-03    20006.008
  4.0801664      -0.23587629E-01   0.90365743E-03    20006.008
  4.0963709      -0.21735418E-01   0.91727489E-03    20006.008
  4.1125124      -0.19400042E-01   0.86995332E-03    20006.008
  4.1286468      -0.16597995E-01   0.85004546E-03    20006.008
  4.1446642      -0.13351750E-01   0.84690996E-03    20006.008
  4.1606755      -0.94907257E-02   0.81597699E-03    20006.008
  4.1749903      -0.47336987E-02   0.60086948E-03    20006.008
  4.3294773       0.39527254E-01   0.88994797E-03    20006.008
  4.3447120       0.41421397E-01   0.11574125E-02    20006.008
  4.3599988       0.43721048E-01   0.11416386E-02    20006.008
  4.3751809       0.45503423E-01   0.11359312E-02    20006.008
  4.3903631       0.46058830E-01   0.11067647E-02    20006.008
  4.4054421       0.46650906E-01   0.10208874E-02    20006.008
  4.4189750       0.46663680E-01   0.10266063E-02    20006.008
  4.4339582       0.45593047E-01   0.10314265E-02    20006.008
  4.4488916       0.43865663E-01   0.98413146E-03    20006.008
  4.4638270       0.42315294E-01   0.10304286E-02    20006.008
  4.4786623       0.39217441E-01   0.62388197E-03    20006.008
  4.6231574      -0.79806703E-02   0.59437712E-03    20006.008
  4.6360646      -0.12693894E-01   0.86708446E-03    20006.008
  4.6503102      -0.16269197E-01   0.87000738E-03    20006.008
  4.6646107      -0.18424612E-01   0.84919023E-03    20006.008
  4.6788196      -0.20717965E-01   0.84458363E-03    20006.008
  4.6930348      -0.22846899E-01   0.86321731E-03    20006.008
  4.7071593      -0.24167855E-01   0.86534861E-03    20006.008
  4.7212422      -0.25246554E-01   0.86215574E-03    20006.008
  4.7338865      -0.25933128E-01   0.86967827E-03    20006.008
  4.7478916      -0.25661128E-01   0.85080385E-03    20006.008
  4.7619041      -0.24524942E-01   0.91980612E-03    20006.008
  4.8981866      -0.13000449E-01   0.81308366E-03    20006.008
  4.9117314      -0.13391943E-01   0.89614446E-03    20006.008
  4.9238952      -0.12611886E-01   0.90885278E-03    20006.008
  4.9373709      -0.11886833E-01   0.92184497E-03    20006.008
  4.9508106      -0.11568876E-01   0.89470815E-03    20006.008
  4.9642606      -0.11321011E-01   0.88732146E-03    20006.008
  4.9776290      -0.11121285E-01   0.88378595E-03    20006.008
  4.9910081      -0.10635355E-01   0.88716719E-03    20006.008
  5.0042608      -0.10040855E-01   0.87824910E-03    20006.008
  5.0162045      -0.96123332E-02   0.87927351E-03    20006.008
  5.0294829      -0.85423620E-02   0.85353634E-03    20006.008
  5.1587865      -0.35390203E-02   0.71184789E-03    20006.008
  5.1717061      -0.27539237E-02   0.88199184E-03    20006.008
  5.1832715      -0.24751297E-02   0.90215454E-03    20006.008
  5.1960875      -0.10791558E-02   0.87032402E-03    20006.008
  5.2088727      -0.17828845E-03   0.87411055E-03    20006.008
  5.2216272       0.91567873E-03   0.86183894E-03    20006.008
  5.2343949       0.26042257E-02   0.87422462E-03    20006.008
  5.2470887       0.41868814E-02   0.86239263E-03    20006.008
  5.2585352       0.60939963E-02   0.87196175E-03    20006.008
  5.2711721       0.78742661E-02   0.85931901E-03    20006.008
  5.2837794       0.92987933E-02   0.92581007E-03    20006.008
  5.4071287       0.31587813E-01   0.11284109E-02    20006.008
  5.4182023       0.33309767E-01   0.99248905E-03    20006.008
  5.4305178       0.35142400E-01   0.10224889E-02    20006.008
  5.4427641       0.36337231E-01   0.10178305E-02    20006.008
  5.4550254       0.37152283E-01   0.99961955E-03    20006.008
  5.4671762       0.38138360E-01   0.10203502E-02    20006.008
  5.4793841       0.38730706E-01   0.10399612E-02    20006.008
  5.4903153       0.38819137E-01   0.10025563E-02    20006.008
  5.5024315       0.38618858E-01   0.10197358E-02    20006.008
  5.5145632       0.37472734E-01   0.10011332E-02    20006.008
  5.5266276       0.37126434E-01   0.90030255E-03    20006.008
  5.6436552       0.20193478E-01   0.65969512E-03    20006.008
  5.6554507       0.17808127E-01   0.85868451E-03    20006.008
  5.6672222       0.15412772E-01   0.84310869E-03    20006.008
  5.6789700       0.12795928E-01   0.85683884E-03    20006.008
  5.6895267       0.10890704E-01   0.86782634E-03    20006.008
  5.7012698       0.79076736E-02   0.88232618E-03    20006.008
  5.7129493       0.51546339E-02   0.90911867E-03    20006.008
  5.7246056       0.25340005E-02   0.91780849E-03    20006.008
  5.7362388       0.27027947E-03   0.92711204E-03    20006.008
  5.7466930      -0.21984327E-02   0.94156180E-03    20006.008
  5.7583224      -0.41458993E-02   0.10090911E-02    20006.008
  5.8708067      -0.26531373E-01   0.68484882E-03    20006.008
  5.8821971      -0.28077073E-01   0.86159483E-03    20006.008
  5.8935272      -0.29490013E-01   0.84120312E-03    20006.008
  5.9048750      -0.30524389E-01   0.84539940E-03    20006.008
  5.9161241      -0.31351672E-01   0.82340721E-03    20006.008
  5.9274298      -0.32035117E-01   0.84898158E-03    20006.008
  5.9375561      -0.32790581E-01   0.85825575E-03    20006.008
  5.9487836      -0.33078519E-01   0.86743038E-03    20006.008
  5.9600290      -0.33384395E-01   0.84986800E-03    20006.008
  5.9711769      -0.33689346E-01   0.84919828E-03    20006.008
  5.9823814      -0.33083679E-01   0.70678398E-03    20006.008
  6.0908383      -0.34976959E-01   0.52975941E-03    20006.008
  6.1007008      -0.35537192E-01   0.90316042E-03    20006.008
  6.1116744      -0.35526279E-01   0.91618419E-03    20006.008
  6.1225915      -0.34925335E-01   0.91346575E-03    20006.008
  6.1335271      -0.34593517E-01   0.88710807E-03    20006.008
  6.1444064      -0.33866615E-01   0.87734408E-03    20006.008
  6.1541856      -0.33530619E-01   0.85605334E-03    20006.008
  6.1650295      -0.32737602E-01   0.83105785E-03    20006.008
  6.1758550      -0.32372206E-01   0.82686414E-03    20006.008
  6.1866991      -0.30968148E-01   0.78973946E-03    20006.008
  6.1974879      -0.29668131E-01   0.56154292E-03    20006.008
  6.2071858      -0.28264858E-01   0.87113568E-03    20006.008
  6.3119272      -0.11311246E-01   0.59814250E-03    20006.008
  6.4149745      -0.24917918E-02   0.51654094E-03    20006.008
  6.4253914      -0.31629147E-02   0.86518134E-03    20006.008
  6.4358278      -0.26650865E-02   0.82444612E-03    20006.008
  6.4461765      -0.22737528E-02   0.82081588E-03    20006.008
  6.4565803      -0.17721026E-02   0.80233948E-03    20006.008
  6.4659015      -0.17604943E-02   0.77540851E-03    20006.008
  6.4762392      -0.12938698E-02   0.78491582E-03    20006.008
  6.4865964      -0.13821063E-02   0.76791294E-03    20006.008
  6.4969022      -0.12642406E-02   0.77013036E-03    20006.008
  6.5062028      -0.14770088E-02   0.74806818E-03    20006.008
  6.5164433      -0.10468181E-02   0.51949615E-03    20006.008
  6.7149653       0.25116245E-01   0.24188636E-03    20006.008
  6.7249669       0.29090449E-01   0.26559940E-02    20006.008
  6.7339288       0.31359638E-01   0.26749796E-02    20006.008
  6.7438691       0.34526705E-01   0.26250777E-02    20006.008
  6.7537954       0.38512456E-01   0.26495481E-02    20006.008
  6.7637416       0.42461543E-01   0.27321780E-02    20006.008
  6.7726540       0.44057641E-01   0.28012696E-02    20006.008
  6.7825396       0.46804075E-01   0.27419986E-02    20006.008
  6.7924113       0.49373474E-01   0.27628873E-02    20006.008
  6.8022692       0.52673046E-01   0.27379145E-02    20006.008
  6.8121472       0.55696838E-01   0.29123129E-03    20006.008
  6.9070096       0.63368973E-01   0.23015545E-03    20006.008
  6.9167100       0.61948130E-01   0.12039508E-02    20006.008
  6.9264307       0.60798488E-01   0.12122059E-02    20006.008
  6.9351414       0.59235980E-01   0.11633535E-02    20006.008
  6.9448040       0.56829956E-01   0.11613710E-02    20006.008
  6.9544868       0.54583817E-01   0.11606315E-02    20006.008
  6.9640905       0.52613862E-01   0.11187128E-02    20006.008
  6.9737475       0.49645700E-01   0.11168634E-02    20006.008
  6.9824014       0.47213405E-01   0.11407436E-02    20006.008
  6.9920011       0.44380049E-01   0.11581868E-02    20006.008
  7.0016211       0.41919792E-01   0.45281430E-03    20006.008
  7.0940428       0.58754121E-03   0.70209985E-03    20006.008
  7.1034973      -0.57680764E-02   0.87492501E-03    20006.008
  7.1129722      -0.10440386E-01   0.89314475E-03    20006.008
  7.1223702      -0.15097825E-01   0.86282740E-03    20006.008
  7.1308506      -0.19163584E-01   0.81491495E-03    20006.008
  7.1402906      -0.23449799E-01   0.86518094E-03    20006.008
  7.1496864      -0.27354551E-01   0.81495704E-03    20006.008
  7.1591026      -0.31426430E-01   0.82188923E-03    20006.008
  7.1675412      -0.35066706E-01   0.78337234E-03    20006.008
  7.1769027      -0.39036793E-01   0.77465531E-03    20006.008
  7.1862525      -0.42918228E-01   0.36690935E-03    20006.008
  7.2764515      -0.64726145E-01   0.43549688E-03    20006.008
  7.2856786      -0.64458161E-01   0.65294595E-03    20006.008
  7.3215926      -0.63356441E-01   0.95734208E-03    20006.008
  7.3573385      -0.57995980E-01   0.61742954E-03    20006.008
  7.3929187      -0.50043595E-01   0.64262701E-03    20006.008
  7.4283356      -0.43080764E-01   0.82744378E-03    20006.008
  7.6030503      -0.31032504E-01   0.48896477E-03    20006.008
  7.6366258      -0.27107640E-01   0.74637651E-03    20006.008
  7.6709658      -0.22329159E-01   0.74404426E-03    20006.008
  7.7051596      -0.16457066E-01   0.74401057E-03    20006.008
  7.7392092      -0.99825060E-02   0.79553322E-03    20006.008
  7.7731166      -0.10421243E-02   0.71594497E-03    20006.008
  7.9397064       0.30662303E-01   0.86244928E-03    20006.008
  7.9728300       0.32894358E-01   0.90312410E-03    20006.008
  8.0057942       0.33992854E-01   0.86499610E-03    20006.008
  8.0386011       0.33189195E-01   0.82528029E-03    20006.008
  8.0705052       0.33575236E-01   0.81755645E-03    20006.008
  8.1030630       0.34409453E-01   0.72372370E-03    20006.008
  8.2633506       0.29455292E-01   0.74506211E-03    20006.008
  8.2952179       0.26936947E-01   0.80587478E-03    20006.008
  8.3269697       0.22328484E-01   0.70609119E-03    20006.008
  8.3578011       0.17010808E-01   0.67536967E-03    20006.008
  8.3893286       0.10574250E-01   0.10998657E-02    20006.008
  8.4207444       0.22951876E-02   0.56898651E-03    20006.008
  8.5745901      -0.28752799E-01   0.40022561E-03    20006.008
  8.6053666      -0.33377614E-01   0.72834913E-03    20006.008
  8.6360396      -0.36990400E-01   0.57255499E-03    20006.008
  8.6658311      -0.40211266E-01   0.54156992E-03    20006.008
  8.6963030      -0.42999157E-01   0.50699174E-03    20006.008
  8.7259006      -0.44753857E-01   0.49075573E-03    20006.008
  8.8755153      -0.22992264E-01   0.43930671E-03    20006.008
  8.9045784      -0.17781313E-01   0.52420287E-03    20006.008
  8.9342575      -0.11805621E-01   0.55399771E-03    20006.008
  8.9631416      -0.72511659E-02   0.55831324E-03    20006.008
  8.9926393      -0.20042992E-02   0.56106781E-03    20006.008
  9.0212962       0.34087764E-02   0.46287436E-03    20006.008
  9.1656910       0.22265983E-01   0.47205048E-03    20006.008
  9.1946048       0.23661981E-01   0.60155706E-03    20006.008
  9.2226735       0.24988617E-01   0.70259634E-03    20006.008
  9.2514207       0.25456267E-01   0.85310695E-03    20006.008
  9.2793540       0.25656236E-01   0.94099361E-03    20006.008
  9.3079375       0.26258412E-01   0.44139388E-03    20006.008
  9.4474639       0.15869375E-01   0.65917490E-03    20006.008
  9.4748822       0.13517286E-01   0.56328941E-03    20006.008
  9.5028923       0.12443850E-01   0.55292811E-03    20006.008
  9.5301374       0.12422698E-01   0.57793380E-03    20006.008
  9.5580212       0.12680226E-01   0.56196866E-03    20006.008
  9.5850961       0.12270146E-01   0.49226018E-03    20006.008
  9.7209629      -0.32614641E-02   0.41367759E-03    20006.008
  9.7476171      -0.73730100E-02   0.62018636E-03    20006.008
  9.7749241      -0.11200609E-01   0.54780799E-03    20006.008
  9.8014662      -0.13001543E-01   0.49780853E-03    20006.008
  9.8279418      -0.13631765E-01   0.63564530E-03    20006.008
  9.8550425      -0.12922910E-01   0.35388984E-03    20006.008
  9.9867713      -0.10622037E-01   0.68302098E-03    20006.008
  10.012793      -0.12258376E-01   0.98094731E-03    20006.008
  10.039409      -0.13216438E-01   0.63833557E-03    20006.008
  10.065328      -0.14166362E-01   0.55895912E-03    20006.008
  10.091163      -0.14841348E-01   0.60680675E-03    20006.008
  10.116914      -0.13915628E-01   0.43588127E-03    20006.008
  10.246198      -0.16836038E-02   0.40979250E-03    20006.008
  10.271613       0.36984566E-04   0.60984263E-03    20006.008
  10.322271       0.17400969E-02   0.87795734E-03    20006.008
  10.373361       0.17671350E-02   0.60328803E-03    20006.008
  10.423542       0.41528101E-03   0.59159459E-03    20006.008
  10.473525      -0.77657521E-03   0.48146077E-03    20006.008
  10.720854       0.15470815E-01   0.29925791E-03    20006.008
  10.769573       0.14087562E-01   0.61886587E-03    20006.008
  10.818071       0.11211719E-01   0.59032081E-03    20006.008
  10.866392       0.90123474E-02   0.61656639E-03    20006.008
  10.914498       0.81795027E-02   0.61024327E-03    20006.008
  10.962433       0.73436334E-02   0.70919244E-03    20006.008
  11.199289      -0.71008841E-02   0.78009739E-03    20006.008
  11.246100      -0.62294852E-02   0.83870601E-03    20006.008
  11.292757      -0.41062926E-02   0.62750115E-03    20006.008
  11.338612      -0.33805394E-02   0.66443604E-03    20006.008
  11.384906      -0.27143621E-02   0.10450046E-02    20006.008
  11.431051      -0.15662387E-02   0.55546466E-03    20006.008
  11.658083      -0.56442054E-02   0.44432452E-03    20006.008
  11.702668      -0.48157326E-02   0.62244298E-03    20006.008
  11.747690      -0.22810460E-02   0.65924552E-03    20006.008
  11.791951      -0.25771655E-03   0.63426986E-03    20006.008
  11.836648       0.97077285E-03   0.67747569E-03    20006.008
  11.880653       0.78393296E-03   0.43199499E-03    20006.008
  12.098946       0.19448396E-02   0.38805672E-03    20006.008
  12.142654       0.47136057E-02   0.66225783E-03    20006.008
  12.185653       0.89261210E-02   0.63759973E-03    20006.008
  12.228498       0.13037299E-01   0.64301149E-03    20006.008
  12.271210       0.15605907E-01   0.69545363E-03    20006.008
  12.313811       0.16041144E-01   0.46593213E-03    20006.008
  12.524830      -0.33301395E-02   0.33511780E-03    20006.008
  12.566689      -0.65032024E-02   0.16544234E-02    20006.008
  12.608387      -0.65652216E-02   0.16300553E-02    20006.008
  12.649964      -0.54028080E-02   0.15230419E-02    20006.008
  12.691440      -0.67246426E-02   0.14901244E-02    20006.008
  12.732779      -0.57991634E-02   0.52946042E-03    20006.008
  12.936707      -0.69402993E-02   0.50912555E-03    20006.008
  12.977360      -0.23406268E-02   0.16790687E-02    20006.008
  13.017384      -0.45874648E-03   0.16789413E-02    20006.008
  13.057818       0.71333331E-03   0.16760613E-02    20006.008
  13.097626       0.18799024E-02   0.16506273E-02    20006.008
  13.137845       0.20093484E-02   0.38284822E-03    20006.008
  13.335811       0.35158756E-02   0.44581262E-03    20006.008
  13.374900       0.57046292E-02   0.16315801E-02    20006.008
  13.414396       0.65084617E-02   0.16224559E-02    20006.008
  13.453287       0.68224491E-02   0.16296797E-02    20006.008
  13.492064       0.73378548E-02   0.15840617E-02    20006.008
  13.530762       0.97986239E-02   0.34327184E-03    20006.008
  13.723301       0.47107773E-02   0.42024347E-03    20006.008
  13.761421       0.37668113E-02   0.20399809E-02    20006.008
  13.799468       0.14514441E-02   0.20353450E-02    20006.008
  13.837408       0.85641070E-04   0.19497861E-02    20006.008
  13.875277      -0.86901149E-03   0.20822691E-02    20006.008
  13.913022      -0.21485421E-02   0.36962666E-03    20006.008
  14.100072      -0.79953683E-02   0.55674118E-03    20006.008
  14.137340      -0.82216825E-02   0.18448236E-02    20006.008
  14.174024      -0.79739373E-02   0.19005661E-02    20006.008
  14.211092      -0.61915852E-02   0.19417028E-02    20006.008
  14.248112      -0.49823029E-02   0.20666076E-02    20006.008
  14.284554      -0.24537672E-02   0.55051896E-03    20006.008
  14.467005       0.60057969E-02   0.21896702E-03    20006.008
  14.503455       0.58037804E-02   0.22028772E-02    20006.008
  14.682653       0.74197724E-02   0.19987693E-02    20006.008
  14.860498       0.56454675E-02   0.19490864E-02    20006.008
  15.035648       0.22882543E-03   0.46678549E-03    20006.008
  17.605085       0.29818346E-02   0.36225525E-03    20006.008
  17.753523       0.13650615E-02   0.85107144E-03    20006.008
  17.900571       0.23004840E-02   0.67707878E-03    20006.008
  18.046302       0.25627483E-02   0.61989197E-03    20006.008
  18.191142       0.29690966E-02   0.61463225E-03    20006.008
  18.334692       0.21970748E-02   0.55383240E-03    20006.008
  19.035868       0.14549548E-02   0.69862686E-03    20006.008
  19.173098       0.15765094E-02   0.72395774E-03    20006.008
  19.309221       0.28008534E-03   0.71133605E-03    20006.008
  19.444647      -0.29568127E-03   0.65157461E-03    20006.008
  19.579004       0.31753478E-04   0.60795124E-03    20006.008
  19.712299       0.60451884E-03   0.68449952E-03    20006.008
  20.366392      -0.50895370E-03   0.34955827E-03    20006.008
  20.494526      -0.22046416E-02   0.66767767E-03    20006.008
  22.330866       0.35593705E-03   0.55597030E-03    20006.008
  22.910279       0.35546021E-02   0.54738487E-03    20006.008
