#------------------------
#   k         chi         dchi         e0
  0.0000000      -0.46173946       0.98042007E-03    7133.3000
  0.50000000E-01  -0.48836825       0.47145105E-03    7133.3000
  0.10000000      -0.51499704       0.41787728E-03    7133.3000
  0.15000000      -0.54162583       0.44166362E-03    7133.3000
  0.20000000      -0.56825461       0.45946697E-03    7133.3000
  0.25000000      -0.59488340       0.47629082E-03    7133.3000
  0.30000000      -0.60332779       0.49377581E-03    7133.3000
  0.35000000      -0.58307180       0.50889897E-03    7133.3000
  0.40000000      -0.56538792       0.52407955E-03    7133.3000
  0.45000000      -0.54853984       0.52179115E-03    7133.3000
  0.50000000      -0.52369707       0.53244938E-03    7133.3000
  0.55000000      -0.50512549       0.52746769E-03    7133.3000
  0.60000000      -0.48822267       0.52929485E-03    7133.3000
  0.65000000      -0.46961003       0.53192736E-03    7133.3000
  0.70000000      -0.45665019       0.53483276E-03    7133.3000
  0.75000000      -0.44736858       0.53427609E-03    7133.3000
  0.80000000      -0.44111638       0.54950191E-03    7133.3000
  0.85000000      -0.43745838       0.55796192E-03    7133.3000
  0.90000000      -0.42975909       0.56680508E-03    7133.3000
  0.95000000      -0.42272081       0.57847216E-03    7133.3000
  1.0000000      -0.40504570       0.59006992E-03    7133.3000
  1.0500000      -0.38554576       0.59640346E-03    7133.3000
  1.1000000      -0.35974005       0.62017684E-03    7133.3000
  1.1500000      -0.31839825       0.64272342E-03    7133.3000
  1.2000000      -0.27025329       0.66912172E-03    7133.3000
  1.2500000      -0.23715246       0.66954689E-03    7133.3000
  1.3000000      -0.19291760       0.68916919E-03    7133.3000
  1.3500000      -0.12866137       0.71921092E-03    7133.3000
  1.4000000      -0.69096971E-01   0.73077098E-03    7133.3000
  1.4500000      -0.25653987E-01   0.76608755E-03    7133.3000
  1.5000000       0.18205512E-01   0.77590993E-03    7133.3000
  1.5500000       0.58040134E-01   0.78065649E-03    7133.3000
  1.6000000       0.11018204       0.78702015E-03    7133.3000
  1.6500000       0.16156888       0.80978696E-03    7133.3000
  1.7000000       0.21816906       0.82772457E-03    7133.3000
  1.7500000       0.28289847       0.84118088E-03    7133.3000
  1.8000000       0.33493607       0.85848265E-03    7133.3000
  1.8500000       0.37924988       0.87972665E-03    7133.3000
  1.9000000       0.41748177       0.90018277E-03    7133.3000
  1.9500000       0.43365709       0.91439795E-03    7133.3000
  2.0000000       0.42426676       0.92043225E-03    7133.3000
  2.0500000       0.37938705       0.94197881E-03    7133.3000
  2.1000000       0.31454817       0.94162774E-03    7133.3000
  2.1500000       0.25010565       0.96409401E-03    7133.3000
  2.2000000       0.18791384       0.97203750E-03    7133.3000
  2.2500000       0.12361270       0.10024001E-02    7133.3000
  2.3000000       0.68288041E-01   0.10187902E-02    7133.3000
  2.3500000       0.28836988E-01   0.10310065E-02    7133.3000
  2.4000000      -0.11858063E-02   0.10601595E-02    7133.3000
  2.4500000      -0.18288326E-01   0.10564632E-02    7133.3000
  2.5000000      -0.28825747E-01   0.10916056E-02    7133.3000
  2.5500000      -0.39748556E-01   0.10959575E-02    7133.3000
  2.6000000      -0.45073152E-01   0.11290456E-02    7133.3000
  2.6500000      -0.51731582E-01   0.11192120E-02    7133.3000
  2.7000000      -0.59379997E-01   0.11342464E-02    7133.3000
  2.7500000      -0.65307650E-01   0.11373450E-02    7133.3000
  2.8000000      -0.74672366E-01   0.11514631E-02    7133.3000
  2.8500000      -0.83469603E-01   0.11505242E-02    7133.3000
  2.9000000      -0.90750210E-01   0.11518169E-02    7133.3000
  2.9500000      -0.98471226E-01   0.11618403E-02    7133.3000
  3.0000000      -0.10438213       0.11581610E-02    7133.3000
  3.0500000      -0.11120508       0.11585221E-02    7133.3000
  3.1000000      -0.11535998       0.11445917E-02    7133.3000
  3.1500000      -0.11927928       0.11294184E-02    7133.3000
  3.2000000      -0.12051923       0.11184431E-02    7133.3000
  3.2500000      -0.12060701       0.11077295E-02    7133.3000
  3.3000000      -0.11804229       0.11115736E-02    7133.3000
  3.3500000      -0.11487543       0.10918325E-02    7133.3000
  3.4000000      -0.10823386       0.10770964E-02    7133.3000
  3.4500000      -0.99540227E-01   0.10678195E-02    7133.3000
  3.5000000      -0.88250162E-01   0.10581260E-02    7133.3000
  3.5500000      -0.79836669E-01   0.10285125E-02    7133.3000
  3.6000000      -0.68729666E-01   0.10120258E-02    7133.3000
  3.6500000      -0.55232428E-01   0.99248307E-03    7133.3000
  3.7000000      -0.46261291E-01   0.96724737E-03    7133.3000
  3.7500000      -0.32399677E-01   0.94947748E-03    7133.3000
  3.8000000      -0.21849685E-01   0.94159236E-03    7133.3000
  3.8500000      -0.20606565E-02   0.92864688E-03    7133.3000
  3.9000000       0.11620235E-01   0.90246105E-03    7133.3000
  3.9500000       0.25622937E-01   0.90439479E-03    7133.3000
  4.0000000       0.34087228E-01   0.88794469E-03    7133.3000
  4.0500000       0.46624552E-01   0.88557409E-03    7133.3000
  4.1000000       0.56107907E-01   0.87996145E-03    7133.3000
  4.1500000       0.64322722E-01   0.87553773E-03    7133.3000
  4.2000000       0.69701255E-01   0.84968147E-03    7133.3000
  4.2500000       0.76020109E-01   0.84910282E-03    7133.3000
  4.3000000       0.81739373E-01   0.84558057E-03    7133.3000
  4.3500000       0.85367619E-01   0.83817211E-03    7133.3000
  4.4000000       0.85994582E-01   0.83213691E-03    7133.3000
  4.4500000       0.86275068E-01   0.82254046E-03    7133.3000
  4.5000000       0.84693722E-01   0.82180760E-03    7133.3000
  4.5500000       0.80134373E-01   0.82107622E-03    7133.3000
  4.6000000       0.76608967E-01   0.80853668E-03    7133.3000
  4.6500000       0.69418629E-01   0.82126267E-03    7133.3000
  4.7000000       0.60626299E-01   0.82205009E-03    7133.3000
  4.7500000       0.52795397E-01   0.81036241E-03    7133.3000
  4.8000000       0.42842963E-01   0.80409358E-03    7133.3000
  4.8500000       0.32215654E-01   0.81104926E-03    7133.3000
  4.9000000       0.21092531E-01   0.80264918E-03    7133.3000
  4.9500000       0.88149941E-02   0.80272743E-03    7133.3000
  5.0000000      -0.17852652E-02   0.79870374E-03    7133.3000
  5.0500000      -0.92330282E-02   0.79699338E-03    7133.3000
  5.1000000      -0.19176088E-01   0.80285726E-03    7133.3000
  5.1500000      -0.28364758E-01   0.80232357E-03    7133.3000
  5.2000000      -0.36000080E-01   0.80017920E-03    7133.3000
  5.2500000      -0.42365349E-01   0.79705737E-03    7133.3000
  5.3000000      -0.48160444E-01   0.78114410E-03    7133.3000
  5.3500000      -0.51081984E-01   0.78662009E-03    7133.3000
  5.4000000      -0.53413071E-01   0.78695136E-03    7133.3000
  5.4500000      -0.55114524E-01   0.78960939E-03    7133.3000
  5.5000000      -0.53663767E-01   0.79437941E-03    7133.3000
  5.5500000      -0.51859241E-01   0.79176039E-03    7133.3000
  5.6000000      -0.49535207E-01   0.78835092E-03    7133.3000
  5.6500000      -0.45628938E-01   0.77560715E-03    7133.3000
  5.7000000      -0.40719345E-01   0.78317337E-03    7133.3000
  5.7500000      -0.35528583E-01   0.77971401E-03    7133.3000
  5.8000000      -0.29876330E-01   0.78432595E-03    7133.3000
  5.8500000      -0.22445555E-01   0.77125307E-03    7133.3000
  5.9000000      -0.15948317E-01   0.78183086E-03    7133.3000
  5.9500000      -0.93839722E-02   0.78131497E-03    7133.3000
  6.0000000      -0.30289659E-02   0.78057288E-03    7133.3000
  6.0500000       0.44896001E-02   0.77580161E-03    7133.3000
  6.1000000       0.10231876E-01   0.77866665E-03    7133.3000
  6.1500000       0.16738884E-01   0.77018911E-03    7133.3000
  6.2000000       0.23208052E-01   0.76951602E-03    7133.3000
  6.2500000       0.30889928E-01   0.77056797E-03    7133.3000
  6.3000000       0.35028310E-01   0.75167643E-03    7133.3000
  6.3500000       0.34196743E-01   0.77774025E-03    7133.3000
  6.4000000       0.35126130E-01   0.77259651E-03    7133.3000
  6.4500000       0.35489746E-01   0.75846743E-03    7133.3000
  6.5000000       0.36140271E-01   0.76088345E-03    7133.3000
  6.5500000       0.31835345E-01   0.75554476E-03    7133.3000
  6.6000000       0.29303068E-01   0.77237455E-03    7133.3000
  6.6500000       0.26145417E-01   0.74570463E-03    7133.3000
  6.7000000       0.21120088E-01   0.75079175E-03    7133.3000
  6.7500000       0.16106002E-01   0.75097672E-03    7133.3000
  6.8000000       0.96017634E-02   0.77334999E-03    7133.3000
  6.8500000       0.51811153E-02   0.75392649E-03    7133.3000
  6.9000000       0.55953668E-03   0.75671896E-03    7133.3000
  6.9500000      -0.35109054E-02   0.76059371E-03    7133.3000
  7.0000000      -0.82745948E-02   0.75066783E-03    7133.3000
  7.0500000      -0.12870291E-01   0.75389921E-03    7133.3000
  7.1000000      -0.14747800E-01   0.74563242E-03    7133.3000
  7.1500000      -0.16411902E-01   0.75492533E-03    7133.3000
  7.2000000      -0.19035615E-01   0.75278859E-03    7133.3000
  7.2500000      -0.19277731E-01   0.74814846E-03    7133.3000
  7.3000000      -0.20391624E-01   0.75498305E-03    7133.3000
  7.3500000      -0.20071079E-01   0.73591274E-03    7133.3000
  7.4000000      -0.19315588E-01   0.72862014E-03    7133.3000
  7.4500000      -0.19121258E-01   0.73059600E-03    7133.3000
  7.5000000      -0.18359223E-01   0.73725188E-03    7133.3000
  7.5500000      -0.16432833E-01   0.74436038E-03    7133.3000
  7.6000000      -0.13224047E-01   0.72945734E-03    7133.3000
  7.6500000      -0.12057445E-01   0.73088388E-03    7133.3000
  7.7000000      -0.94956195E-02   0.72753524E-03    7133.3000
  7.7500000      -0.70822063E-02   0.73603650E-03    7133.3000
  7.8000000      -0.41679149E-02   0.72354321E-03    7133.3000
  7.8500000      -0.14880497E-02   0.73179369E-03    7133.3000
  7.9000000       0.11968241E-02   0.72634963E-03    7133.3000
  7.9500000       0.48550991E-02   0.73773868E-03    7133.3000
  8.0000000       0.62139270E-02   0.74319967E-03    7133.3000
  8.0500000       0.80610730E-02   0.73562596E-03    7133.3000
  8.1000000       0.99100537E-02   0.74815808E-03    7133.3000
  8.1500000       0.11985021E-01   0.74652300E-03    7133.3000
  8.2000000       0.12494000E-01   0.75183706E-03    7133.3000
  8.2500000       0.12637140E-01   0.75731439E-03    7133.3000
  8.3000000       0.14299160E-01   0.75036599E-03    7133.3000
  8.3500000       0.12634017E-01   0.75559960E-03    7133.3000
  8.4000000       0.12301690E-01   0.75659078E-03    7133.3000
  8.4500000       0.12771918E-01   0.77084330E-03    7133.3000
  8.5000000       0.11926302E-01   0.76704257E-03    7133.3000
  8.5500000       0.10452138E-01   0.78114089E-03    7133.3000
  8.6000000       0.88022333E-02   0.78563825E-03    7133.3000
  8.6500000       0.69403884E-02   0.78843178E-03    7133.3000
  8.7000000       0.48998202E-02   0.79673526E-03    7133.3000
  8.7500000       0.24651111E-02   0.80985691E-03    7133.3000
  8.8000000       0.19949156E-02   0.80842934E-03    7133.3000
  8.8500000      -0.83697637E-03   0.82139053E-03    7133.3000
  8.9000000      -0.13855632E-02   0.82533793E-03    7133.3000
  8.9500000      -0.28612949E-02   0.83679508E-03    7133.3000
  9.0000000      -0.50146762E-02   0.83971128E-03    7133.3000
  9.0500000      -0.53362238E-02   0.84244522E-03    7133.3000
  9.1000000      -0.62628209E-02   0.85062229E-03    7133.3000
  9.1500000      -0.72146202E-02   0.84698590E-03    7133.3000
  9.2000000      -0.72938406E-02   0.87273977E-03    7133.3000
  9.2500000      -0.85232977E-02   0.86193636E-03    7133.3000
  9.3000000      -0.75798527E-02   0.86628469E-03    7133.3000
  9.3500000      -0.65735112E-02   0.86809343E-03    7133.3000
  9.4000000      -0.62814817E-02   0.86939307E-03    7133.3000
  9.4500000      -0.56210942E-02   0.87957922E-03    7133.3000
  9.5000000      -0.47414348E-02   0.88146784E-03    7133.3000
  9.5500000      -0.38960319E-02   0.87003947E-03    7133.3000
  9.6000000      -0.30270630E-02   0.85804795E-03    7133.3000
  9.6500000      -0.20539377E-02   0.87297524E-03    7133.3000
  9.7000000      -0.85468984E-03   0.87510802E-03    7133.3000
  9.7500000       0.19426798E-03   0.86899078E-03    7133.3000
  9.8000000       0.15183736E-02   0.86043700E-03    7133.3000
  9.8500000       0.25034591E-02   0.85524814E-03    7133.3000
  9.9000000       0.41502217E-02   0.85788545E-03    7133.3000
  9.9500000       0.46279349E-02   0.85832463E-03    7133.3000
  10.000000       0.68034873E-02   0.84892071E-03    7133.3000
  10.050000       0.65387033E-02   0.84345922E-03    7133.3000
  10.100000       0.65542180E-02   0.82968694E-03    7133.3000
  10.150000       0.57984930E-02   0.83065565E-03    7133.3000
  10.200000       0.65206291E-02   0.81896397E-03    7133.3000
  10.250000       0.70054702E-02   0.81955192E-03    7133.3000
  10.300000       0.56320934E-02   0.80541522E-03    7133.3000
  10.350000       0.51327365E-02   0.79921002E-03    7133.3000
  10.400000       0.35950517E-02   0.80425582E-03    7133.3000
  10.450000       0.27605347E-02   0.78940102E-03    7133.3000
  10.500000       0.32079825E-02   0.77995117E-03    7133.3000
  10.550000       0.67427364E-03   0.77029745E-03    7133.3000
  10.600000       0.20502243E-03   0.76974403E-03    7133.3000
  10.650000      -0.79268990E-03   0.75972802E-03    7133.3000
  10.700000      -0.15908305E-02   0.77138230E-03    7133.3000
  10.750000      -0.33419389E-02   0.75567917E-03    7133.3000
  10.800000      -0.37046986E-02   0.77018349E-03    7133.3000
  10.850000      -0.46727114E-02   0.76025720E-03    7133.3000
  10.900000      -0.50956315E-02   0.75681852E-03    7133.3000
  10.950000      -0.47879120E-02   0.76499648E-03    7133.3000
  11.000000      -0.53396585E-02   0.75937449E-03    7133.3000
  11.050000      -0.50164227E-02   0.74945785E-03    7133.3000
  11.100000      -0.53580502E-02   0.77123205E-03    7133.3000
  11.150000      -0.45110400E-02   0.78171897E-03    7133.3000
  11.200000      -0.45797233E-02   0.77907349E-03    7133.3000
  11.250000      -0.40155202E-02   0.76858920E-03    7133.3000
  11.300000      -0.30085309E-02   0.78576523E-03    7133.3000
  11.350000      -0.32969957E-02   0.78543787E-03    7133.3000
  11.400000      -0.17830294E-02   0.78707835E-03    7133.3000
  11.450000      -0.13924960E-02   0.78392560E-03    7133.3000
  11.500000       0.16334913E-03   0.78688312E-03    7133.3000
  11.550000       0.17431081E-02   0.80057544E-03    7133.3000
  11.600000       0.84737287E-03   0.80009664E-03    7133.3000
  11.650000       0.84938902E-03   0.80153726E-03    7133.3000
  11.700000       0.16932820E-02   0.80889263E-03    7133.3000
  11.750000       0.26649957E-02   0.80702624E-03    7133.3000
  11.800000       0.27724220E-02   0.80801289E-03    7133.3000
  11.850000       0.31616752E-02   0.81940519E-03    7133.3000
  11.900000       0.28328254E-02   0.81844383E-03    7133.3000
  11.950000       0.30374652E-02   0.81005402E-03    7133.3000
  12.000000       0.27002928E-02   0.80739069E-03    7133.3000
  12.050000       0.15847042E-02   0.81012920E-03    7133.3000
  12.100000       0.21743705E-02   0.81438734E-03    7133.3000
  12.150000       0.19920390E-02   0.80259750E-03    7133.3000
  12.200000       0.12881356E-02   0.79813408E-03    7133.3000
  12.250000       0.91238026E-03   0.80310285E-03    7133.3000
  12.300000       0.78529152E-03   0.80301097E-03    7133.3000
  12.350000      -0.83677323E-04   0.79775193E-03    7133.3000
  12.400000      -0.11488632E-02   0.78549689E-03    7133.3000
  12.450000      -0.11923888E-02   0.78066744E-03    7133.3000
  12.500000      -0.10622912E-02   0.79432483E-03    7133.3000
  12.550000      -0.15590178E-02   0.79013137E-03    7133.3000
  12.600000      -0.17738361E-02   0.77999369E-03    7133.3000
  12.650000      -0.20186860E-02   0.77223083E-03    7133.3000
  12.700000      -0.20288052E-02   0.76608617E-03    7133.3000
  12.750000      -0.17980875E-02   0.77326274E-03    7133.3000
  12.800000      -0.13243160E-02   0.77574812E-03    7133.3000
  12.850000      -0.16384474E-02   0.76855686E-03    7133.3000
  12.900000      -0.15825091E-02   0.77872035E-03    7133.3000
  12.950000      -0.12677119E-02   0.76530317E-03    7133.3000
  13.000000      -0.93329426E-03   0.75713848E-03    7133.3000
  13.050000      -0.10148172E-02   0.76481499E-03    7133.3000
  13.100000      -0.20961565E-03   0.76508349E-03    7133.3000
  13.150000       0.55416218E-03   0.75563303E-03    7133.3000
  13.200000       0.10389480E-02   0.76338434E-03    7133.3000
  13.250000       0.78955990E-03   0.76046227E-03    7133.3000
  13.300000       0.16568020E-02   0.77186639E-03    7133.3000
  13.350000       0.20816829E-02   0.76234233E-03    7133.3000
  13.400000       0.21602960E-02   0.77359518E-03    7133.3000
  13.450000       0.26011564E-02   0.77125398E-03    7133.3000
  13.500000       0.31831219E-02   0.78264101E-03    7133.3000
  13.550000       0.27665928E-02   0.78421148E-03    7133.3000
  13.600000       0.30566534E-02   0.76467493E-03    7133.3000
  13.650000       0.26344250E-02   0.77362394E-03    7133.3000
  13.700000       0.31820357E-02   0.77117527E-03    7133.3000
  13.750000       0.26515622E-02   0.77403669E-03    7133.3000
  13.800000       0.28357469E-02   0.77245299E-03    7133.3000
  13.850000       0.24666472E-02   0.79071870E-03    7133.3000
  13.900000       0.16087474E-02   0.78109636E-03    7133.3000
  13.950000       0.20176533E-02   0.77898579E-03    7133.3000
  14.000000       0.19218443E-02   0.77824897E-03    7133.3000
  14.050000       0.16201931E-02   0.76756736E-03    7133.3000
  14.100000       0.80848525E-03   0.76710999E-03    7133.3000
  14.150000       0.60719123E-03   0.77978444E-03    7133.3000
  14.200000       0.51389538E-03   0.77383083E-03    7133.3000
  14.250000       0.13191788E-03   0.77801594E-03    7133.3000
  14.300000      -0.25491623E-03   0.76675785E-03    7133.3000
  14.350000      -0.78237815E-03   0.76595383E-03    7133.3000
  14.400000      -0.11864461E-02   0.77180818E-03    7133.3000
  14.450000      -0.14472193E-02   0.75845611E-03    7133.3000
  14.500000      -0.16907184E-02   0.75896898E-03    7133.3000
  14.550000      -0.14131197E-02   0.75569495E-03    7133.3000
  14.600000      -0.10467595E-02   0.76433975E-03    7133.3000
  14.650000      -0.12468377E-02   0.75687098E-03    7133.3000
  14.700000      -0.12543463E-02   0.75442018E-03    7133.3000
  14.750000      -0.12219908E-02   0.75427536E-03    7133.3000
  14.800000      -0.15545689E-02   0.75342732E-03    7133.3000
  14.850000      -0.14027089E-02   0.75111463E-03    7133.3000
  14.900000      -0.17697323E-02   0.74315381E-03    7133.3000
  14.950000      -0.23245048E-02   0.75147893E-03    7133.3000
  15.000000      -0.22578243E-02   0.74328766E-03    7133.3000
  15.050000      -0.21787052E-02   0.75158287E-03    7133.3000
  15.100000      -0.19695118E-02   0.75116563E-03    7133.3000
  15.150000      -0.19587728E-02   0.75412033E-03    7133.3000
  15.200000      -0.30929525E-02   0.74409438E-03    7133.3000
