#------------------------
#   k         chi         dchi         e0
  0.0000000       0.33228527       0.24703043E-02    8348.5200
  0.50000000E-01   0.32913834       0.24362682E-02    8348.5200
  0.10000000       0.32599141       0.24022320E-02    8348.5200
  0.15000000       0.32284448       0.23681958E-02    8348.5200
  0.20000000       0.31969755       0.23341597E-02    8348.5200
  0.25000000       0.31655062       0.23001235E-02    8348.5200
  0.30000000       0.31340369       0.22660873E-02    8348.5200
  0.35000000       0.31025676       0.22320512E-02    8348.5200
  0.40000000       0.30710983       0.21980150E-02    8348.5200
  0.45000000       0.30396290       0.21639788E-02    8348.5200
  0.50000000       0.30081597       0.21299426E-02    8348.5200
  0.55000000       0.29766904       0.20959065E-02    8348.5200
  0.60000000       0.29452211       0.20618703E-02    8348.5200
  0.65000000       0.29137518       0.20278341E-02    8348.5200
  0.70000000       0.28822825       0.19937980E-02    8348.5200
  0.75000000       0.28553101       0.19597618E-02    8348.5200
  0.80000000       0.28440491       0.19257256E-02    8348.5200
  0.85000000       0.28327880       0.18916895E-02    8348.5200
  0.90000000       0.28215270       0.18755589E-02    8348.5200
  0.95000000       0.28102659       0.18699591E-02    8348.5200
  1.0000000       0.27990049       0.18643593E-02    8348.5200
  1.0500000       0.27715531       0.18587594E-02    8348.5200
  1.1000000       0.26802265       0.18531596E-02    8348.5200
  1.1500000       0.25888999       0.18535863E-02    8348.5200
  1.2000000       0.24975733       0.18683173E-02    8348.5200
  1.2500000       0.24062467       0.18830482E-02    8348.5200
  1.3000000       0.22448100       0.18977791E-02    8348.5200
  1.3500000       0.20346375       0.19115958E-02    8348.5200
  1.4000000       0.18244649       0.18696749E-02    8348.5200
  1.4500000       0.16142923       0.18277540E-02    8348.5200
  1.5000000       0.14151496       0.17858330E-02    8348.5200
  1.5500000       0.12239619       0.17987272E-02    8348.5200
  1.6000000       0.10348777       0.19242062E-02    8348.5200
  1.6500000       0.84223322E-01   0.20496852E-02    8348.5200
  1.7000000       0.64621587E-01   0.21325067E-02    8348.5200
  1.7500000       0.45528110E-01   0.20663904E-02    8348.5200
  1.8000000       0.28179593E-01   0.20002741E-02    8348.5200
  1.8500000       0.12618955E-01   0.19342314E-02    8348.5200
  1.9000000      -0.36473622E-02   0.18683775E-02    8348.5200
  1.9500000      -0.24069226E-01   0.18025235E-02    8348.5200
  2.0000000      -0.46507896E-01   0.18218190E-02    8348.5200
  2.0500000      -0.65560688E-01   0.19089613E-02    8348.5200
  2.1000000      -0.77122902E-01   0.19743730E-02    8348.5200
  2.1500000      -0.87239197E-01   0.19735136E-02    8348.5200
  2.2000000      -0.10077517       0.19726543E-02    8348.5200
  2.2500000      -0.11627173       0.19284222E-02    8348.5200
  2.3000000      -0.13060629       0.18714799E-02    8348.5200
  2.3500000      -0.14289634       0.18946756E-02    8348.5200
  2.4000000      -0.15626232       0.20060839E-02    8348.5200
  2.4500000      -0.17280804       0.20544945E-02    8348.5200
  2.5000000      -0.18736194       0.19970076E-02    8348.5200
  2.5500000      -0.19415955       0.19853373E-02    8348.5200
  2.6000000      -0.19805763       0.21433281E-02    8348.5200
  2.6500000      -0.20328717       0.22728050E-02    8348.5200
  2.7000000      -0.20564314       0.22411969E-02    8348.5200
  2.7500000      -0.20057017       0.22844447E-02    8348.5200
  2.8000000      -0.18969822       0.27047153E-02    8348.5200
  2.8500000      -0.17412508       0.29396931E-02    8348.5200
  2.9000000      -0.15419444       0.23622247E-02    8348.5200
  2.9500000      -0.12946362       0.20097265E-02    8348.5200
  3.0000000      -0.10342980       0.21038992E-02    8348.5200
  3.0500000      -0.78744975E-01   0.21517211E-02    8348.5200
  3.1000000      -0.56907196E-01   0.21587951E-02    8348.5200
  3.1500000      -0.37303969E-01   0.23077744E-02    8348.5200
  3.2000000      -0.12280656E-01   0.24375043E-02    8348.5200
  3.2500000       0.11666025E-01   0.22300228E-02    8348.5200
  3.3000000       0.26019673E-01   0.21499275E-02    8348.5200
  3.3500000       0.41259654E-01   0.21635359E-02    8348.5200
  3.4000000       0.56802063E-01   0.19332241E-02    8348.5200
  3.4500000       0.65029030E-01   0.23111286E-02    8348.5200
  3.5000000       0.72558316E-01   0.33626164E-02    8348.5200
  3.5500000       0.82035187E-01   0.35592903E-02    8348.5200
  3.6000000       0.94220698E-01   0.29756773E-02    8348.5200
  3.6500000       0.97742262E-01   0.21398517E-02    8348.5200
  3.7000000       0.10046687       0.23939092E-02    8348.5200
  3.7500000       0.11084751       0.23156605E-02    8348.5200
  3.8000000       0.10476070       0.23086591E-02    8348.5200
  3.8500000       0.98837740E-01   0.26226683E-02    8348.5200
  3.9000000       0.98042466E-01   0.22027051E-02    8348.5200
  3.9500000       0.79244578E-01   0.27501741E-02    8348.5200
  4.0000000       0.70982920E-01   0.36946981E-02    8348.5200
  4.0500000       0.65332392E-01   0.29840895E-02    8348.5200
  4.1000000       0.47409155E-01   0.29280329E-02    8348.5200
  4.1500000       0.36266545E-01   0.27507287E-02    8348.5200
  4.2000000       0.28044334E-01   0.24525813E-02    8348.5200
  4.2500000       0.23021544E-01   0.25362767E-02    8348.5200
  4.3000000       0.21331878E-01   0.27168180E-02    8348.5200
  4.3500000       0.19741268E-01   0.22676192E-02    8348.5200
  4.4000000       0.14017537E-01   0.24525403E-02    8348.5200
  4.4500000       0.57960531E-02   0.25064247E-02    8348.5200
  4.5000000       0.52477794E-02   0.22420616E-02    8348.5200
  4.5500000       0.41800161E-02   0.23399563E-02    8348.5200
  4.6000000       0.17033339E-02   0.20301190E-02    8348.5200
  4.6500000      -0.16062356E-02   0.18937606E-02    8348.5200
  4.7000000      -0.87680962E-02   0.46444758E-02    8348.5200
  4.7500000      -0.13726684E-01   0.28083599E-02    8348.5200
  4.8000000      -0.14538440E-01   0.20624356E-02    8348.5200
  4.8500000      -0.20663103E-01   0.20365319E-02    8348.5200
  4.9000000      -0.24152024E-01   0.20831409E-02    8348.5200
  4.9500000      -0.21271929E-01   0.21636685E-02    8348.5200
  5.0000000      -0.16164271E-01   0.21097016E-02    8348.5200
  5.0500000      -0.12266088E-01   0.19852469E-02    8348.5200
  5.1000000      -0.10122209E-01   0.21680527E-02    8348.5200
  5.1500000      -0.68455686E-02   0.19517157E-02    8348.5200
  5.2000000      -0.78891867E-03   0.21502461E-02    8348.5200
  5.2500000       0.34251689E-02   0.28580721E-02    8348.5200
  5.3000000       0.10368292E-03   0.36605434E-02    8348.5200
  5.3500000      -0.18661925E-02   0.21155171E-02    8348.5200
  5.4000000       0.21004786E-02   0.21401899E-02    8348.5200
  5.4500000      -0.15875162E-03   0.22562401E-02    8348.5200
  5.5000000       0.30519069E-02   0.21461612E-02    8348.5200
  5.5500000       0.45332061E-02   0.19433383E-02    8348.5200
  5.6000000       0.49427015E-02   0.19600952E-02    8348.5200
  5.6500000       0.64539609E-02   0.22226985E-02    8348.5200
  5.7000000       0.67122419E-02   0.21736515E-02    8348.5200
  5.7500000       0.64329870E-02   0.21246044E-02    8348.5200
  5.8000000       0.58723938E-02   0.20755574E-02    8348.5200
  5.8500000       0.52866598E-02   0.20265104E-02    8348.5200
  5.9000000       0.56700616E-02   0.20148745E-02    8348.5200
  5.9500000       0.63396484E-02   0.20198712E-02    8348.5200
  6.0000000       0.72383895E-02   0.20248680E-02    8348.5200
  6.0500000       0.83711063E-02   0.20298647E-02    8348.5200
  6.1000000       0.10578564E-01   0.21812291E-02    8348.5200
  6.1500000       0.13287080E-01   0.25610567E-02    8348.5200
  6.2000000       0.15494181E-01   0.29408843E-02    8348.5200
  6.2500000       0.16744940E-01   0.33207119E-02    8348.5200
  6.3000000       0.15462200E-01   0.36225653E-02    8348.5200
  6.3500000       0.10723291E-01   0.35047387E-02    8348.5200
  6.4000000       0.51177034E-02   0.33869120E-02    8348.5200
  6.4500000      -0.74947588E-03   0.32690854E-02    8348.5200
  6.5000000      -0.59434109E-02   0.31512587E-02    8348.5200
  6.5500000      -0.85704547E-02   0.28620158E-02    8348.5200
  6.6000000      -0.10649713E-01   0.25663782E-02    8348.5200
  6.6500000      -0.12380487E-01   0.22707406E-02    8348.5200
  6.7000000      -0.14259546E-01   0.20133990E-02    8348.5200
  6.7500000      -0.16962059E-01   0.22610366E-02    8348.5200
  6.8000000      -0.19305105E-01   0.25086742E-02    8348.5200
  6.8500000      -0.21001720E-01   0.27563119E-02    8348.5200
  6.9000000      -0.21009250E-01   0.29069756E-02    8348.5200
  6.9500000      -0.18800914E-01   0.26776710E-02    8348.5200
  7.0000000      -0.16229602E-01   0.24483664E-02    8348.5200
  7.0500000      -0.13846577E-01   0.22190618E-02    8348.5200
  7.1000000      -0.13611968E-01   0.20721879E-02    8348.5200
  7.1500000      -0.15401402E-01   0.20839891E-02    8348.5200
  7.2000000      -0.16970568E-01   0.20957903E-02    8348.5200
  7.2500000      -0.17578555E-01   0.21075914E-02    8348.5200
  7.3000000      -0.13757245E-01   0.19863056E-02    8348.5200
  7.3500000      -0.86489711E-02   0.18315912E-02    8348.5200
  7.4000000      -0.31817815E-02   0.16768769E-02    8348.5200
  7.4500000       0.14246815E-02   0.16497496E-02    8348.5200
  7.5000000       0.42604971E-02   0.20717019E-02    8348.5200
  7.5500000       0.61674707E-02   0.24936542E-02    8348.5200
  7.6000000       0.70836599E-02   0.29156065E-02    8348.5200
  7.6500000       0.65496891E-02   0.29491609E-02    8348.5200
  7.7000000       0.50002932E-02   0.27589297E-02    8348.5200
  7.7500000       0.28011434E-02   0.25686985E-02    8348.5200
  7.8000000      -0.70293330E-04   0.24516228E-02    8348.5200
  7.8500000      -0.33248191E-02   0.24817834E-02    8348.5200
  7.9000000      -0.61192246E-02   0.25119439E-02    8348.5200
  7.9500000      -0.77331686E-02   0.25421045E-02    8348.5200
  8.0000000      -0.59906212E-02   0.25386303E-02    8348.5200
  8.0500000      -0.35075961E-02   0.25346786E-02    8348.5200
  8.1000000      -0.96669797E-03   0.25307268E-02    8348.5200
  8.1500000      -0.14072433E-03   0.24998407E-02    8348.5200
  8.2000000      -0.35464417E-03   0.24538868E-02    8348.5200
  8.2500000      -0.96933497E-03   0.24079329E-02    8348.5200
  8.3000000      -0.16660905E-02   0.23077440E-02    8348.5200
  8.3500000      -0.23168128E-02   0.21428003E-02    8348.5200
  8.4000000      -0.29332136E-02   0.19778566E-02    8348.5200
  8.4500000      -0.32691644E-02   0.19662297E-02    8348.5200
  8.5000000      -0.30695552E-02   0.23413280E-02    8348.5200
  8.5500000      -0.26292159E-02   0.27164262E-02    8348.5200
  8.6000000      -0.19962849E-02   0.30915245E-02    8348.5200
  8.6500000      -0.12189006E-02   0.34666227E-02    8348.5200
  8.7000000      -0.34520153E-03   0.38417209E-02    8348.5200
  8.7500000       0.58889650E-03   0.41542787E-02    8348.5200
  8.8000000       0.15807593E-02   0.39587885E-02    8348.5200
  8.8500000       0.25091442E-02   0.37632984E-02    8348.5200
  8.9000000       0.33137497E-02   0.35678083E-02    8348.5200
  8.9500000       0.39342744E-02   0.33723182E-02    8348.5200
  9.0000000       0.43104167E-02   0.31768280E-02    8348.5200
  9.0500000       0.40529939E-02   0.30905299E-02    8348.5200
  9.1000000       0.26325687E-02   0.33697920E-02    8348.5200
  9.1500000       0.10813329E-02   0.36490540E-02    8348.5200
  9.2000000      -0.44274032E-03   0.39283161E-02    8348.5200
  9.2500000      -0.17816777E-02   0.42075781E-02    8348.5200
  9.3000000      -0.27775059E-02   0.44868402E-02    8348.5200
  9.3500000      -0.22346855E-02   0.44146838E-02    8348.5200
  9.4000000      -0.56486860E-03   0.40887273E-02    8348.5200
  9.4500000       0.13957590E-02   0.37627708E-02    8348.5200
  9.5000000       0.34806636E-02   0.34368144E-02    8348.5200
  9.5500000       0.55233113E-02   0.31108579E-02    8348.5200
  9.6000000       0.73571683E-02   0.27849014E-02    8348.5200
  9.6500000       0.77497858E-02   0.28255505E-02    8348.5200
  9.7000000       0.78255850E-02   0.28788855E-02    8348.5200
  9.7500000       0.76632819E-02   0.29322205E-02    8348.5200
  9.8000000       0.73224515E-02   0.29855556E-02    8348.5200
  9.8500000       0.68626684E-02   0.30388906E-02    8348.5200
  9.9000000       0.66116985E-02   0.30122812E-02    8348.5200
  9.9500000       0.64484219E-02   0.29410930E-02    8348.5200
  10.000000       0.61939153E-02   0.28699049E-02    8348.5200
  10.050000       0.58175496E-02   0.27987167E-02    8348.5200
  10.100000       0.52886958E-02   0.27275286E-02    8348.5200
  10.150000       0.42913436E-02   0.26721139E-02    8348.5200
  10.200000       0.27080240E-02   0.26405670E-02    8348.5200
  10.250000       0.11110640E-02   0.26090200E-02    8348.5200
  10.300000      -0.36798786E-03   0.25774731E-02    8348.5200
  10.350000      -0.15975830E-02   0.25459261E-02    8348.5200
  10.400000      -0.21272111E-02   0.25247385E-02    8348.5200
  10.450000      -0.11877256E-02   0.25353345E-02    8348.5200
  10.500000      -0.38264532E-04   0.25459304E-02    8348.5200
  10.550000       0.11220658E-02   0.25565264E-02    8348.5200
  10.600000       0.20941593E-02   0.25671223E-02    8348.5200
  10.650000       0.21127373E-02   0.26066503E-02    8348.5200
  10.700000       0.48308622E-03   0.27013446E-02    8348.5200
  10.750000      -0.13567836E-02   0.27960388E-02    8348.5200
  10.800000      -0.31647480E-02   0.28907331E-02    8348.5200
  10.850000      -0.46986827E-02   0.29854273E-02    8348.5200
  10.900000      -0.50724924E-02   0.30080579E-02    8348.5200
  10.950000      -0.37682699E-02   0.29230390E-02    8348.5200
  11.000000      -0.21167972E-02   0.28380201E-02    8348.5200
  11.050000      -0.33095299E-03   0.27530013E-02    8348.5200
  11.100000       0.13763840E-02   0.26679824E-02    8348.5200
  11.150000       0.21669545E-02   0.27639430E-02    8348.5200
  11.200000       0.22424115E-02   0.29494185E-02    8348.5200
  11.250000       0.20437212E-02   0.31348940E-02    8348.5200
  11.300000       0.16305657E-02   0.33203695E-02    8348.5200
  11.350000       0.10626270E-02   0.35058451E-02    8348.5200
  11.400000       0.73707545E-03   0.33049185E-02    8348.5200
  11.450000       0.40578845E-03   0.30798388E-02    8348.5200
  11.500000       0.19605413E-04   0.28547591E-02    8348.5200
  11.550000      -0.42943505E-03   0.26296794E-02    8348.5200
  11.600000      -0.94929435E-03   0.24045998E-02    8348.5200
  11.650000      -0.15479339E-02   0.21795201E-02    8348.5200
  11.700000      -0.22333151E-02   0.19987513E-02    8348.5200
  11.750000      -0.38182361E-02   0.24405108E-02    8348.5200
  11.800000      -0.53888147E-02   0.28822703E-02    8348.5200
  11.850000      -0.68442776E-02   0.33240298E-02    8348.5200
  11.900000      -0.80840906E-02   0.37657893E-02    8348.5200
  11.950000      -0.90077192E-02   0.42075489E-02    8348.5200
  12.000000      -0.95146290E-02   0.46493084E-02    8348.5200
  12.050000      -0.86612624E-02   0.47039130E-02    8348.5200
  12.100000      -0.57998729E-02   0.42531883E-02    8348.5200
  12.150000      -0.26884313E-02   0.38024636E-02    8348.5200
  12.200000       0.44142150E-03   0.33517389E-02    8348.5200
  12.250000       0.33580444E-02   0.29010142E-02    8348.5200
  12.300000       0.58297963E-02   0.24502895E-02    8348.5200
  12.350000       0.76250363E-02   0.19995648E-02    8348.5200
  12.400000       0.53743110E-02   0.21948403E-02    8348.5200
  12.450000       0.20288818E-02   0.24140156E-02    8348.5200
  12.500000      -0.16404634E-02   0.26331910E-02    8348.5200
  12.550000      -0.53247907E-02   0.28523663E-02    8348.5200
  12.600000      -0.87151663E-02   0.30715417E-02    8348.5200
  12.650000      -0.11502657E-01   0.32907170E-02    8348.5200
  12.700000      -0.11144619E-01   0.32350411E-02    8348.5200
  12.750000      -0.83462711E-02   0.30528685E-02    8348.5200
  12.800000      -0.50070585E-02   0.28706960E-02    8348.5200
  12.850000      -0.14209332E-02   0.26885234E-02    8348.5200
  12.900000       0.21181529E-02   0.25063509E-02    8348.5200
  12.950000       0.53162481E-02   0.23241783E-02    8348.5200
  13.000000       0.64746223E-02   0.27356951E-02    8348.5200
  13.050000       0.53153583E-02   0.35888808E-02    8348.5200
  13.100000       0.36781852E-02   0.44420665E-02    8348.5200
  13.150000       0.17673003E-02   0.52952522E-02    8348.5200
  13.200000      -0.21309934E-03   0.61484379E-02    8348.5200
  13.250000      -0.20588165E-02   0.70016235E-02    8348.5200
  13.300000      -0.21883984E-02   0.70270778E-02    8348.5200
  13.350000      -0.29209691E-04   0.64054759E-02    8348.5200
  13.400000       0.25481217E-02   0.57838740E-02    8348.5200
  13.450000       0.53546286E-02   0.51622721E-02    8348.5200
  13.500000       0.82013437E-02   0.45406702E-02    8348.5200
  13.550000       0.10899300E-01   0.39190683E-02    8348.5200
  13.600000       0.13259530E-01   0.32974664E-02    8348.5200
  13.650000       0.15093066E-01   0.26758645E-02    8348.5200
  13.700000       0.13822933E-01   0.28762484E-02    8348.5200
  13.750000       0.10369661E-01   0.33608505E-02    8348.5200
  13.800000       0.64823088E-02   0.38454527E-02    8348.5200
  13.850000       0.23674150E-02   0.43300549E-02    8348.5200
  13.900000      -0.17684809E-02   0.48146570E-02    8348.5200
  13.950000      -0.57188396E-02   0.52992592E-02    8348.5200
  14.000000      -0.92771219E-02   0.57838614E-02    8348.5200
  14.050000      -0.12236789E-01   0.61822454E-02    8348.5200
  14.100000      -0.10960285E-01   0.58006618E-02    8348.5200
  14.150000      -0.89069361E-02   0.54190783E-02    8348.5200
  14.200000      -0.64312982E-02   0.50374947E-02    8348.5200
  14.250000      -0.37165614E-02   0.46559112E-02    8348.5200
  14.300000      -0.94591636E-03   0.42743276E-02    8348.5200
  14.350000       0.16974464E-02   0.38927441E-02    8348.5200
  14.400000       0.40303364E-02   0.35111605E-02    8348.5200
  14.450000       0.41908047E-02   0.37585196E-02    8348.5200
  14.500000       0.25825669E-02   0.42478706E-02    8348.5200
  14.550000       0.66375311E-03   0.47372215E-02    8348.5200
  14.600000      -0.14108867E-02   0.52265725E-02    8348.5200
  14.650000      -0.34866023E-02   0.57159234E-02    8348.5200
  14.700000      -0.54086436E-02   0.62052744E-02    8348.5200
  14.750000      -0.70222606E-02   0.66946254E-02    8348.5200
  14.800000      -0.71500520E-02   0.66784596E-02    8348.5200
  14.850000      -0.49870523E-02   0.62120200E-02    8348.5200
  14.900000      -0.25301883E-02   0.57455804E-02    8348.5200
  14.950000       0.37565612E-04   0.52791408E-02    8348.5200
  15.000000       0.25332349E-02   0.48127012E-02    8348.5200
  15.050000       0.47738452E-02   0.43462616E-02    8348.5200
  15.100000       0.65764219E-02   0.38798220E-02    8348.5200
  15.150000       0.65877022E-02   0.39161421E-02    8348.5200
  15.200000       0.35866044E-02   0.44386298E-02    8348.5200
  15.250000       0.21468319E-03   0.49611174E-02    8348.5200
  15.300000      -0.32666822E-02   0.54836051E-02    8348.5200
  15.350000      -0.65961124E-02   0.60060928E-02    8348.5200
  15.400000      -0.95122281E-02   0.65285805E-02    8348.5200
  15.450000      -0.11753650E-01   0.70510682E-02    8348.5200
  15.500000      -0.10563034E-01   0.70568009E-02    8348.5200
  15.550000      -0.62848619E-02   0.67971674E-02    8348.5200
  15.600000      -0.20066894E-02   0.65375338E-02    8348.5200
  15.650000       0.22714832E-02   0.62779002E-02    8348.5200
  15.700000       0.65496557E-02   0.60182666E-02    8348.5200
  15.750000       0.10827828E-01   0.57586331E-02    8348.5200
  15.800000       0.15106001E-01   0.54989995E-02    8348.5200
  15.850000       0.13665883E-01   0.55780071E-02    8348.5200
  15.900000       0.10452238E-01   0.56700174E-02    8348.5200
  15.950000       0.72385922E-02   0.57620278E-02    8348.5200
  16.000000       0.40249469E-02   0.58540382E-02    8348.5200
  16.050000       0.81130153E-03   0.59460485E-02    8348.5200
  16.100000      -0.24023438E-02   0.60380589E-02    8348.5200
  16.150000      -0.47747854E-02   0.60147823E-02    8348.5200
  16.200000      -0.31951578E-02   0.58072510E-02    8348.5200
  16.250000      -0.16155303E-02   0.55997198E-02    8348.5200
  16.300000      -0.35902833E-04   0.53921885E-02    8348.5200
  16.350000       0.15437247E-02   0.51846572E-02    8348.5200
  16.400000       0.31233522E-02   0.49771259E-02    8348.5200
  16.450000       0.47029797E-02   0.47695946E-02    8348.5200
  16.500000       0.42449378E-02   0.47356992E-02    8348.5200
  16.550000       0.31800021E-02   0.47037081E-02    8348.5200
  16.600000       0.21150663E-02   0.46717170E-02    8348.5200
  16.650000       0.10501305E-02   0.46397259E-02    8348.5200
  16.700000      -0.14805216E-04   0.46077348E-02    8348.5200
  16.750000      -0.10797410E-02   0.45757437E-02    8348.5200
  16.800000      -0.21446767E-02   0.45437526E-02    8348.5200
  16.850000      -0.32096125E-02   0.45117615E-02    8348.5200
  16.900000      -0.42745483E-02   0.44797704E-02    8348.5200
  16.950000      -0.53394840E-02   0.44477793E-02    8348.5200
  17.000000      -0.64044198E-02   0.44157882E-02    8348.5200
  17.050000      -0.74693555E-02   0.43837971E-02    8348.5200
  17.100000      -0.85342913E-02   0.43518060E-02    8348.5200
