 Ferrocene eclipsed structure                           Feff 6L.02    potph 4.12
 Abs   Z=26 Rmt= 1.116 Rnm= 1.280 K shell
 Pot 1 Z= 6 Rmt= 0.727 Rnm= 1.071
 Gam_ch=1.325E+00 H-L exch
 Mu=-4.373E+00 kf=2.576E+00 Vint=-2.965E+01 Rs_int= 1.408
 Path   18      icalc       2                           Feff 6L.02   genfmt 1.44
 -------------------------------------------------------------------------------
   4  40.000   4.7737    2.0659   -4.37306 nleg, deg, reff, rnrmav(bohr), edge
        x         y         z   pot at#
     0.0000    0.0000    0.0000  0  26 Fe       absorbing atom
    -1.6610   -0.9727    0.7067  1   6 C     
    -1.6610    0.3715    1.1435  1   6 C     
     1.6610    0.3715   -1.1435  1   6 C     
    k   real[2*phc]   mag[feff]  phase[feff] red factor   lambda      real[p]@#
  0.000  2.3452E+00  0.0000E+00  1.8097E-04  0.1016E+01  2.9628E+01  2.5760E+00
  0.200  2.3418E+00  2.6652E-02 -1.8350E+00  0.1016E+01  2.9711E+01  2.5834E+00
  0.400  2.3316E+00  5.1717E-02 -3.5236E+00  0.1016E+01  2.9928E+01  2.6055E+00
  0.600  2.3148E+00  7.3678E-02 -5.0712E+00  0.1015E+01  3.0191E+01  2.6419E+00
  0.800  2.2919E+00  9.1213E-02 -6.4866E+00  0.1015E+01  3.0359E+01  2.6921E+00
  1.000  2.2631E+00  1.0337E-01 -7.7802E+00  0.1015E+01  3.0271E+01  2.7555E+00
  1.200  2.2291E+00  1.0973E-01 -8.9632E+00  0.1016E+01  2.9781E+01  2.8314E+00
  1.400  2.1902E+00  1.1042E-01 -1.0047E+01  0.1016E+01  2.8813E+01  2.9191E+00
  1.600  2.1468E+00  1.0612E-01 -1.1040E+01  0.1018E+01  2.7394E+01  3.0181E+00
  1.800  2.0991E+00  9.7798E-02 -1.1953E+01  0.1020E+01  2.5651E+01  3.1278E+00
  2.000  2.0471E+00  8.6628E-02 -1.2791E+01  0.1023E+01  2.3764E+01  3.2479E+00
  2.200  1.9904E+00  7.3792E-02 -1.3563E+01  0.1026E+01  2.1919E+01  3.3781E+00
  2.400  1.9284E+00  6.0431E-02 -1.4277E+01  0.1030E+01  2.0268E+01  3.5184E+00
  2.600  1.8597E+00  4.7611E-02 -1.4941E+01  0.1035E+01  1.8920E+01  3.6686E+00
  2.800  1.7974E+00  3.6300E-02 -1.5571E+01  0.1031E+01  1.7951E+01  3.8290E+00
  3.000  1.6090E+00  2.6735E-02 -1.5978E+01  0.1054E+01  1.3204E+01  4.0396E+00
  3.200  1.6054E+00  2.6352E-02 -1.6966E+01  0.1129E+01  8.7196E+00  4.1677E+00
  3.400  1.5990E+00  2.7551E-02 -1.7912E+01  0.1167E+01  7.2819E+00  4.3020E+00
  3.600  1.5735E+00  2.9537E-02 -1.8659E+01  0.1185E+01  6.6233E+00  4.4422E+00
  3.800  1.5358E+00  2.9589E-02 -1.9281E+01  0.1191E+01  6.2884E+00  4.5878E+00
  4.000  1.4843E+00  2.7892E-02 -1.9848E+01  0.1190E+01  6.1228E+00  4.7382E+00
  4.200  1.4368E+00  2.5421E-02 -2.0392E+01  0.1184E+01  6.0594E+00  4.8931E+00
  4.400  1.3766E+00  2.2742E-02 -2.0903E+01  0.1177E+01  6.0637E+00  5.0521E+00
  4.600  1.3170E+00  2.0094E-02 -2.1374E+01  0.1167E+01  6.1161E+00  5.2146E+00
  4.800  1.2450E+00  1.7566E-02 -2.1816E+01  0.1157E+01  6.2047E+00  5.3804E+00
  5.000  1.1688E+00  1.5255E-02 -2.2230E+01  0.1146E+01  6.3216E+00  5.5492E+00
  5.200  1.0951E+00  1.3170E-02 -2.2622E+01  0.1135E+01  6.4615E+00  5.7206E+00
  5.400  1.0143E+00  1.1367E-02 -2.2993E+01  0.1125E+01  6.6205E+00  5.8943E+00
  5.600  9.3228E-01  9.7693E-03 -2.3347E+01  0.1114E+01  6.7959E+00  6.0702E+00
  5.800  8.5147E-01  8.4017E-03 -2.3688E+01  0.1104E+01  6.9855E+00  6.2480E+00
  6.000  7.6942E-01  7.2354E-03 -2.4007E+01  0.1093E+01  7.1878E+00  6.4275E+00
  6.500  5.6846E-01  4.9444E-03 -2.4748E+01  0.1069E+01  7.7410E+00  6.8828E+00
  7.000  3.7752E-01  3.3289E-03 -2.5415E+01  0.1047E+01  8.3518E+00  7.3457E+00
  7.500  2.0107E-01  2.1990E-03 -2.6006E+01  0.1027E+01  9.0115E+00  7.8145E+00
  8.000  3.2870E-02  1.4265E-03 -2.6522E+01  0.1011E+01  9.7142E+00  8.2881E+00
  8.500 -1.2953E-01  9.2288E-04 -2.6958E+01  0.9954E+00  1.0456E+01  8.7655E+00
  9.000 -2.9796E-01  6.1707E-04 -2.7313E+01  0.9804E+00  1.1233E+01  9.2459E+00
  9.500 -4.6726E-01  4.4343E-04 -2.7612E+01  0.9674E+00  1.2045E+01  9.7289E+00
 10.000 -6.2997E-01  3.4473E-04 -2.7881E+01  0.9556E+00  1.2888E+01  1.0214E+01
 11.000 -9.3345E-01  2.3169E-04 -2.8418E+01  0.9364E+00  1.4664E+01  1.1189E+01
 12.000 -1.2088E+00  1.5263E-04 -2.9018E+01  0.9252E+00  1.6552E+01  1.2169E+01
 13.000 -1.4682E+00  9.9036E-05 -2.9685E+01  0.9190E+00  1.8547E+01  1.3153E+01
 14.000 -1.7095E+00  6.4263E-05 -3.0356E+01  0.9124E+00  2.0642E+01  1.4139E+01
 15.000 -1.9293E+00  3.7939E-05 -3.0818E+01  0.9081E+00  2.2834E+01  1.5128E+01
 16.000 -2.1342E+00  2.1251E-05 -3.0944E+01  0.9067E+00  2.5118E+01  1.6118E+01
 17.000 -2.3266E+00  1.6463E-05 -3.1149E+01  0.9041E+00  2.7491E+01  1.7110E+01
 18.000 -2.5037E+00  1.3375E-05 -3.1725E+01  0.9022E+00  2.9951E+01  1.8103E+01
 19.000 -2.6691E+00  9.2901E-06 -3.2103E+01  0.9019E+00  3.2495E+01  1.9096E+01
 20.000 -2.8244E+00  7.4616E-06 -3.2047E+01  0.9001E+00  3.5120E+01  2.0090E+01
