 Ferrocene eclipsed structure                           Feff 6L.02    potph 4.12
 Abs   Z=26 Rmt= 1.116 Rnm= 1.280 K shell
 Pot 1 Z= 6 Rmt= 0.727 Rnm= 1.071
 Gam_ch=1.325E+00 H-L exch
 Mu=-4.373E+00 kf=2.576E+00 Vint=-2.965E+01 Rs_int= 1.408
 Path   19      icalc       2                           Feff 6L.02   genfmt 1.44
 -------------------------------------------------------------------------------
   4  40.000   4.9990    2.0659   -4.37306 nleg, deg, reff, rnrmav(bohr), edge
        x         y         z   pot at#
     0.0000    0.0000    0.0000  0  26 Fe       absorbing atom
     1.6610    0.3715    1.1435  1   6 C     
     1.6610   -0.9727   -0.7067  1   6 C     
    -1.6610    0.3715   -1.1435  1   6 C     
    k   real[2*phc]   mag[feff]  phase[feff] red factor   lambda      real[p]@#
  0.000  2.3452E+00  0.0000E+00 -5.1637E+00  0.1016E+01  2.9628E+01  2.5760E+00
  0.200  2.3418E+00  1.2876E-02 -7.0871E+00  0.1016E+01  2.9711E+01  2.5834E+00
  0.400  2.3316E+00  2.4997E-02 -8.8602E+00  0.1016E+01  2.9928E+01  2.6055E+00
  0.600  2.3148E+00  3.5629E-02 -1.0489E+01  0.1015E+01  3.0191E+01  2.6419E+00
  0.800  2.2919E+00  4.4120E-02 -1.1981E+01  0.1015E+01  3.0359E+01  2.6921E+00
  1.000  2.2631E+00  4.9982E-02 -1.3349E+01  0.1015E+01  3.0271E+01  2.7555E+00
  1.200  2.2291E+00  5.2976E-02 -1.4602E+01  0.1016E+01  2.9781E+01  2.8314E+00
  1.400  2.1902E+00  5.3154E-02 -1.5754E+01  0.1016E+01  2.8813E+01  2.9191E+00
  1.600  2.1468E+00  5.0837E-02 -1.6816E+01  0.1018E+01  2.7394E+01  3.0181E+00
  1.800  2.0991E+00  4.6544E-02 -1.7797E+01  0.1020E+01  2.5651E+01  3.1278E+00
  2.000  2.0471E+00  4.0914E-02 -1.8709E+01  0.1023E+01  2.3764E+01  3.2479E+00
  2.200  1.9904E+00  3.4635E-02 -1.9561E+01  0.1026E+01  2.1919E+01  3.3781E+00
  2.400  1.9284E+00  2.8410E-02 -2.0369E+01  0.1030E+01  2.0268E+01  3.5184E+00
  2.600  1.8597E+00  2.2913E-02 -2.1143E+01  0.1035E+01  1.8920E+01  3.6686E+00
  2.800  1.7974E+00  1.8700E-02 -2.1889E+01  0.1031E+01  1.7951E+01  3.8290E+00
  3.000  1.6090E+00  1.6249E-02 -2.2376E+01  0.1054E+01  1.3204E+01  4.0396E+00
  3.200  1.6054E+00  1.8358E-02 -2.3334E+01  0.1129E+01  8.7196E+00  4.1677E+00
  3.400  1.5990E+00  2.0431E-02 -2.4185E+01  0.1167E+01  7.2819E+00  4.3020E+00
  3.600  1.5735E+00  2.1670E-02 -2.4882E+01  0.1185E+01  6.6233E+00  4.4422E+00
  3.800  1.5358E+00  2.1410E-02 -2.5488E+01  0.1191E+01  6.2884E+00  4.5878E+00
  4.000  1.4843E+00  2.0013E-02 -2.6048E+01  0.1190E+01  6.1228E+00  4.7382E+00
  4.200  1.4368E+00  1.8133E-02 -2.6588E+01  0.1184E+01  6.0594E+00  4.8931E+00
  4.400  1.3766E+00  1.6134E-02 -2.7094E+01  0.1177E+01  6.0637E+00  5.0521E+00
  4.600  1.3170E+00  1.4182E-02 -2.7558E+01  0.1167E+01  6.1161E+00  5.2146E+00
  4.800  1.2450E+00  1.2329E-02 -2.7989E+01  0.1157E+01  6.2047E+00  5.3804E+00
  5.000  1.1688E+00  1.0640E-02 -2.8387E+01  0.1146E+01  6.3216E+00  5.5492E+00
  5.200  1.0951E+00  9.1154E-03 -2.8760E+01  0.1135E+01  6.4615E+00  5.7206E+00
  5.400  1.0143E+00  7.7939E-03 -2.9106E+01  0.1125E+01  6.6205E+00  5.8943E+00
  5.600  9.3228E-01  6.6242E-03 -2.9434E+01  0.1114E+01  6.7959E+00  6.0702E+00
  5.800  8.5147E-01  5.6311E-03 -2.9747E+01  0.1104E+01  6.9855E+00  6.2480E+00
  6.000  7.6942E-01  4.7949E-03 -3.0039E+01  0.1093E+01  7.1878E+00  6.4275E+00
  6.500  5.6846E-01  3.2228E-03 -3.0715E+01  0.1069E+01  7.7410E+00  6.8828E+00
  7.000  3.7752E-01  2.2051E-03 -3.1328E+01  0.1047E+01  8.3518E+00  7.3457E+00
  7.500  2.0107E-01  1.5418E-03 -3.1881E+01  0.1027E+01  9.0115E+00  7.8145E+00
  8.000  3.2870E-02  1.0959E-03 -3.2383E+01  0.1011E+01  9.7142E+00  8.2881E+00
  8.500 -1.2953E-01  7.8790E-04 -3.2846E+01  0.9954E+00  1.0456E+01  8.7655E+00
  9.000 -2.9796E-01  5.7104E-04 -3.3272E+01  0.9804E+00  1.1233E+01  9.2459E+00
  9.500 -4.6726E-01  4.1702E-04 -3.3671E+01  0.9674E+00  1.2045E+01  9.7289E+00
 10.000 -6.2997E-01  3.0720E-04 -3.4040E+01  0.9556E+00  1.2888E+01  1.0214E+01
 11.000 -9.3345E-01  1.7402E-04 -3.4689E+01  0.9364E+00  1.4664E+01  1.1189E+01
 12.000 -1.2088E+00  1.0618E-04 -3.5261E+01  0.9252E+00  1.6552E+01  1.2169E+01
 13.000 -1.4682E+00  6.7993E-05 -3.5820E+01  0.9190E+00  1.8547E+01  1.3153E+01
 14.000 -1.7095E+00  4.3900E-05 -3.6377E+01  0.9124E+00  2.0642E+01  1.4139E+01
 15.000 -1.9293E+00  2.8433E-05 -3.6854E+01  0.9081E+00  2.2834E+01  1.5128E+01
 16.000 -2.1342E+00  1.8746E-05 -3.7219E+01  0.9067E+00  2.5118E+01  1.6118E+01
 17.000 -2.3266E+00  1.2723E-05 -3.7533E+01  0.9041E+00  2.7491E+01  1.7110E+01
 18.000 -2.5037E+00  8.8416E-06 -3.7851E+01  0.9022E+00  2.9951E+01  1.8103E+01
 19.000 -2.6691E+00  6.6003E-06 -3.8186E+01  0.9019E+00  3.2495E+01  1.9096E+01
 20.000 -2.8244E+00  5.0106E-06 -3.8473E+01  0.9001E+00  3.5120E+01  2.0090E+01
