 Ferrocene eclipsed structure                           Feff 6L.02    potph 4.12
 Abs   Z=26 Rmt= 1.095 Rnm= 1.258 K shell
 Pot 1 Z= 6 Rmt= 0.715 Rnm= 1.056
 Gam_ch=1.325E+00 H-L exch
 Mu=-4.622E+00 kf=2.624E+00 Vint=-3.086E+01 Rs_int= 1.382
 Path    9      icalc       2                           Feff 6L.02   genfmt 1.44
 -------------------------------------------------------------------------------
   4  10.000   4.0273    2.0363   -4.62221 nleg, deg, reff, rnrmav(bohr), edge
        x         y         z   pot at#
     0.0000    0.0000    0.0000  0  26 Fe       absorbing atom
    -1.6311    0.9552   -0.6940  1   6 C     
     0.0000    0.0000    0.0000  0  26 Fe    
     1.6311   -0.9552    0.6940  1   6 C     
    k   real[2*phc]   mag[feff]  phase[feff] red factor   lambda      real[p]@#
  0.000  2.2931E+00  0.0000E+00  1.4269E-01  0.1016E+01  3.0187E+01  2.6246E+00
  0.200  2.2897E+00  9.5744E-02 -1.4109E+00  0.1016E+01  3.0268E+01  2.6319E+00
  0.400  2.2794E+00  1.8678E-01 -2.8513E+00  0.1016E+01  3.0482E+01  2.6536E+00
  0.600  2.2624E+00  2.6904E-01 -4.1820E+00  0.1016E+01  3.0741E+01  2.6893E+00
  0.800  2.2392E+00  3.3950E-01 -5.4080E+00  0.1015E+01  3.0911E+01  2.7386E+00
  1.000  2.2102E+00  3.9628E-01 -6.5357E+00  0.1015E+01  3.0830E+01  2.8010E+00
  1.200  2.1757E+00  4.3853E-01 -7.5715E+00  0.1016E+01  3.0354E+01  2.8756E+00
  1.400  2.1365E+00  4.6619E-01 -8.5218E+00  0.1017E+01  2.9403E+01  2.9619E+00
  1.600  2.0927E+00  4.7987E-01 -9.3923E+00  0.1018E+01  2.7997E+01  3.0594E+00
  1.800  2.0447E+00  4.8062E-01 -1.0188E+01  0.1020E+01  2.6253E+01  3.1674E+00
  2.000  1.9925E+00  4.6976E-01 -1.0912E+01  0.1023E+01  2.4346E+01  3.2857E+00
  2.200  1.9360E+00  4.4884E-01 -1.1567E+01  0.1026E+01  2.2461E+01  3.4139E+00
  2.400  1.8746E+00  4.1953E-01 -1.2156E+01  0.1030E+01  2.0750E+01  3.5520E+00
  2.600  1.8072E+00  3.8369E-01 -1.2679E+01  0.1034E+01  1.9327E+01  3.6999E+00
  2.800  1.7527E+00  3.4355E-01 -1.3149E+01  0.1037E+01  1.8266E+01  3.8576E+00
  3.000  1.5448E+00  2.9861E-01 -1.3266E+01  0.1033E+01  1.5873E+01  4.0763E+00
  3.200  1.5414E+00  3.0193E-01 -1.3875E+01  0.1116E+01  9.3539E+00  4.2030E+00
  3.400  1.5384E+00  2.7708E-01 -1.4413E+01  0.1159E+01  7.5699E+00  4.3360E+00
  3.600  1.5131E+00  2.4173E-01 -1.4916E+01  0.1180E+01  6.7860E+00  4.4749E+00
  3.800  1.4799E+00  2.1011E-01 -1.5411E+01  0.1189E+01  6.3888E+00  4.6192E+00
  4.000  1.4297E+00  1.8065E-01 -1.5887E+01  0.1189E+01  6.1861E+00  4.7683E+00
  4.200  1.3828E+00  1.5520E-01 -1.6355E+01  0.1185E+01  6.0975E+00  4.9220E+00
  4.400  1.3279E+00  1.3343E-01 -1.6799E+01  0.1178E+01  6.0832E+00  5.0798E+00
  4.600  1.2679E+00  1.1651E-01 -1.7205E+01  0.1169E+01  6.1209E+00  5.2412E+00
  4.800  1.2015E+00  1.0181E-01 -1.7586E+01  0.1160E+01  6.1972E+00  5.4060E+00
  5.000  1.1274E+00  8.9983E-02 -1.7938E+01  0.1150E+01  6.3034E+00  5.5737E+00
  5.200  1.0539E+00  8.0323E-02 -1.8275E+01  0.1139E+01  6.4336E+00  5.7441E+00
  5.400  9.7678E-01  7.3085E-02 -1.8584E+01  0.1129E+01  6.5839E+00  5.9170E+00
  5.600  8.9626E-01  6.6863E-02 -1.8882E+01  0.1119E+01  6.7510E+00  6.0920E+00
  5.800  8.1621E-01  6.2282E-02 -1.9163E+01  0.1109E+01  6.9328E+00  6.2690E+00
  6.000  7.3572E-01  5.8765E-02 -1.9418E+01  0.1100E+01  7.1275E+00  6.4478E+00
  6.500  5.3663E-01  5.2064E-02 -1.9984E+01  0.1077E+01  7.6627E+00  6.9014E+00
  7.000  3.4706E-01  4.5758E-02 -2.0460E+01  0.1057E+01  8.2561E+00  7.3628E+00
  7.500  1.7093E-01  3.8000E-02 -2.0874E+01  0.1039E+01  8.8985E+00  7.8303E+00
  8.000  5.3059E-03  2.9256E-02 -2.1265E+01  0.1023E+01  9.5840E+00  8.3028E+00
  8.500 -1.5535E-01  2.1134E-02 -2.1669E+01  0.1007E+01  1.0308E+01  8.7791E+00
  9.000 -3.2178E-01  1.4944E-02 -2.2074E+01  0.9925E+00  1.1068E+01  9.2587E+00
  9.500 -4.8872E-01  1.0845E-02 -2.2471E+01  0.9802E+00  1.1861E+01  9.7409E+00
 10.000 -6.5038E-01  8.4140E-03 -2.2816E+01  0.9699E+00  1.2686E+01  1.0225E+01
 11.000 -9.5352E-01  6.2089E-03 -2.3271E+01  0.9535E+00  1.4425E+01  1.1199E+01
 12.000 -1.2272E+00  4.8654E-03 -2.3590E+01  0.9429E+00  1.6274E+01  1.2178E+01
 13.000 -1.4846E+00  3.3033E-03 -2.4055E+01  0.9375E+00  1.8228E+01  1.3161E+01
 14.000 -1.7251E+00  2.1397E-03 -2.4657E+01  0.9332E+00  2.0281E+01  1.4147E+01
 15.000 -1.9442E+00  1.5821E-03 -2.5042E+01  0.9299E+00  2.2429E+01  1.5135E+01
 16.000 -2.1482E+00  1.2743E-03 -2.5128E+01  0.9285E+00  2.4668E+01  1.6125E+01
 17.000 -2.3400E+00  9.9568E-04 -2.5304E+01  0.9275E+00  2.6995E+01  1.7116E+01
 18.000 -2.5168E+00  7.4162E-04 -2.5763E+01  0.9262E+00  2.9407E+01  1.8108E+01
 19.000 -2.6820E+00  5.8569E-04 -2.6159E+01  0.9256E+00  3.1902E+01  1.9102E+01
 20.000 -2.8377E+00  4.8506E-04 -2.6111E+01  0.9247E+00  3.4478E+01  2.0096E+01
