# data from ifeffit
#------------------------
#   k         chi         chi       dchi         win
  0.0000000      -0.85095407       0.11687950       0.34989638E-02    0.0000000
  0.50000000E-01  -0.87730561       0.11706862       0.33399558E-02    0.0000000
  0.10000000      -0.90365715       0.11763955       0.31809478E-02    0.0000000
  0.15000000      -0.93000869       0.11860269       0.30219398E-02    0.0000000
  0.20000000      -0.95636023       0.12022774       0.28629318E-02    0.0000000
  0.25000000      -0.98271177       0.12239493       0.27039238E-02    0.0000000
  0.30000000       -1.0090633       0.12511283       0.25449158E-02    0.0000000
  0.35000000       -1.0354149       0.12841332       0.23859078E-02    0.0000000
  0.40000000       -1.0177209       0.13232718       0.23192326E-02    0.0000000
  0.45000000      -0.94886365       0.13732392       0.23532165E-02    0.0000000
  0.50000000      -0.88000642       0.14330514       0.23872004E-02    0.0000000
  0.55000000      -0.80764798       0.15007372       0.23942842E-02    0.0000000
  0.60000000      -0.72852551       0.15786723       0.23541410E-02    0.0000000
  0.65000000      -0.64940304       0.16713549       0.23139978E-02    0.0000000
  0.70000000      -0.56112271       0.17723198       0.23337036E-02    0.0000000
  0.75000000      -0.46972174       0.18841806       0.23710110E-02    0.0000000
  0.80000000      -0.38621864       0.20080322       0.24601787E-02    0.0000000
  0.85000000      -0.30506460       0.21372324       0.24656612E-02    0.0000000
  0.90000000      -0.22681576       0.22767810       0.23241546E-02    0.0000000
  0.95000000      -0.16180106       0.24195277       0.23608067E-02    0.0000000
  1.0000000      -0.10099466       0.25622276       0.24017123E-02    0.0000000
  1.0500000      -0.44649565E-01   0.27040622       0.24330440E-02    0.0000000
  1.1000000       0.46545445E-02   0.28358897       0.24400149E-02    0.0000000
  1.1500000       0.61623335E-01   0.29570645       0.24569264E-02    0.0000000
  1.2000000       0.10472687       0.30584359       0.24925508E-02    0.0000000
  1.2500000       0.14167397       0.31349519       0.30118564E-02    0.0000000
  1.3000000       0.16321403       0.31799974       0.39967082E-02    0.0000000
  1.3500000       0.19286321       0.31886297       0.38678301E-02    0.0000000
  1.4000000       0.21836491       0.31537470       0.39999895E-02    0.0000000
  1.4500000       0.23354452       0.30748127       0.39619293E-02    0.0000000
  1.5000000       0.24946080       0.29411566       0.27762946E-02    0.0000000
  1.5500000       0.24056551       0.27599914       0.25409572E-02    0.0000000
  1.6000000       0.23353868       0.25212421       0.31376637E-02    0.0000000
  1.6500000       0.23578203       0.22367245       0.28483839E-02    0.0000000
  1.7000000       0.21519587       0.19034551       0.26543699E-02    0.0000000
  1.7500000       0.21602039       0.15335483       0.25461267E-02    0.0000000
  1.8000000       0.19105525       0.11321802       0.27644769E-02    0.0000000
  1.8500000       0.17022084       0.71103187E-01   0.43194797E-02    0.0000000
  1.9000000       0.16113050       0.28009621E-01   0.26953145E-02    0.0000000
  1.9500000       0.13427685      -0.14994273E-01   0.26134926E-02    0.0000000
  2.0000000       0.12297401      -0.55377175E-01   0.28070906E-02    0.0000000
  2.0500000       0.84611996E-01  -0.92394770E-01   0.28062978E-02    0.0000000
  2.1000000       0.77460045E-01  -0.12519884       0.26906194E-02    0.0000000
  2.1500000       0.45586818E-01  -0.15306951       0.27353389E-02    0.0000000
  2.2000000       0.69790272E-02  -0.17462888       0.28444246E-02    0.0000000
  2.2500000      -0.13964705E-01  -0.18977325       0.28203521E-02    0.0000000
  2.3000000      -0.20161072E-01  -0.19873703       0.26854953E-02   0.66986993E-01
  2.3500000      -0.53718094E-01  -0.20075488       0.27743024E-02   0.24999894
  2.4000000      -0.76310384E-01  -0.19816589       0.27841111E-02   0.49999817
  2.4500000      -0.97986335E-01  -0.19211473       0.29785352E-02   0.74999788
  2.5000000      -0.10168564      -0.18372809       0.34054602E-02   0.93301117
  2.5500000      -0.12931953      -0.17333772       0.27809160E-02   1.00000000
  2.6000000      -0.14639075      -0.16273744       0.27805910E-02    1.0000000
  2.6500000      -0.16102456      -0.15271394       0.31285212E-02    1.0000000
  2.7000000      -0.17326594      -0.14352348       0.57170424E-02    1.0000000
  2.7500000      -0.16639653      -0.13723063       0.36691437E-02    1.0000000
  2.8000000      -0.17337462      -0.13088150       0.33005302E-02    1.0000000
  2.8500000      -0.16746628      -0.12249319       0.45983724E-02    1.0000000
  2.9000000      -0.14891507      -0.11099935       0.41778315E-02    1.0000000
  2.9500000      -0.13233036      -0.98371744E-01   0.29021016E-02    1.0000000
  3.0000000      -0.10796606      -0.85462290E-01   0.28384685E-02    1.0000000
  3.0500000      -0.81370360E-01  -0.70545014E-01   0.27953569E-02    1.0000000
  3.1000000      -0.55632965E-01  -0.53809670E-01   0.28178275E-02    1.0000000
  3.1500000      -0.24741119E-01  -0.35553042E-01   0.28169827E-02    1.0000000
  3.2000000       0.89347836E-02  -0.16244185E-01   0.27881090E-02    1.0000000
  3.2500000       0.26718611E-01   0.34786623E-02   0.29145349E-02    1.0000000
  3.3000000       0.36420274E-01   0.22987846E-01   0.29856937E-02    1.0000000
  3.3500000       0.47270056E-01   0.41768950E-01   0.28177419E-02    1.0000000
  3.4000000       0.54349799E-01   0.59257447E-01   0.32256446E-02    1.0000000
  3.4500000       0.62060524E-01   0.74578499E-01   0.36478502E-02    1.0000000
  3.5000000       0.77435812E-01   0.87200898E-01   0.31144835E-02    1.0000000
  3.5500000       0.84444785E-01   0.96752201E-01   0.31014536E-02    1.0000000
  3.6000000       0.89358188E-01   0.10297843       0.31727542E-02    1.0000000
  3.6500000       0.10068353       0.10572645       0.30556899E-02    1.0000000
  3.7000000       0.10304698       0.10510512       0.30341499E-02    1.0000000
  3.7500000       0.95105986E-01   0.10139243       0.30290677E-02    1.0000000
  3.8000000       0.83752787E-01   0.94943088E-01   0.30081443E-02    1.0000000
  3.8500000       0.93703638E-01   0.86256234E-01   0.27484499E-02    1.0000000
  3.9000000       0.84643789E-01   0.75937572E-01   0.27838333E-02    1.0000000
  3.9500000       0.63800511E-01   0.64602400E-01   0.29219890E-02    1.0000000
  4.0000000       0.55327126E-01   0.52801263E-01   0.29733682E-02    1.0000000
  4.0500000       0.44326002E-01   0.41119430E-01   0.29825233E-02    1.0000000
  4.1000000       0.22861487E-01   0.30008872E-01   0.37517580E-02    1.0000000
  4.1500000       0.13595169E-01   0.19795572E-01   0.34643599E-02    1.0000000
  4.2000000       0.14654456E-01   0.10661072E-01   0.29875692E-02    1.0000000
  4.2500000       0.52291645E-02   0.27298943E-02   0.28633276E-02    1.0000000
  4.3000000      -0.98956506E-02  -0.40200120E-02   0.29897563E-02    1.0000000
  4.3500000      -0.18653892E-01  -0.96948446E-02   0.28867589E-02    1.0000000
  4.4000000      -0.16013638E-01  -0.14436933E-01   0.27281319E-02    1.0000000
  4.4500000      -0.14166703E-01  -0.18464765E-01   0.27912063E-02    1.0000000
  4.5000000      -0.29152016E-01  -0.21957347E-01   0.28342025E-02    1.0000000
  4.5500000      -0.32863453E-01  -0.25050850E-01   0.28606315E-02    1.0000000
  4.6000000      -0.20464852E-01  -0.27872232E-01   0.27486925E-02    1.0000000
  4.6500000      -0.27828172E-01  -0.30427275E-01   0.27532925E-02    1.0000000
  4.7000000      -0.35062416E-01  -0.32651956E-01   0.27770113E-02    1.0000000
  4.7500000      -0.44484215E-01  -0.34424540E-01   0.28238983E-02    1.0000000
  4.8000000      -0.54043203E-01  -0.35705715E-01   0.28414668E-02    1.0000000
  4.8500000      -0.52800683E-01  -0.36240621E-01   0.28401723E-02    1.0000000
  4.9000000      -0.46099295E-01  -0.35878177E-01   0.29012894E-02    1.0000000
  4.9500000      -0.38988120E-01  -0.34527300E-01   0.29687798E-02    1.0000000
  5.0000000      -0.43416945E-01  -0.32298769E-01   0.27728166E-02    1.0000000
  5.0500000      -0.38119552E-01  -0.29132044E-01   0.27297749E-02    1.0000000
  5.1000000      -0.33928330E-01  -0.25184336E-01   0.28185004E-02    1.0000000
  5.1500000      -0.30269151E-01  -0.20706679E-01   0.30755736E-02    1.0000000
  5.2000000      -0.21233726E-01  -0.16041631E-01   0.61215858E-02    1.0000000
  5.2500000      -0.92218498E-02  -0.11467427E-01   0.28744563E-02    1.0000000
  5.3000000       0.37482034E-02  -0.73036208E-02   0.28903628E-02    1.0000000
  5.3500000      -0.78598643E-02  -0.38213159E-02   0.29076476E-02    1.0000000
  5.4000000      -0.66765257E-02  -0.12043875E-02   0.29000967E-02    1.0000000
  5.4500000      -0.26767065E-02   0.47903406E-03   0.27866613E-02    1.0000000
  5.5000000      -0.40388151E-03   0.12831662E-02   0.28855012E-02    1.0000000
  5.5500000       0.28522919E-02   0.13812517E-02   0.28082301E-02    1.0000000
  5.6000000       0.73675771E-02   0.10596044E-02   0.28191029E-02    1.0000000
  5.6500000       0.66227746E-02   0.63884038E-03   0.28628380E-02    1.0000000
  5.7000000       0.43711550E-02   0.46758729E-03   0.28050884E-02    1.0000000
  5.7500000       0.34492955E-02   0.86206250E-03   0.27464764E-02    1.0000000
  5.8000000       0.65970390E-02   0.20828749E-02   0.27015339E-02    1.0000000
  5.8500000       0.99714677E-02   0.42553674E-02   0.27580644E-02    1.0000000
  5.9000000       0.13670764E-01   0.73647213E-02   0.27797549E-02    1.0000000
  5.9500000       0.21089791E-01   0.11250021E-01   0.49999354E-02    1.0000000
  6.0000000       0.24313346E-01   0.15664882E-01   0.28486006E-02    1.0000000
  6.0500000       0.26659418E-01   0.20195319E-01   0.28505838E-02    1.0000000
  6.1000000       0.31310752E-01   0.24381526E-01   0.27552426E-02    1.0000000
  6.1500000       0.30279347E-01   0.27775043E-01   0.28222229E-02    1.0000000
  6.2000000       0.32068461E-01   0.29982691E-01   0.27460941E-02    1.0000000
  6.2500000       0.29132964E-01   0.30715496E-01   0.28394597E-02    1.0000000
  6.3000000       0.30292162E-01   0.29824084E-01   0.29097346E-02    1.0000000
  6.3500000       0.24332531E-01   0.27316036E-01   0.27385935E-02    1.0000000
  6.4000000       0.20608888E-01   0.23353339E-01   0.27775218E-02    1.0000000
  6.4500000       0.14567449E-01   0.18230844E-01   0.27903870E-02    1.0000000
  6.5000000       0.93320043E-02   0.12303916E-01   0.27624407E-02    1.0000000
  6.5500000       0.42820736E-02   0.60102376E-02   0.38655435E-02    1.0000000
  6.6000000       0.82411948E-02  -0.19472907E-03   0.54935170E-02    1.0000000
  6.6500000       0.18273583E-02  -0.59098539E-02   0.28382001E-02    1.0000000
  6.7000000      -0.10115147E-01  -0.10818120E-01   0.21068146E-02    1.0000000
  6.7500000      -0.17235825E-01  -0.14712274E-01   0.22805393E-02    1.0000000
  6.8000000      -0.21740358E-01  -0.17504208E-01   0.24542640E-02    1.0000000
  6.8500000      -0.23929517E-01  -0.19217984E-01   0.26279886E-02    1.0000000
  6.9000000      -0.24137033E-01  -0.19968814E-01   0.27835995E-02    1.0000000
  6.9500000      -0.22262852E-01  -0.19932236E-01   0.28366565E-02    1.0000000
  7.0000000      -0.19261151E-01  -0.19361789E-01   0.28897136E-02    1.0000000
  7.0500000      -0.15652023E-01  -0.18424664E-01   0.29427706E-02    1.0000000
  7.1000000      -0.12044705E-01  -0.17244287E-01   0.29799236E-02    1.0000000
  7.1500000      -0.99112659E-02  -0.15913316E-01   0.29606596E-02    1.0000000
  7.2000000      -0.80673480E-02  -0.14464298E-01   0.29413956E-02    1.0000000
  7.2500000      -0.64803022E-02  -0.12878457E-01   0.29221315E-02    1.0000000
  7.3000000      -0.53618535E-02  -0.11104618E-01   0.29655492E-02    1.0000000
  7.3500000      -0.45373781E-02  -0.90840904E-02   0.30384311E-02    1.0000000
  7.4000000      -0.35283647E-02  -0.67765059E-02   0.31113130E-02    1.0000000
  7.4500000      -0.20764921E-02  -0.41816198E-02   0.31711774E-02    1.0000000
  7.5000000       0.18199929E-02  -0.13351745E-02   0.31409224E-02    1.0000000
  7.5500000       0.58620381E-02   0.16844206E-02   0.31106675E-02    1.0000000
  7.6000000       0.93386078E-02   0.47114278E-02   0.30804125E-02    1.0000000
  7.6500000       0.10598845E-01   0.75440989E-02   0.30703813E-02    1.0000000
  7.7000000       0.90075660E-02   0.99691097E-02   0.30774636E-02    1.0000000
  7.7500000       0.68956312E-02   0.11791576E-01   0.30845460E-02    1.0000000
  7.8000000       0.51509262E-02   0.12863974E-01   0.31091859E-02    1.0000000
  7.8500000       0.62223805E-02   0.13109174E-01   0.31890899E-02    1.0000000
  7.9000000       0.75142664E-02   0.12533779E-01   0.32689938E-02    1.0000000
  7.9500000       0.84424957E-02   0.11229560E-01   0.33488977E-02    1.0000000
  8.0000000       0.70219485E-02   0.93838457E-02   0.32330770E-02    1.0000000
  8.0500000       0.43073844E-02   0.71896498E-02   0.30948009E-02    1.0000000
  8.1000000       0.13234268E-02   0.48762863E-02   0.29565248E-02    1.0000000
  8.1500000      -0.12582149E-02   0.26909142E-02   0.29675348E-02    1.0000000
  8.2000000      -0.29415132E-02   0.84548053E-03   0.31083881E-02    1.0000000
  8.2500000      -0.38504346E-02  -0.50969403E-03   0.32492414E-02    1.0000000
  8.3000000      -0.35847222E-02  -0.13026042E-02   0.37683215E-02    1.0000000
  8.3500000      -0.15053297E-02  -0.15442940E-02   0.49303580E-02    1.0000000
  8.4000000       0.11666541E-02  -0.13213386E-02   0.60923945E-02    1.0000000
  8.4500000       0.38510072E-02  -0.77770452E-03   0.67966018E-02    1.0000000
  8.5000000       0.44949094E-02  -0.84838461E-04   0.61913763E-02    1.0000000
  8.5500000       0.44461874E-02   0.56655724E-03   0.55861507E-02    1.0000000
  8.6000000       0.37935588E-02   0.10098021E-02   0.49809251E-02    1.0000000
  8.6500000       0.26257413E-02   0.11322171E-02   0.43756995E-02    1.0000000
  8.7000000       0.10314523E-02   0.88397512E-03   0.37704739E-02    1.0000000
  8.7500000      -0.90059039E-03   0.28184012E-03   0.31993809E-02    1.0000000
  8.8000000      -0.36280141E-02  -0.59799857E-03   0.32417425E-02    1.0000000
  8.8500000      -0.64965123E-02  -0.16362440E-02   0.32841040E-02    1.0000000
  8.9000000      -0.92248802E-02  -0.26927854E-02   0.33264656E-02    1.0000000
  8.9500000      -0.11617699E-01  -0.36309510E-02   0.33688272E-02    1.0000000
  9.0000000      -0.13479552E-01  -0.43585612E-02   0.34111887E-02    1.0000000
  9.0500000      -0.14609819E-01  -0.47963692E-02   0.34434398E-02    1.0000000
  9.1000000      -0.12267883E-01  -0.49027538E-02   0.34332330E-02    1.0000000
  9.1500000      -0.93236847E-02  -0.47061421E-02   0.34230262E-02    1.0000000
  9.2000000      -0.60618345E-02  -0.42754435E-02   0.34128194E-02    1.0000000
  9.2500000      -0.27669453E-02  -0.37041227E-02   0.34026126E-02    1.0000000
  9.3000000       0.27637066E-03  -0.30912730E-02   0.33924059E-02    1.0000000
  9.3500000       0.17207856E-02  -0.25230879E-02   0.34028429E-02    1.0000000
  9.4000000       0.57982378E-03  -0.20578373E-02   0.34305758E-02    1.0000000
  9.4500000      -0.88635000E-03  -0.17167183E-02   0.34583086E-02    1.0000000
  9.5000000      -0.23860409E-02  -0.14729744E-02   0.34860415E-02    1.0000000
  9.5500000      -0.36275542E-02  -0.12670853E-02   0.35137744E-02    1.0000000
  9.6000000      -0.43191950E-02  -0.10336507E-02   0.35415073E-02    1.0000000
  9.6500000      -0.17359853E-02  -0.69754625E-03   0.35816510E-02    1.0000000
  9.7000000       0.24184801E-02  -0.19813440E-03   0.36229922E-02    1.0000000
  9.7500000       0.67173420E-02   0.49571679E-03   0.36643334E-02    1.0000000
  9.8000000       0.10748805E-01   0.13759663E-02   0.37056745E-02    1.0000000
  9.8500000       0.14101075E-01   0.23928858E-02   0.37470157E-02    1.0000000
  9.9000000       0.14875936E-01   0.34602024E-02   0.38155485E-02    1.0000000
  9.9500000       0.12276893E-01   0.44670410E-02   0.39016494E-02    1.0000000
  10.000000       0.88953049E-02   0.52953090E-02   0.39877502E-02    1.0000000
  10.050000       0.51189308E-02   0.58328710E-02   0.40738511E-02    1.0000000
  10.100000       0.13355310E-02   0.59973178E-02   0.41599519E-02    1.0000000
  10.150000      -0.17289892E-02   0.57502192E-02   0.41834200E-02    1.0000000
  10.200000      -0.20100412E-02   0.51016460E-02   0.40899477E-02    1.0000000
  10.250000      -0.17949101E-02   0.41094532E-02   0.39964755E-02    1.0000000
  10.300000      -0.12534370E-02   0.28713152E-02   0.39030032E-02    1.0000000
  10.350000      -0.55546268E-03   0.15108929E-02   0.38095309E-02    1.0000000
  10.400000       0.11109626E-03   0.16044802E-03   0.37056704E-02    1.0000000
  10.450000      -0.55741949E-03  -0.10572637E-02   0.35676534E-02    1.0000000
  10.500000      -0.12655135E-02  -0.20449546E-02   0.34296364E-02    1.0000000
  10.550000      -0.18913585E-02  -0.27422043E-02   0.32916194E-02    1.0000000
  10.600000      -0.23131270E-02  -0.31307102E-02   0.31536024E-02    1.0000000
  10.650000      -0.22887429E-02  -0.32328694E-02   0.32568736E-02    1.0000000
  10.700000      -0.39381030E-03  -0.31042840E-02   0.39306480E-02    1.0000000
  10.750000       0.16506347E-02  -0.28217398E-02   0.46044225E-02    1.0000000
  10.800000       0.35707488E-02  -0.24688773E-02   0.52781969E-02    1.0000000
  10.850000       0.50926882E-02  -0.21220253E-02   0.59519714E-02   1.00000000
  10.900000       0.56773319E-02  -0.18385071E-02   0.62404918E-02   0.93301117
  10.950000       0.30022850E-02  -0.16491751E-02   0.57251077E-02   0.74999788
  11.000000      -0.62045191E-04  -0.15587094E-02   0.52097236E-02   0.49999817
  11.050000      -0.30845060E-02  -0.15485342E-02   0.46943395E-02   0.24999894
  11.100000      -0.56339449E-02  -0.15741145E-02   0.41789554E-02   0.66986993E-01
  11.150000      -0.62209369E-02  -0.15817699E-02   0.39958946E-02    0.0000000
  11.200000      -0.39321509E-02  -0.15180115E-02   0.40358662E-02   0.38025635E-39
  11.250000      -0.95420924E-03  -0.13404676E-02   0.40758379E-02    0.0000000
  11.300000       0.23569198E-02  -0.10264374E-02   0.41158096E-02    0.0000000
  11.350000       0.56452677E-02  -0.57769511E-03   0.41557812E-02    0.0000000
  11.400000       0.66138307E-02  -0.20869279E-04   0.43274699E-02    0.0000000
  11.450000       0.58035253E-02   0.59649145E-03   0.45161386E-02    0.0000000
  11.500000       0.43978066E-02   0.43978066E-02   0.47048074E-02    0.0000000
  11.550000       0.25783800E-02   0.25783800E-02   0.48934762E-02    0.0000000
  11.600000       0.52695077E-03   0.52695077E-03   0.50821449E-02    0.0000000
  11.650000      -0.15747759E-02  -0.15747759E-02   0.52708137E-02    0.0000000
  11.700000      -0.35450946E-02  -0.35450946E-02   0.54594824E-02    0.0000000
  11.750000      -0.38333693E-02  -0.38333693E-02   0.52927380E-02    0.0000000
  11.800000      -0.33769522E-02  -0.33769522E-02   0.51257380E-02    0.0000000
  11.850000      -0.26937256E-02  -0.26937256E-02   0.49587381E-02    0.0000000
  11.900000      -0.18454136E-02  -0.18454136E-02   0.47917381E-02    0.0000000
  11.950000      -0.89374003E-03  -0.89374003E-03   0.46247381E-02    0.0000000
  12.000000       0.99570903E-04   0.99570903E-04   0.44577381E-02    0.0000000
  12.050000       0.10615815E-02   0.10615815E-02   0.42901226E-02    0.0000000
  12.100000       0.18772135E-02   0.18772135E-02   0.41215626E-02    0.0000000
  12.150000       0.25623473E-02   0.25623473E-02   0.39530027E-02    0.0000000
  12.200000       0.30662794E-02   0.30662794E-02   0.37844428E-02    0.0000000
  12.250000       0.33383068E-02   0.33383068E-02   0.36158828E-02    0.0000000
  12.300000       0.33277261E-02   0.33277261E-02   0.34473229E-02    0.0000000
  12.350000       0.29838342E-02   0.29838342E-02   0.32787629E-02    0.0000000
  12.400000       0.13562495E-02   0.13562495E-02   0.35919122E-02    0.0000000
  12.450000      -0.10421177E-02  -0.10421177E-02   0.39507113E-02    0.0000000
  12.500000      -0.35720663E-02  -0.35720663E-02   0.43095104E-02    0.0000000
  12.550000      -0.60787420E-02  -0.60787420E-02   0.46683095E-02    0.0000000
  12.600000      -0.84072906E-02  -0.84072906E-02   0.50271087E-02    0.0000000
  12.650000      -0.10402858E-01  -0.10402858E-01   0.53859078E-02    0.0000000
  12.700000      -0.11315468E-01  -0.11315468E-01   0.54379909E-02    0.0000000
  12.750000      -0.10677836E-01  -0.10677836E-01   0.53139212E-02    0.0000000
  12.800000      -0.96055842E-02  -0.96055842E-02   0.51898516E-02    0.0000000
  12.850000      -0.81977346E-02  -0.81977346E-02   0.50657820E-02    0.0000000
  12.900000      -0.65533084E-02  -0.65533084E-02   0.49417124E-02    0.0000000
  12.950000      -0.47713267E-02  -0.47713267E-02   0.48176428E-02    0.0000000
  13.000000      -0.30963234E-02  -0.30963234E-02   0.47795215E-02    0.0000000
  13.050000      -0.18511972E-02  -0.18511972E-02   0.48148840E-02    0.0000000
  13.100000      -0.65060056E-03  -0.65060056E-03   0.48502466E-02    0.0000000
  13.150000       0.49553757E-03   0.49553757E-03   0.48856091E-02    0.0000000
  13.200000       0.15772882E-02   0.15772882E-02   0.49209716E-02    0.0000000
  13.250000       0.25847223E-02   0.25847223E-02   0.49563341E-02    0.0000000
  13.300000       0.34740300E-02   0.34740300E-02   0.49739779E-02    0.0000000
  13.350000       0.41582627E-02   0.41582627E-02   0.49749929E-02    0.0000000
  13.400000       0.47499527E-02   0.47499527E-02   0.49760079E-02    0.0000000
  13.450000       0.52572865E-02   0.52572865E-02   0.49770229E-02    0.0000000
  13.500000       0.56884504E-02   0.56884504E-02   0.49780379E-02    0.0000000
  13.550000       0.60516307E-02   0.60516307E-02   0.49790529E-02    0.0000000
  13.600000       0.63550139E-02   0.63550139E-02   0.49800679E-02    0.0000000
  13.650000       0.66067862E-02   0.66067862E-02   0.49810829E-02    0.0000000
  13.700000       0.69753742E-02   0.69753742E-02   0.53661989E-02    0.0000000
  13.750000       0.75190393E-02   0.75190393E-02   0.59167291E-02    0.0000000
  13.800000       0.79775106E-02   0.79775106E-02   0.64672594E-02    0.0000000
  13.850000       0.83196512E-02   0.83196512E-02   0.70177897E-02    0.0000000
  13.900000       0.85143240E-02   0.85143240E-02   0.75683200E-02    0.0000000
  13.950000       0.85303923E-02   0.85303923E-02   0.81188503E-02    0.0000000
  14.000000       0.83367189E-02   0.83367189E-02   0.86693805E-02    0.0000000
  14.050000       0.79021671E-02   0.79021671E-02   0.91341072E-02    0.0000000
  14.100000       0.64614625E-02   0.64614625E-02   0.86477950E-02    0.0000000
  14.150000       0.46048159E-02   0.46048159E-02   0.81614827E-02    0.0000000
  14.200000       0.26021681E-02   0.26021681E-02   0.76751705E-02    0.0000000
  14.250000       0.52314892E-03   0.52314892E-03   0.71888582E-02    0.0000000
  14.300000      -0.15626115E-02  -0.15626115E-02   0.67025460E-02    0.0000000
  14.350000      -0.35854833E-02  -0.35854833E-02   0.62162337E-02    0.0000000
  14.400000      -0.54758364E-02  -0.54758364E-02   0.57299215E-02    0.0000000
  14.450000      -0.68815546E-02  -0.68815546E-02   0.57589933E-02    0.0000000
  14.500000      -0.76383185E-02  -0.76383185E-02   0.59991600E-02    0.0000000
  14.550000      -0.81682678E-02  -0.81682678E-02   0.62393267E-02    0.0000000
  14.600000      -0.84803779E-02  -0.84803779E-02   0.64794934E-02    0.0000000
  14.650000      -0.85836243E-02  -0.85836243E-02   0.67196602E-02    0.0000000
  14.700000      -0.84869824E-02  -0.84869824E-02   0.69598269E-02    0.0000000
  14.750000      -0.81994275E-02  -0.81994275E-02   0.71999936E-02    0.0000000
  14.800000      -0.76620939E-02  -0.76620939E-02   0.71553362E-02    0.0000000
  14.850000      -0.66553981E-02  -0.66553981E-02   0.68141084E-02    0.0000000
  14.900000      -0.55404487E-02  -0.55404487E-02   0.64728805E-02    0.0000000
  14.950000      -0.43709426E-02  -0.43709426E-02   0.61316527E-02    0.0000000
  15.000000      -0.32005770E-02  -0.32005770E-02   0.57904249E-02    0.0000000
  15.050000      -0.20830491E-02  -0.20830491E-02   0.54491971E-02    0.0000000
  15.100000      -0.10720559E-02  -0.10720559E-02   0.51079693E-02    0.0000000
  15.150000      -0.38315103E-03  -0.38315103E-03   0.53888229E-02    0.0000000
  15.200000      -0.76519541E-03  -0.76519541E-03   0.63654948E-02    0.0000000
  15.250000      -0.12553228E-02  -0.12553228E-02   0.73421667E-02    0.0000000
  15.300000      -0.17754716E-02  -0.17754716E-02   0.83188387E-02    0.0000000
  15.350000      -0.22475800E-02  -0.22475800E-02   0.92955106E-02    0.0000000
  15.400000      -0.25935863E-02  -0.25935863E-02   0.10272183E-01    0.0000000
  15.450000      -0.27354287E-02  -0.27354287E-02   0.11248855E-01    0.0000000
  15.500000      -0.21244999E-02  -0.21244999E-02   0.11207512E-01    0.0000000
  15.550000      -0.13336525E-03  -0.13336525E-03   0.10555753E-01    0.0000000
  15.600000       0.20173659E-02   0.20173659E-02   0.99039939E-02    0.0000000
  15.650000       0.41998509E-02   0.41998509E-02   0.92522346E-02    0.0000000
  15.700000       0.62862470E-02   0.62862470E-02   0.86004754E-02    0.0000000
  15.750000       0.81487114E-02   0.81487114E-02   0.79487161E-02    0.0000000
  15.800000       0.96594015E-02   0.96594015E-02   0.72969569E-02    0.0000000
  15.850000       0.91745596E-02   0.91745596E-02   0.75711012E-02    0.0000000
  15.900000       0.76079002E-02   0.76079002E-02   0.79045359E-02    0.0000000
  15.950000       0.60412408E-02   0.60412408E-02   0.82379705E-02    0.0000000
  16.000000       0.44745814E-02   0.44745814E-02   0.85714052E-02    0.0000000
  16.050000       0.29079220E-02   0.29079220E-02   0.89048398E-02    0.0000000
  16.100000       0.13412626E-02   0.13412626E-02   0.92382745E-02    0.0000000
  16.150000      -0.14709525E-03  -0.14709525E-03   0.93742081E-02    0.0000000
  16.200000       0.47780064E-03   0.47780064E-03   0.91811636E-02    0.0000000
  16.250000       0.11026965E-02   0.11026965E-02   0.89881191E-02    0.0000000
  16.300000       0.17275924E-02   0.17275924E-02   0.87950747E-02    0.0000000
  16.350000       0.23524883E-02   0.23524883E-02   0.86020302E-02    0.0000000
  16.400000       0.29773842E-02   0.29773842E-02   0.84089857E-02    0.0000000
  16.450000       0.36022801E-02   0.36022801E-02   0.82159412E-02    0.0000000
  16.500000       0.29688458E-02   0.29688458E-02   0.82852198E-02    0.0000000
  16.550000       0.15318126E-02   0.15318126E-02   0.83666526E-02    0.0000000
  16.600000       0.94779412E-04   0.94779412E-04   0.84480854E-02    0.0000000
  16.650000      -0.13422538E-02  -0.13422538E-02   0.85295182E-02    0.0000000
  16.700000      -0.27792869E-02  -0.27792869E-02   0.86109510E-02    0.0000000
  16.750000      -0.42163201E-02  -0.42163201E-02   0.86923838E-02    0.0000000
  16.800000      -0.52677263E-02  -0.52677263E-02   0.92756766E-02    0.0000000
  16.850000      -0.51111248E-02  -0.51111248E-02   0.10200393E-01    0.0000000
  16.900000      -0.49545233E-02  -0.49545233E-02   0.11125109E-01    0.0000000
  16.950000      -0.47979218E-02  -0.47979218E-02   0.12049825E-01    0.0000000
  17.000000      -0.46413203E-02  -0.46413203E-02   0.12974541E-01    0.0000000
  17.050000      -0.44847188E-02  -0.44847188E-02   0.13899257E-01    0.0000000
  17.100000      -0.43281172E-02  -0.43281172E-02   0.14823973E-01    0.0000000
