e (keV)         k		ksqchi         	ksqdchi			
8.33051	     0.0000000       -0.0000000        0.0000000
8.330519569  0.50000000E-01  -0.39539243E-02   0.98321420E-05
8.330548275  0.10000000      -0.16177097E-01   0.39687097E-04
8.330596119  0.15000000      -0.37211616E-01   0.90102658E-04
8.3306631    0.20000000      -0.67599584E-01   0.16161662E-03
8.330749219  0.25000000      -0.10788310       0.25476678E-03
8.330854476  0.30000000      -0.15860426       0.37009092E-03
8.33097887   0.35000000      -0.22030516       0.50812684E-03
8.331122402  0.40000000      -0.27259146       0.67361859E-03
8.331285071  0.45000000      -0.32291203       0.86618342E-03
8.331466878  0.50000000      -0.37138950       0.10861955E-02
8.331667822  0.55000000      -0.41071705       0.13303039E-02
8.331887904  0.60000000      -0.44164426       0.16006225E-02
8.332127123  0.65000000      -0.45960032       0.18896769E-02
8.33238548   0.70000000      -0.46088014       0.21920578E-02
8.332662975  0.75000000      -0.44628677       0.25050944E-02
8.332959607  0.80000000      -0.41410278       0.28232739E-02
8.333275376  0.85000000      -0.36223209       0.31521799E-02
8.333610284  0.90000000      -0.29303922       0.34684432E-02
8.333964328  0.95000000      -0.20970382       0.37274240E-02
8.334337511  1.0000000      -0.11168731       0.40133790E-02
8.33472983   1.0500000      -0.46258260E-02   0.42676613E-02
8.335141288  1.1000000       0.10649488       0.44813187E-02
8.335571883  1.1500000       0.21871057       0.46883133E-02
8.336021615  1.2000000       0.32885205       0.48655208E-02
8.336490485  1.2500000       0.42819786       0.50530331E-02
8.336978493  1.3000000       0.52033576       0.51804685E-02
8.337485638  1.3500000       0.59628666       0.53900592E-02
8.338011921  1.4000000       0.65932712       0.55403935E-02
8.338557341  1.4500000       0.69924489       0.56679229E-02
8.339121899  1.5000000       0.72216873       0.58523567E-02
8.339705594  1.5500000       0.71085754       0.60091275E-02
8.340308427  1.6000000       0.69016425       0.61132764E-02
8.340930398  1.6500000       0.66159369       0.61931416E-02
8.341571506  1.7000000       0.61458954       0.62555463E-02
8.342231751  1.7500000       0.55206239       0.65259538E-02
8.342911134  1.8000000       0.47878740       0.67952471E-02
8.343609655  1.8500000       0.40136380       0.70650140E-02
8.344327313  1.9000000       0.33299993       0.73579377E-02
8.345064109  1.9500000       0.28323925       0.76511437E-02
8.345820042  2.0000000       0.23976761       0.79515744E-02
8.346595113  2.0500000       0.19636717       0.82653072E-02
8.347389322  2.1000000       0.15122638       0.85802089E-02
8.348202668  2.1500000       0.10385433       0.88209457E-02
8.349035151  2.2000000       0.52920647E-01   0.90367466E-02
8.349886772  2.2500000      -0.10097979E-01   0.92526462E-02
8.350757531  2.3000000      -0.10116484       0.94740980E-02
8.351647427  2.3500000      -0.21233324       0.96930578E-02
8.352556461  2.4000000      -0.33037949       0.99583240E-02
8.353484632  2.4500000      -0.45246751       0.10219601E-01
8.354431941  2.5000000      -0.58778306       0.10726301E-01
8.355398387  2.5500000      -0.73651457       0.11273495E-01
8.356383971  2.6000000      -0.87593383       0.11534127E-01
8.357388693  2.6500000      -0.99014455       0.11715820E-01
8.358412552  2.7000000       -1.0828092       0.12326980E-01
8.359455549  2.7500000       -1.1508774       0.13056365E-01
8.360517683  2.8000000       -1.1861666       0.13742665E-01
8.361598955  2.8500000       -1.1820575       0.14442880E-01
8.362699364  2.9000000       -1.1296465       0.15444587E-01
8.363818911  2.9500000       -1.0312752       0.16448755E-01
8.364957595  3.0000000      -0.90894465       0.17336357E-01
8.366115417  3.0500000      -0.75868066       0.18246574E-01
8.367292377  3.1000000      -0.55888316       0.19176889E-01
8.368488474  3.1500000      -0.35003923       0.20259598E-01
8.369703708  3.2000000      -0.15893649       0.21408479E-01
8.37093808  3.2500000       0.43613115E-01   0.22391247E-01
8.37219159  3.3000000       0.24239058       0.23483996E-01
8.373464237  3.3500000       0.38886424       0.24711951E-01
8.374756022  3.4000000       0.51878004       0.25647401E-01
8.376066945  3.4500000       0.63850248       0.26417538E-01
8.377397004  3.5000000       0.71696259       0.26897264E-01
8.378746202  3.5500000       0.77349769       0.27711415E-01
8.380114537  3.6000000       0.82059498       0.28651045E-01
8.38150201  3.6500000       0.85596155       0.29683564E-01
8.38290862  3.7000000       0.88449550       0.30638935E-01
8.384334367  3.7500000       0.91054883       0.31487511E-01
8.385779253  3.8000000       0.93846114       0.32275380E-01
8.387243275  3.8500000       0.95392856       0.33557540E-01
8.388726436  3.9000000       0.96138723       0.34307912E-01
8.390228734  3.9500000       0.96544402       0.34900359E-01
8.391750169  4.0000000       0.94869341       0.35601510E-01
8.393290742  4.0500000       0.92114669       0.36306265E-01
8.394850453  4.1000000       0.86815188       0.37044962E-01
8.396429301  4.1500000       0.78228970       0.37934148E-01
8.398027286  4.2000000       0.69280643       0.38880104E-01
8.39964441  4.2500000       0.57793171       0.39474976E-01
8.40128067  4.3000000       0.45908717       0.39874817E-01
8.402936069  4.3500000       0.31799212       0.40176534E-01
8.404610605  4.4000000       0.14609252       0.40592761E-01
8.406304278  4.4500000      -0.97377241E-02   0.41095996E-01
8.408017089  4.5000000      -0.21911093       0.41725888E-01
8.409749038  4.5500000      -0.40713737       0.43231517E-01
8.411500124  4.6000000      -0.59831495       0.43851377E-01
8.413270347  4.6500000      -0.78054648       0.44409493E-01
8.415059708  4.7000000      -0.92314647       0.45088807E-01
8.416868207  4.7500000       -1.0279492       0.45772523E-01
8.418695844  4.8000000       -1.1078184       0.47381995E-01
8.420542617  4.8500000       -1.1486457       0.49287026E-01
8.422408529  4.9000000       -1.1299088       0.50164532E-01
8.424293578  4.9500000       -1.0650700       0.50814630E-01
8.426197764  5.0000000      -0.98460155       0.52102797E-01
8.428121088  5.0500000      -0.87842624       0.53262933E-01
8.43006355  5.1000000      -0.77024591       0.54536174E-01
8.432025149  5.1500000      -0.65930439       0.56923799E-01
8.434005886  5.2000000      -0.54944320       0.56943382E-01
8.43600576  5.2500000      -0.44916167       0.58600780E-01
8.438024772  5.3000000      -0.36564694       0.60462571E-01
8.440062921  5.3500000      -0.28655029       0.62211267E-01
8.442120208  5.4000000      -0.20160080       0.64162640E-01
8.444196633  5.4500000      -0.12849472       0.64922355E-01
8.446292195  5.5000000      -0.63043493E-01   0.66297990E-01
8.448406894  5.5500000      -0.46434849E-02   0.67303844E-01
8.450540731  5.6000000       0.68065786E-01   0.69312214E-01
8.452693706  5.6500000       0.15384379       0.70662283E-01
8.454865818  5.7000000       0.23799232       0.72480674E-01
8.457057068  5.7500000       0.32745737       0.74772745E-01
8.459267456  5.8000000       0.42805669       0.75859024E-01
8.46149698  5.8500000       0.52142246       0.77618225E-01
8.463745643  5.9000000       0.60822169       0.79935052E-01
8.466013443  5.9500000       0.69005597       0.80673755E-01
8.468300381  6.0000000       0.76055022       0.82399248E-01
8.470606456  6.0500000       0.79254928       0.84454185E-01
8.472931668  6.1000000       0.80336189       0.86123300E-01
8.475276019  6.1500000       0.78587451       0.87474028E-01
8.477639506  6.2000000       0.73484522       0.88797180E-01
8.480022132  6.2500000       0.66546121       0.91089906E-01
8.482423895  6.3000000       0.57743096       0.91709575E-01
8.484844795  6.3500000       0.47819130       0.93985211E-01
8.487284833  6.4000000       0.39666384       0.96199545E-01
8.489744008  6.4500000       0.30095945       0.96697128E-01
8.492222322  6.5000000       0.19578204       0.98502018E-01
8.494719772  6.5500000       0.13821096       0.10145694
8.49723636  6.6000000       0.61422336E-01   0.10307213
8.499772086  6.6500000      -0.22820040E-01   0.10464865
8.502326949  6.7000000      -0.11089004       0.10623727
8.50490095  6.7500000      -0.19885532       0.10783799
8.507494089  6.8000000      -0.28257508       0.10945082
8.510106365  6.8500000      -0.35766774       0.11137314
8.512737778  6.9000000      -0.40958430       0.11337873
8.515388329  6.9500000      -0.44420191       0.11540707
8.518058018  7.0000000      -0.46563323       0.11745179
8.520746844  7.0500000      -0.47411188       0.11928320
8.523454808  7.1000000      -0.46798857       0.12113079
8.526181909  7.1500000      -0.45027539       0.12299461
8.528928148  7.2000000      -0.42244097       0.12514581
8.531693524  7.2500000      -0.38648845       0.12786161
8.534478038  7.3000000      -0.34454752       0.13061637
8.53728169  7.3500000      -0.29599088       0.13341037
8.540104479  7.4000000      -0.24159029       0.13514551
8.542946405  7.4500000      -0.17913743       0.13648377
8.54580747  7.5000000      -0.11264639       0.13782106
8.548687671  7.5500000      -0.46728111E-01   0.13932104
8.551587011  7.6000000       0.14068047E-01   0.14142205
8.554505487  7.6500000       0.63378744E-01   0.14354187
8.557443102  7.7000000       0.10491135       0.14568057
8.560399854  7.7500000       0.13791837       0.14885637
8.563375743  7.8000000       0.15939371       0.15235883
8.56637077  7.8500000       0.17133639       0.15591422
8.569384935  7.9000000       0.17527267       0.15866054
8.572418237  7.9500000       0.17112684       0.16027554
8.575470676  8.0000000       0.16014632       0.16189316
8.578542254  8.0500000       0.14596359       0.16365078
8.581632968  8.1000000       0.13227159       0.16630221
8.584742821  8.1500000       0.12588229       0.16898143
8.587871811  8.2000000       0.11904709       0.17168858
8.591019938  8.2500000       0.10992639       0.17951629
8.594187203  8.3000000       0.91350138E-01   0.18801667
8.597373606  8.3500000       0.69607638E-01   0.19668293
8.600579146  8.4000000       0.46799346E-01   0.19663345
8.603803823  8.4500000       0.27656868E-01   0.19353660
8.607047639  8.5000000       0.10092828E-01   0.19032445
8.610310591  8.5500000      -0.72205733E-02   0.19063116
8.613592682  8.6000000      -0.25989022E-01   0.19289153
8.61689391  8.6500000      -0.45390043E-01   0.19516551
8.620214275  8.7000000      -0.64390596E-01   0.19749079
8.623553778  8.7500000      -0.82530424E-01   0.19985615
8.626912419  8.8000000      -0.99106643E-01   0.20223659
8.630290197  8.8500000      -0.11334600       0.20428555
8.633687112  8.9000000      -0.12599960       0.20611151
8.637103165  8.9500000      -0.13444027       0.20793949
8.640538356  9.0000000      -0.13543957       0.20302497
8.643992684  9.0500000      -0.11992607       0.19442468
8.64746615  9.1000000      -0.94202669E-01   0.18559620
8.650958754  9.1500000      -0.64763197E-01   0.18391775
8.654470495  9.2000000      -0.39962293E-01   0.18447533
8.658001373  9.2500000      -0.17779053E-01   0.18501213
8.661551389  9.3000000       0.17294478E-02   0.18467135
8.665120543  9.3500000       0.12161612E-01   0.18420399
8.668708834  9.4000000       0.23536804E-01   0.18378600
8.672316263  9.4500000       0.42927356E-01   0.18415862
8.675942829  9.5000000       0.79500392E-01   0.18450793
8.679588533  9.5500000       0.11917532       0.18481695
8.683253374  9.6000000       0.15497120       0.18506824
8.686937353  9.6500000       0.18239618       0.18529439
8.69064047  9.7000000       0.20089003       0.18635093
8.694362724  9.7500000       0.20245074       0.18797105
8.698104115  9.8000000       0.19224412       0.18959476
8.701864644  9.8500000       0.17666386       0.18904534
8.705644311  9.9000000       0.16391477       0.18826436
8.709443115  9.9500000       0.14907178       0.18743091
8.713261057  10.000000       0.13084713       0.18653122
8.717098136  10.050000       0.10915773       0.18558508
8.720954353  10.100000       0.86715784E-01   0.18505683
8.724829708  10.150000       0.69300189E-01   0.18475434
8.7287242  10.200000       0.51394357E-01   0.18445257
8.732637829  10.250000       0.25595677E-01   0.18465030
8.736570596  10.300000      -0.15665740E-01   0.18482531
8.740522501  10.350000      -0.58791570E-01   0.18627237
8.744493543  10.400000      -0.93595938E-01   0.18898855
8.748483723  10.450000      -0.11958756       0.19173102
8.75249304  10.500000      -0.13834393       0.19042650
8.756521495  10.550000      -0.14832877       0.18901406
8.760569088  10.600000      -0.15402444       0.18810031
8.764635818  10.650000      -0.16045248       0.18772301
8.768721685  10.700000      -0.16650940       0.18738945
8.77282669  10.750000      -0.17000494       0.18913111
8.776950833  10.800000      -0.17050006       0.19088072
8.781094113  10.850000      -0.16040486       0.18996888
8.785256531  10.900000      -0.11925284       0.18722522
8.789438086  10.950000      -0.68961006E-01   0.19016891
8.793638779  11.000000      -0.42703721E-01   0.21854463
8.797858609  11.050000      -0.54635134E-01   0.24741366
8.802097577  11.100000      -0.73339377E-01   0.25359182
8.806355683  11.150000      -0.73023422E-01   0.25436272
8.810632926  11.200000      -0.65951713E-01   0.25618461
8.814929306  11.250000      -0.52069030E-01   0.25930282
8.819244825  11.300000      -0.34570692E-01   0.26258321
8.82357948  11.350000      -0.19552854E-01   0.26685623
8.827933274  11.400000      -0.10737170E-01   0.27117387
8.832306204  11.450000      -0.27025650E-02   0.27557726
8.836698273  11.500000       0.65274279E-02   0.28003590
8.841109479  11.550000       0.19738545E-01   0.28460770
8.845539822  11.600000       0.46373401E-01   0.28928768
8.849989303  11.650000       0.76462826E-01   0.29336980
8.854457922  11.700000       0.92288774E-01   0.29570399
8.858945678  11.750000       0.89085777E-01   0.29806958
8.863452572  11.800000       0.74863778E-01   0.30122820
8.867978603  11.850000       0.52258264E-01   0.30440809
8.872523772  11.900000       0.31776965E-01   0.30709114
8.877088078  11.950000       0.27933490E-01   0.30966321
8.881671522  12.000000       0.32612751E-01   0.31239557
8.886274104  12.050000       0.48373705E-01   0.31523742
8.890895823  12.100000       0.63909507E-01   0.31839819
8.895536679  12.150000       0.58945205E-01   0.32198915
8.900196673  12.200000       0.39847714E-01   0.32457222
8.904875805  12.250000       0.28012938E-01   0.32442040
8.909574074  12.300000       0.27571377E-01   0.32439511
8.914291481  12.350000       0.27081802E-01   0.32537719
8.919028025  12.400000       0.23828456E-01   0.32634188
8.923783707  12.450000       0.29238672E-01   0.32717016
8.928558527  12.500000       0.50112881E-01   0.32797994
8.933352484  12.550000       0.57598141E-01   0.32626189
8.938165578  12.600000       0.23330184E-01   0.32423671
8.94299781  12.650000      -0.54050001E-02   0.32281270
8.94784918  12.700000       0.19822506E-01   0.32147784
8.952719687  12.750000       0.49804762E-01   0.31755998
8.957609332  12.800000       0.43571131E-01   0.31270843
8.962518114  12.850000       0.25057625E-01   0.30949592
8.967446034  12.900000       0.75248572E-02   0.30694419
8.972393091  12.950000      -0.11197440E-01   0.30423620
8.977359286  13.000000      -0.20824339E-01   0.30141434
8.982344619  13.050000      -0.23930005E-01   0.29852175
8.987349089  13.100000      -0.22088994E-01   0.29555802
8.992372697  13.150000      -0.16058446E-01   0.29252265
8.997415442  13.200000      -0.66211829E-02   0.28941518
9.002477324  13.250000       0.54140331E-02   0.28623519
9.007558345  13.300000       0.19212253E-01   0.28298217
9.012658503  13.350000       0.33912086E-01   0.27965570
9.017777798  13.400000       0.48625451E-01   0.27625529
9.022916231  13.450000       0.62437318E-01   0.27278051
9.028073801  13.500000       0.74405462E-01   0.26923089
9.033250509  13.550000       0.83560208E-01   0.26560595
9.038446355  13.600000       0.88904185E-01   0.26190527
9.043661338  13.650000       0.88725511E-01   0.26100512
9.048895459  13.700000       0.76347617E-01   0.26061511
9.054148717  13.750000       0.61550565E-01   0.26019840
9.059421113  13.800000       0.44388551E-01   0.25979931
9.064712646  13.850000       0.24289910E-01   0.26166994
9.070023317  13.900000       0.43442726E-03   0.26354717
9.075353126  13.950000      -0.24307748E-01   0.26543100
9.080702072  14.000000      -0.48791407E-01   0.26650596
9.086070155  14.050000      -0.70608875E-01   0.26512038
9.091457376  14.100000      -0.89027098E-01   0.26369463
9.096863735  14.150000      -0.10519728       0.26222846
9.102289231  14.200000      -0.11899486       0.26470017
9.107733865  14.250000      -0.13041656       0.27073511
9.113197636  14.300000      -0.13919103       0.27683521
9.118680545  14.350000      -0.14507234       0.28300075
9.124182592  14.400000      -0.14771832       0.28318338
9.129703776  14.450000      -0.14595450       0.28229655
9.135244097  14.500000      -0.14131672       0.28137694
9.140803556  14.550000      -0.13421333       0.28086621
9.146382153  14.600000      -0.12299288       0.28179667
9.151979887  14.650000      -0.10886335       0.28271997
9.157596759  14.700000      -0.96611786E-01   0.28363608
9.163232768  14.750000      -0.88847771E-01   0.28441543
9.168887915  14.800000      -0.10447943       0.28511486
9.1745622  14.850000      -0.12388057       0.28580415
9.180255622  14.900000      -0.13836180       0.28738027
9.185968181  14.950000      -0.12986196       0.29640142
9.191699878  15.000000      -0.88254484E-01   0.30552403
9.197450713  15.050000      -0.41795415E-01   0.31474860
9.203220685  15.100000       0.71933885E-03   0.31278813
9.209009795  15.150000       0.38223775E-03   0.30367553
9.214818042  15.200000      -0.11380011E-01   0.29442185
9.220645427  15.250000      -0.20214314E-01   0.28726150
9.226491949  15.300000      -0.21116816E-02   0.29189714
9.232357609  15.350000       0.51489942E-01   0.29657495
9.238242407  15.400000       0.11204623       0.30129511
9.244146342  15.450000       0.17104298       0.30676444
9.250069414  15.500000       0.19723854       0.31252950
9.256011625  15.550000       0.21682760       0.31834977
9.261972972  15.600000       0.23396419       0.32704834
9.267953458  15.650000       0.26640862       0.34093797
9.27395308  15.700000       0.30624886       0.35498524
9.279971841  15.750000       0.33657398       0.36906563
9.286009739  15.800000       0.34394373       0.37678365
9.292066774  15.850000       0.31462686       0.38457721
9.298142947  15.900000       0.26328657       0.39244662
9.304238258  15.950000       0.19164914       0.39666158
9.310352706  16.000000       0.14862258       0.39934981
9.316486292  16.050000       0.11007346       0.40204831
9.322639015  16.100000       0.74491166E-01   0.40475706
9.328810876  16.150000       0.41823790E-01   0.40747613
9.335001874  16.200000       0.12017009E-01   0.41020550
9.34121201  16.250000      -0.14985958E-01   0.41294516
9.347441283  16.300000      -0.39244366E-01   0.41569517
9.353689694  16.350000      -0.60819967E-01   0.41845552
9.359957243  16.400000      -0.79777027E-01   0.42122619
9.366243929  16.450000      -0.96182357E-01   0.42400725
9.372549753  16.500000      -0.11010533       0.42679867
9.378874714  16.550000      -0.12161789       0.42960049
9.385218813  16.600000      -0.13079461       0.43241266
9.391582049  16.650000      -0.13771267       0.43523528
9.397964423  16.700000      -0.14245191       0.43806831
9.404365934  16.750000      -0.14509483       0.44091174
9.410786583  16.800000      -0.14572664       0.44376564
9.41722637  16.850000      -0.14443525       0.44663000
9.423685294  16.900000      -0.14131132       0.44950481
9.430163355  16.950000      -0.13644825       0.45239008
9.436660555  17.000000      -0.12994223       0.45528586
9.443176891  17.050000      -0.12189227       0.45819214
9.449712366  17.100000      -0.11240017       0.46110890
9.456266978  17.150000      -0.10157061       0.46403622
9.462840727  17.200000      -0.89511111E-01   0.46697406
9.469433614  17.250000      -0.76332098E-01   0.46992245
9.476045638  17.300000      -0.62146910E-01   0.47288137
9.482676801  17.350000      -0.47071806E-01   0.47585089
9.4893271  17.400000      -0.31226015E-01   0.47883099
9.495996537  17.450000      -0.14731737E-01   0.48182164
9.502685112  17.500000       0.22858305E-02   0.48893970
9.509392824  17.550000       0.86145718E-02   0.50424115
9.516119674  17.600000       0.76961046E-02   0.51969330
9.522865661  17.650000       0.70038946E-02   0.53529671
9.529630786  17.700000       0.65307822E-02   0.55105202
9.536415049  17.750000       0.62693795E-02   0.56695982
9.543218449  17.800000       0.62120658E-02   0.58302077
9.550040987  17.850000       0.63509885E-02   0.59923541
9.556882662  17.900000       0.66780596E-02   0.61560437
9.563743474  17.950000       0.71849546E-02   0.63212828
9.570623425  18.000000       0.78631110E-02   0.64880773
9.577522512  18.050000       0.87037258E-02   0.66564337
9.584440738  18.100000       0.96977543E-02   0.68263575
9.591378101  18.150000       0.10835908E-01   0.69978550
9.598334601  18.200000       0.12108652E-01   0.71709323
9.605310239  18.250000       0.13506207E-01   0.73455959
9.612305015  18.300000       0.15018541E-01   0.75218511
9.619318928  18.350000       0.16635373E-01   0.76997044
9.626351979  18.400000       0.18346170E-01   0.78791620
9.633404167  18.450000       0.20140144E-01   0.80602301
9.640475493  18.500000       0.22006250E-01   0.82429143
9.647565956  18.550000       0.23933186E-01   0.84272209
9.654675557  18.600000       0.25909391E-01   0.86131561
9.661804295  18.650000       0.27923041E-01   0.88007259
9.668952171  18.700000       0.29962048E-01   0.89899368
9.676119185  18.750000       0.32014063E-01   0.91807942
9.683305336  18.800000       0.34066465E-01   0.93733044
9.690510624  18.850000       0.36106369E-01   0.95674737
9.697735051  18.900000       0.38120615E-01   0.97633084
9.704978614  18.950000       0.40095776E-01   0.97956774
9.712241316  19.000000       0.41114319E-01   0.96980325
9.719523155  19.050000       0.41866534E-01   0.95989489
9.726824131  19.100000       0.42547947E-01   0.94984212
9.734144245  19.150000       0.43153102E-01   0.93964422
9.741483496  19.200000       0.43676438E-01   0.92930067
9.748841886  19.250000       0.44112305E-01   0.91881079
9.756219412  19.300000       0.44454949E-01   0.90817394
9.763616076  19.350000       0.44698524E-01   0.89738956
9.771031878  19.400000       0.44837084E-01   0.88645697
9.778466817  19.450000       0.44864588E-01   0.87537560
9.785920894  19.500000       0.44774886E-01   0.86414482
9.793394109  19.550000       0.44561739E-01   0.85276395
9.800886461  19.600000       0.44218802E-01   0.84123245
9.80839795   19.650000       0.43739632E-01   0.82954963
9.815928577  19.700000       0.43117680E-01   0.81771494
9.823478342  19.750000       0.42346301E-01   0.80572769
9.831047244  19.800000       0.41418740E-01   0.79358732
9.838635284  19.850000       0.40328144E-01   0.78129319
9.846242461  19.900000       0.39067559E-01   0.76884462
9.853868776  19.950000       0.37629919E-01   0.75624109
9.861514228  20.000000       0.36008058E-01   0.74348188
9.869178818  20.050000       0.34194701E-01   0.73056646
9.876862545  20.100000       0.32182470E-01   0.71749417
9.88456541   20.150000       0.29963879E-01   0.70426434
9.892287413  20.200000       0.27531335E-01   0.69087644
9.900028553  20.250000       0.24877136E-01   0.67732976
9.907788831  20.300000       0.21614069E-01   0.71125947
9.915568246  20.350000       0.13214647E-01   0.75598058
9.923366799  20.400000       0.45952708E-02   0.80111582
9.931184489  20.450000      -0.42033805E-02   0.84666677
9.939021317  20.500000      -0.13139796E-01   0.89263483
9.946877282  20.550000      -0.22171628E-01   0.93902158
9.954752385  20.600000      -0.31255687E-01   0.98582842
9.962646626  20.650000      -0.40347932E-01    1.0330569
9.970560004  20.700000      -0.49403474E-01    1.0807086
9.97849252   20.750000      -0.58376564E-01    1.1287848
9.986444173  20.800000      -0.67220588E-01    1.1772872
9.994414964  20.850000      -0.75888068E-01    1.2262171
10.00240489  20.900000      -0.84330652E-01    1.2755762
10.01041396  20.950000      -0.92499106E-01    1.3253659
10.01844216  21.000000      -0.10034331        1.3755876
10.0264895   21.050000      -0.10781227        1.4262429
10.03455598  21.100000      -0.11485407        1.4773333
10.0426416   21.150000      -0.12141594        1.5288602
10.05074635  21.200000      -0.12744415        1.5808252
10.05887024  21.250000      -0.13288411        1.6332298
10.06701327  21.300000      -0.13768029        1.6860753
10.07517544  21.350000      -0.14177624        1.7393635
10.08335674  21.400000      -0.14511459        1.7930956
10.09155718  21.450000      -0.14763705        1.8472733
10.09977676  21.500000      -0.14928437        1.9018979
10.10801548  21.550000      -0.14999639        1.8867213
10.11627333  21.600000      -0.13440619        1.8465136
10.12455032  21.650000      -0.11758838        1.8058722
10.13284645  21.700000      -0.99895184E-01    1.7647957
10.14116172  21.750000      -0.81427302E-01    1.7232822
10.14949612  21.800000      -0.62287421E-01    1.6813304
10.15784967  21.850000      -0.42580230E-01    1.6389387
10.16622234  21.900000      -0.22412458E-01    1.5961054
10.17461416  21.950000      -0.18928598E-02    1.5528290
10.18302512  22.000000       0.18867758E-01    1.5091079
10.19145521  22.050000       0.39756530E-01    1.4649406
10.19990444  22.100000       0.60658520E-01    1.4203254
10.2083728   22.150000       0.81456709E-01    1.3752608
10.21686031  22.200000       0.10203198        1.3297453
10.22536695  22.250000       0.12226312        1.2837772
10.23389273  22.300000       0.14202677        1.2373549
10.24243765  22.350000       0.16119749        1.1904769
10.2510017   22.400000       0.17964764        1.1431416
10.2595849   22.450000       0.19724748        1.0953476
10.26818723  22.500000       0.21386506        1.0470930
10.27680869  22.550000       0.22936628       0.99837647
10.2854493   22.600000       0.24361485       0.94919633
10.29410904  22.650000       0.25647227       0.89955109
10.30278792  22.700000       0.26779783       0.85189139
10.31148594  22.750000       0.27061339       0.85899714
10.32020309  22.800000       0.25383941       0.86614062
10.32893939  22.850000       0.23534891       0.87332193
10.33769482  22.900000       0.21527821       0.88054113
10.34646939  22.950000       0.19376631       0.88779841
10.35526309  23.000000       0.17095488       0.89509382
10.36407593  23.050000       0.14698828       0.90242744
10.37290792  23.100000       0.12201360       0.90979939
10.38175903  23.150000       0.96180612E-01   0.91720976
10.39062929  23.200000       0.69641867E-01   0.92465859
10.39951868  23.250000       0.42552636E-01   0.93214608
10.40842721  23.300000       0.15070974E-01   0.93967229
10.41735488  23.350000      -0.12642285E-01   0.94723729
10.42630169  23.400000      -0.40423511E-01   0.95484121
10.43526763  23.450000      -0.68106260E-01   0.96248412
10.44425271  23.500000      -0.95521269E-01   0.97016607
10.45325693  23.550000      -0.12249642       0.97788727
10.46228029  23.600000      -0.14885674       0.98564777
10.47132278  23.650000      -0.17442439       0.99344765
10.48038441  23.700000      -0.19901865        1.0012870
10.48946518  23.750000      -0.22245588        1.0091660
10.49856509  23.800000      -0.24454953        1.0170845
10.50768413  23.850000      -0.26511013        1.0241755
10.51682231  23.900000      -0.26687362        1.0305142
10.52597963  23.950000      -0.26117241        1.0368790
10.53515609  24.000000      -0.25375735        1.0432699
10.54435168  24.050000      -0.24471971        1.0496871
10.55356641  24.100000      -0.23415256        1.0561305
10.56280028  24.150000      -0.22215073        1.0626002
10.57205329  24.200000      -0.20881088        1.0690962
10.58132543  24.250000      -0.19423146        1.0756187
10.59061672  24.300000      -0.17851275        1.0821676
10.59992714  24.350000      -0.16175687        1.0887431
10.60925669  24.400000      -0.14406775        1.0953451
10.61860539  24.450000      -0.12555122        1.1019738
10.62797322  24.500000      -0.10631492        1.1086291
10.63736019  24.550000      -0.86468372E-01    1.1153112
10.6467663   24.600000      -0.66123001E-01    1.1220200
10.65619154  24.650000      -0.45392093E-01    1.1287557
10.66563592  24.700000      -0.24390845E-01    1.1355183
10.67509944  24.750000      -0.32363595E-02    1.1423078
10.6845821   24.800000       0.17952345E-01    1.1491244
10.6940839   24.850000       0.39054320E-01    1.1559680
10.70360483  24.900000       0.59946682E-01    1.1627609
10.7131449   24.950000       0.79175881E-01    1.1655706
10.72270411  25.000000       0.93579850E-01    1.1683748
10.73228245  25.050000       0.10746736        1.1711733
10.74187993  25.100000       0.12078703        1.1739662
10.75149655  25.150000       0.13348677        1.1767533
10.76113231  25.200000       0.14551375        1.1795347
10.77078721  25.250000       0.15681436        1.1823102
10.78046124  25.300000       0.16733431        1.1850799
10.79015441  25.350000       0.17701850        1.1878437
10.79986672  25.400000       0.18581113        1.1906016
10.80959816  25.450000       0.19365559        1.1933534
10.81934875  25.500000       0.20049457        1.1960992
10.82911847  25.550000       0.20626994        1.1988390
10.83890733  25.600000       0.21092286        1.2015726
10.84871532  25.650000       0.21439367        1.2043001
10.85854246  25.700000       0.21662198        1.2070213
10.86838873  25.750000       0.21754658        1.2097363
10.87825414  25.800000       0.21710552        1.2124450
10.88813868  25.850000       0.21523604        1.2151473
10.89804237  25.900000       0.21187461        1.2178433
10.90796519  25.950000       0.20695690        1.2203148
10.91790715  26.000000       0.18975610        1.2224597
10.92786824  26.050000       0.16415175        1.2245939
10.93784848  26.100000       0.13714496        1.2267175
10.94784785  26.150000       0.10893329        1.2288302
10.95786636  26.200000       0.79717499E-01    1.2309322
10.967904    26.250000       0.49701543E-01    1.2330232
10.97796079  26.300000       0.19092595E-01    1.2351032
10.98803671  26.350000      -0.11898920E-01    1.2371723
10.99813177  26.400000      -0.43059330E-01    1.2392303
11.00824596  26.450000      -0.74171689E-01    1.2412772
11.0183793   26.500000      -0.10501577        1.2433129
11.02853177  26.550000      -0.13536804        1.2453374
11.03870338  26.600000      -0.16500165        1.2473505
11.04889413  26.650000      -0.19368643        1.2493523
11.05910401  26.700000      -0.22118884        1.2513427
11.06933303  26.750000      -0.24727201        1.2533217
11.07958119  26.800000      -0.27169565        1.2552892
11.08984849  26.850000      -0.29421612        1.2572450
11.10013492  26.900000      -0.31458634        1.2591892
11.1104405  26.950000      -0.33255580        1.2582197
11.12076521  27.000000      -0.32615330        1.2551511
11.13110905  27.050000      -0.31082012        1.2520338
11.14147204  27.100000      -0.29300847        1.2488676
11.15185416  27.150000      -0.27291219        1.2456523
11.16225542  27.200000      -0.25072828        1.2423879
11.17267582  27.250000      -0.22665691        1.2390740
11.18311535  27.300000      -0.20090143        1.2357107
11.19357403  27.350000      -0.17366838        1.2322977
11.20405184  27.400000      -0.14516752        1.2288347
11.21454878  27.450000      -0.11561183        1.2253218
11.22506487  27.500000      -0.85217547E-01    1.2217587
11.23560009  27.550000      -0.54204154E-01    1.2181453
11.24615445  27.600000      -0.22794404E-01    1.2144814
11.25672795  27.650000       0.87856571E-02    1.2107668
11.26732059  27.700000       0.40306684E-01    1.2070014
11.27793236  27.750000       0.71536014E-01    1.2031852
11.28856327  27.800000       0.10223765        1.1993177
11.29921332  27.850000       0.13217226        1.1953989
11.3098825  27.900000       0.16109713        1.1997802
11.32057083  27.950000       0.17999234        1.2136954
11.33127829  28.000000       0.19270729        1.2276871
11.34200489  28.050000       0.20399907        1.2417555
11.35275062  28.100000       0.21384856        1.2559008
11.36351549  28.150000       0.22223657        1.2701232
11.37429951  28.200000       0.22914381        1.2844229
11.38510265  28.250000       0.23455086        1.2988000
11.39592494  28.300000       0.23843824        1.3132548
11.40676636  28.350000       0.24078632        1.3277875
11.41762693  28.400000       0.24157540        1.3423981
11.42850662  28.450000       0.24078565        1.3570870
11.43940546  28.500000       0.23839717        1.3718542
11.45032343  28.550000       0.23438992        1.3867001
11.46126055  28.600000       0.22874378        1.4016246
11.47221679  28.650000       0.22143851        1.4166281
11.48319218  28.700000       0.21245379        1.4317107
11.49418671  28.750000       0.20176915        1.4468727
11.50520037  28.800000       0.18936407        1.4621141
11.51623317  28.850000       0.17346118        1.4358586
11.5272851   28.900000       0.14577766        1.4086082
11.53835618  28.950000       0.11651834        1.3811431
11.54944639  29.000000       0.85880952E-01    1.3534629
11.56055574  29.050000       0.54066144E-01    1.3255669
11.57168423  29.100000       0.21277426E-01    1.2974545
11.58283185  29.150000      -0.12278764E-01    1.2691251
11.59399861  29.200000      -0.46393067E-01    1.2405783
11.60518451  29.250000      -0.80853187E-01    1.2118133
11.61638955  29.300000      -0.11544389        1.1828298
11.62761372  29.350000      -0.14994695        1.1536268
11.63885704  29.400000      -0.18414122        1.1242042
11.65011949  29.450000      -0.21780252        1.0945610
11.66140107  29.500000      -0.25070369        1.0646969
11.6727018   29.550000      -0.28261456        1.0346112
11.68402166  29.600000      -0.31330193        1.0043034
11.69536066  29.650000      -0.34252955       0.97377278
11.7067188   29.700000      -0.37005817       0.94599813
11.71809607  29.750000      -0.38765014       0.95768683
11.72949249  29.800000      -0.37481601       0.96943819
11.74090804  29.850000      -0.35864244       0.98125225
11.75234272  29.900000      -0.33933175       0.99312916
11.76379655  29.950000      -0.31708933        1.0050691
11.77526951  30.000000      -0.29212358        1.0170721
11.78676161  30.050000      -0.26464603        1.0291384
11.79827285  30.100000      -0.23487123        1.0412681
11.80980323  30.150000      -0.20301686        1.0534614
11.82135274  30.200000      -0.16930367        1.0657185
11.83292139  30.250000      -0.13395558        1.0780393
11.84450918  30.300000      -0.97199602E-01    1.0904242
11.8561161   30.350000      -0.59265894E-01    1.1028732
11.86774217  30.400000      -0.20387798E-01    1.1153865
11.87938737  30.450000       0.19198192E-01    1.1279643
11.89105171  30.500000       0.59252391E-01    1.1406066
11.90273518  30.550000       0.99531914E-01    1.1533136
11.9144378   30.600000       0.13979067        1.1660855
11.92615955  30.650000       0.17977934        1.1789223
11.93790044  30.700000       0.21924538        1.1918244
11.94966046  30.750000       0.25793296        1.2047918
11.96143963  30.800000       0.29558303        1.2178246
11.97323793  30.850000       0.33193323        1.2309230
11.98505537  30.900000       0.36671793        1.2440871
11.99689194  30.950000       0.39966818        1.2573171
12.00874766  31.000000       0.43051173        1.2678545
12.02062251  31.050000       0.44342056        1.2654119
12.0325165   31.100000       0.41950251        1.2629339
12.04442962  31.150000       0.39309567        1.2604202
12.05636189  31.200000       0.36438930        1.2578708
12.06831329  31.250000       0.33357528        1.2552855
12.08028383  31.300000       0.30084819        1.2526644
12.09227351  31.350000       0.26640524        1.2500071
12.10428232  31.400000       0.23044635        1.2473137
12.11631027  31.450000       0.19317411        1.2445841
12.12835736  31.500000       0.15479384        1.2418181
12.14042359  31.550000       0.11551356        1.2390156
12.15250895  31.600000       0.75544012E-01    1.2361766
12.16461346  31.650000       0.35098681E-01    1.2333010
12.1767371  31.700000      -0.56062038E-02    1.2303886
12.18887987  31.750000      -0.46351653E-01    1.2274394
12.20104179  31.800000      -0.86915909E-01    1.2244532
12.21322284  31.850000      -0.12707443        1.2214299
12.22542303  31.900000      -0.16659990        1.2183695
12.23764236  31.950000      -0.20526219        1.2152718
12.24988082  32.000000      -0.24282834        1.2121367
12.26213843  32.050000      -0.27906260        1.2089641
12.27441517  32.100000      -0.31372636        1.2057540
12.28671104  32.150000      -0.34657817        1.2025063
12.29902606  32.200000      -0.37737375        1.1992208
12.31136021  32.250000      -0.40586592        1.1968829
12.3237135   32.300000      -0.41265726        1.1966022
12.33608593  32.350000      -0.39241751        1.1963024
12.3484775   32.400000      -0.36961826        1.1959835
12.3608882   32.450000      -0.34444971        1.1956456
12.37331804  32.500000      -0.31710459        1.1952884
12.38576702  32.550000      -0.28777820        1.1949121
12.39823513  32.600000      -0.25666845        1.1945164
12.41072239  32.650000      -0.22397580        1.1941015
12.42322878  32.700000      -0.18990335        1.1936670
12.43575431  32.750000      -0.15465674        1.1932132
12.44829897  32.800000      -0.11844430        1.1927398
12.46086277  32.850000      -0.81476967E-01    1.1922469
12.47344572  32.900000      -0.43968294E-01    1.1917343
12.48604779  32.950000      -0.61345079E-02    1.1912019
12.49866901  33.000000       0.31805514E-01    1.1906500
12.51130936  33.050000       0.69630223E-01    1.1900781
12.52396886  33.100000       0.10711539        1.1894865
12.53664748  33.150000       0.14403411        1.1888748
12.54934525  33.200000       0.18015675        1.1882433
12.56206215  33.250000       0.21525098        1.1875916
12.5747982   33.300000       0.24908179        1.1869199
12.58755337  33.350000       0.28141136        1.1862280
12.60032769  33.400000       0.31199920        1.1855160
12.61312115  33.450000       0.34060202        1.1842423
12.62593374  33.500000       0.34311781        1.1820921
12.63876547  33.550000       0.32011963        1.1799132
12.65161633  33.600000       0.29697965        1.1777054
12.66448634  33.650000       0.27369757        1.1754690
12.67737548  33.700000       0.25027305        1.1732034
12.69028376  33.750000       0.22670580        1.1709089
12.70321118  33.800000       0.20299547        1.1685852
12.71615773  33.850000       0.17914176        1.1662323
12.72912342  33.900000       0.15514434        1.1638502
12.74210825  33.950000       0.13100290        1.1614388
12.75511222  34.000000       0.10671710        1.1589981
12.76813532  34.050000       0.82286642E-01    1.1565277
12.78117757  34.100000       0.57711194E-01    1.1540279
12.79423895  34.150000       0.32990438E-01    1.1514983
12.80731946  34.200000       0.81240545E-02    1.1489391
12.82041912  34.250000      -0.16888277E-01    1.1463501
12.83353791  34.300000      -0.42046877E-01    1.1437313
12.84667584  34.350000      -0.67352066E-01    1.1410825
12.85983291  34.400000      -0.92804163E-01    1.1384036
12.87300911  34.450000      -0.11840349        1.1356947
12.88620446  34.500000      -0.14415037        1.1329556
12.89941894  34.550000      -0.17004511        1.1301863
12.91265255  34.600000      -0.19608804        1.1263190
12.92590531  34.650000      -0.20830066        1.1197183
12.9391772   34.700000      -0.19647081        1.1130653
12.95246823  34.750000      -0.18457012        1.1063600
12.9657784   34.800000      -0.17259844        1.0996022
12.97910771  34.850000      -0.16055561        1.0927918
12.99245615  34.900000      -0.14844150        1.0859286
13.00582373  34.950000      -0.13625592        1.0790126
13.01921045  35.000000      -0.12399873        1.0720436
13.0326163   35.050000      -0.11166978        1.0650215
13.0460413   35.100000      -0.99268910E-01    1.0579462
13.05948543  35.150000      -0.86795966E-01    1.0508176
13.0729487  35.200000      -0.74250793E-01    1.0436354
13.0864311  35.250000      -0.61633236E-01    1.0363997
13.09993265  35.300000      -0.48943142E-01    1.0291103
13.11345333  35.350000      -0.36180353E-01    1.0217670
13.12699315  35.400000      -0.23344715E-01    1.0143697
13.1405521  35.450000      -0.10436075E-01    1.0069184
13.1541302  35.500000       0.25457240E-02   0.99941287
13.16772743  35.550000       0.15600836E-01   0.99185299
13.1813438  35.600000       0.28729415E-01   0.98423866
13.1949793  35.650000       0.41931617E-01   0.97656976
13.20863395  35.700000       0.55207597E-01   0.96884614
13.22230773  35.750000       0.68557509E-01   0.96979519
13.23600065  35.800000       0.66539006E-01   0.97141613
13.2497127  35.850000       0.64414297E-01   0.97303473
13.2634439  35.900000       0.62276946E-01   0.97465101
13.27719423  35.950000       0.60126929E-01   0.97626495
13.2909637  36.000000       0.57964217E-01   0.97787653
13.30475231  36.050000       0.55788784E-01   0.97948572
13.31856005  36.100000       0.53600602E-01   0.98109255
13.33238693  36.150000       0.51399646E-01   0.98269697
13.34623295  36.200000       0.49185886E-01   0.98429899
13.36009811  36.250000       0.46959298E-01   0.98589857
13.3739824  36.300000       0.44719854E-01   0.98749573
13.38788583  36.350000       0.42467527E-01   0.98909044
13.4018084  36.400000       0.40202290E-01   0.99068269
13.41575011  36.450000       0.37924116E-01   0.99227245
13.42971096  36.500000       0.35632978E-01   0.99385974
13.44369094  36.550000       0.33328849E-01   0.99544453
13.45769006  36.600000       0.31011701E-01   0.99702681
13.47170832  36.650000       0.28681509E-01   0.99860654
13.48574571  36.700000       0.26338245E-01    1.0001838
13.49980224  36.750000       0.23981883E-01    1.0017584
13.51387791  36.800000       0.21612395E-01    1.0033305
13.52797272  36.850000       0.19229754E-01    1.0049000
13.54208667  36.900000       0.16833933E-01    1.0064670
13.55621975  36.950000       0.14424906E-01    1.0080313
13.57037197  37.000000       0.12002644E-01    1.0095930
13.58454333  37.050000       0.95671220E-02    1.0111521
13.59873382  37.100000       0.71183126E-02    1.0127086
13.61294346  37.150000       0.46561886E-02    1.0142623
13.62717223  37.200000       0.21807230E-02    1.0158135
13.64142014  37.250000      -0.30811110E-03    1.0173619
13.65568718  37.300000      -0.28103407E-02    1.0189077
13.66997336  37.350000      -0.53259927E-02    1.0204507
13.68427868  37.400000      -0.78550940E-02    1.0219911
13.69860314  37.450000      -0.10397672E-01    1.0235287
13.71294674  37.500000      -0.12953753E-01    1.0250636
13.72730947  37.550000      -0.15523365E-01    1.0265957
13.74169134  37.600000      -0.18106533E-01    1.0281250
13.75609235  37.650000      -0.20703286E-01    1.0296516
13.7705125  37.700000      -0.23313650E-01    1.0311753
13.78495178  37.750000      -0.25937652E-01    1.0326963
13.7994102  37.800000      -0.28575320E-01    1.0342144
13.81388776  37.850000      -0.31226679E-01    1.0368922
13.82838446  37.900000      -0.32964706E-01    1.0444856
13.84290029  37.950000      -0.31472342E-01    1.0521083
13.85743526  38.000000      -0.29971762E-01    1.0597603
13.87198937  38.050000      -0.28462952E-01    1.0674416
13.88656262  38.100000      -0.26945895E-01    1.0751523
13.901155  38.150000      -0.25420574E-01    1.0828925
13.91576652  38.200000      -0.23886974E-01    1.0906621
13.93039718  38.250000      -0.22345076E-01    1.0984613
13.94504698  38.300000      -0.20794864E-01    1.1062901
13.95971591  38.350000      -0.19236325E-01    1.1141486
13.97440399  38.400000      -0.17669439E-01    1.1220367
13.9891112  38.450000      -0.16094191E-01    1.1299546
14.00383754  38.500000      -0.14510563E-01    1.1379023
14.01858303  38.550000      -0.12918541E-01    1.1458798
14.03334765  38.600000      -0.11318107E-01    1.1538873
14.04813141  38.650000      -0.97092444E-02    1.1619247
14.06293431  38.700000      -0.80919374E-02    1.1699920
14.07775634  38.750000      -0.64661694E-02    1.1780895
14.09259751  38.800000      -0.48319239E-02    1.1862170
14.10745782  38.850000      -0.31891843E-02    1.1943747
14.12233727  38.900000      -0.15379343E-02    1.2025626
14.13723585  38.950000       0.12184243E-03    1.2107808
14.15215358  39.000000       0.17901625E-02    1.2190292
14.16709044  39.050000       0.34670424E-02    1.2273080
14.18204643  39.100000       0.51524985E-02    1.2356172
14.19702157  39.150000       0.68465473E-02    1.2439569
14.21201584  39.200000       0.85492053E-02    1.2523271