# data from ifeffit
#------------------------
#   k         chi         chi       dchi         win
  0.0000000      -0.10463997E-01  -0.67793791E-01   0.11186396E-01    0.0000000
  0.50000000E-01  -0.11314950E-01  -0.67654161E-01   0.10829291E-01    0.0000000
  0.10000000      -0.12415425E-01  -0.67234750E-01   0.10472186E-01    0.0000000
  0.15000000      -0.13722324E-01  -0.66533828E-01   0.10115081E-01    0.0000000
  0.20000000      -0.15192547E-01  -0.65548058E-01   0.97579766E-02    0.0000000
  0.25000000      -0.16782996E-01  -0.63993455E-01   0.94008717E-02    0.0000000
  0.30000000      -0.18450570E-01  -0.61955075E-01   0.90437669E-02    0.0000000
  0.35000000      -0.20152171E-01  -0.59515365E-01   0.86866620E-02    0.0000000
  0.40000000      -0.21844700E-01  -0.56660498E-01   0.83295572E-02    0.0000000
  0.45000000      -0.23485058E-01  -0.52977474E-01   0.79724523E-02    0.0000000
  0.50000000      -0.25030145E-01  -0.48527604E-01   0.76153475E-02    0.0000000
  0.55000000      -0.26436863E-01  -0.43540739E-01   0.72582426E-02    0.0000000
  0.60000000      -0.27662112E-01  -0.37493997E-01   0.69011377E-02    0.0000000
  0.65000000      -0.28662794E-01  -0.30511894E-01   0.65440329E-02    0.0000000
  0.70000000      -0.29395808E-01  -0.23022304E-01   0.61869280E-02    0.0000000
  0.75000000      -0.29818056E-01  -0.14248719E-01   0.58298232E-02    0.0000000
  0.80000000      -0.29886440E-01  -0.51079679E-02   0.54727183E-02    0.0000000
  0.85000000      -0.29557859E-01   0.45486045E-02   0.51156135E-02    0.0000000
  0.90000000      -0.28789214E-01   0.14561164E-01   0.47585086E-02    0.0000000
  0.95000000      -0.27537407E-01   0.24172643E-01   0.44014038E-02    0.0000000
  1.0000000      -0.25759338E-01   0.33767654E-01   0.40442989E-02    0.0000000
  1.0500000      -0.23411909E-01   0.42209755E-01   0.36871940E-02    0.0000000
  1.1000000      -0.20452020E-01   0.49617419E-01   0.33300892E-02    0.0000000
  1.1500000      -0.16836571E-01   0.55449964E-01   0.29729843E-02    0.0000000
  1.2000000      -0.12522465E-01   0.59750661E-01   0.26158795E-02    0.0000000
  1.2500000      -0.74713512E-02   0.62500784E-01   0.23644977E-02    0.0000000
  1.3000000      -0.18157944E-02   0.63825998E-01   0.22631733E-02    0.0000000
  1.3500000       0.40972687E-02   0.64048709E-01   0.21618488E-02    0.0000000
  1.4000000       0.99073179E-02   0.63513390E-01   0.20605244E-02    0.0000000
  1.4500000       0.15253833E-01   0.62527523E-01   0.19592000E-02    0.0000000
  1.5000000       0.19776294E-01   0.61323205E-01   0.18578756E-02    0.0000000
  1.5500000       0.23114181E-01   0.59732189E-01   0.17565511E-02    0.0000000
  1.6000000       0.24906973E-01   0.57690624E-01   0.16552267E-02    0.0000000
  1.6500000       0.24794150E-01   0.54435415E-01   0.15539023E-02    0.0000000
  1.7000000       0.22415193E-01   0.49751192E-01   0.14525779E-02    0.0000000
  1.7500000       0.17529574E-01   0.42598780E-01   0.14879095E-02    0.0000000
  1.8000000       0.10580108E-01   0.33226741E-01   0.15413196E-02    0.0000000
  1.8500000       0.22511590E-02   0.20715384E-01   0.15947297E-02    0.0000000
  1.9000000      -0.67726319E-02   0.63855452E-02   0.16481398E-02    0.0000000
  1.9500000      -0.15806622E-01  -0.78307262E-02   0.17015499E-02    0.0000000
  2.0000000      -0.24166171E-01  -0.20482775E-01   0.17549600E-02    0.0000000
  2.0500000      -0.31167744E-01  -0.30961245E-01   0.18027749E-02    0.0000000
  2.1000000      -0.36280709E-01  -0.38754101E-01   0.18326029E-02    0.0000000
  2.1500000      -0.39281975E-01  -0.44268055E-01   0.18624309E-02    0.0000000
  2.2000000      -0.39985314E-01  -0.47471272E-01   0.18922588E-02    0.0000000
  2.2500000      -0.38204496E-01  -0.47071961E-01   0.19220868E-02    0.0000000
  2.3000000      -0.33753293E-01  -0.43016147E-01   0.19519148E-02    0.0000000
  2.3500000      -0.26446969E-01  -0.36085658E-01   0.19713057E-02    0.0000000
  2.4000000      -0.16392204E-01  -0.26758530E-01   0.19506085E-02    0.0000000
  2.4500000      -0.43340185E-02  -0.14413412E-01   0.19299113E-02    0.0000000
  2.5000000       0.88980036E-02  -0.94076744E-04   0.19092142E-02    0.0000000
  2.5500000       0.22474279E-01   0.14781568E-01   0.18885170E-02    0.0000000
  2.6000000       0.35565224E-01   0.29087413E-01   0.18678198E-02    0.0000000
  2.6500000       0.47341254E-01   0.41680636E-01   0.18471227E-02    0.0000000
  2.7000000       0.56974958E-01   0.51067605E-01   0.19361053E-02    0.0000000
  2.7500000       0.63648080E-01   0.56157675E-01   0.20270804E-02    0.0000000
  2.8000000       0.66544782E-01   0.57208666E-01   0.21180556E-02    0.0000000
  2.8500000       0.64849225E-01   0.53297301E-01   0.22090307E-02    0.0000000
  2.9000000       0.57749923E-01   0.44581009E-01   0.22515423E-02    0.0000000
  2.9500000       0.45188510E-01   0.32120740E-01   0.21188183E-02    0.0000000
  3.0000000       0.28710593E-01   0.17479264E-01   0.19860943E-02    0.0000000
  3.0500000       0.10067446E-01   0.17836015E-02   0.18533703E-02    0.0000000
  3.1000000      -0.89896533E-02  -0.13415529E-01   0.17206463E-02    0.0000000
  3.1500000      -0.26715694E-01  -0.26823072E-01   0.16039188E-02    0.0000000
  3.2000000      -0.41836698E-01  -0.37677934E-01   0.15238975E-02    0.0000000
  3.2500000      -0.53869573E-01  -0.45362540E-01   0.14438762E-02    0.0000000
  3.3000000      -0.62406895E-01  -0.49962128E-01   0.13638549E-02    0.0000000
  3.3500000      -0.67042731E-01  -0.51849366E-01   0.13374739E-02    0.0000000
  3.4000000      -0.67626525E-01  -0.50885630E-01   0.15042262E-02    0.0000000
  3.4500000      -0.64550539E-01  -0.47697057E-01   0.16709786E-02    0.0000000
  3.5000000      -0.58276470E-01  -0.42552537E-01   0.18377309E-02    0.0000000
  3.5500000      -0.49266019E-01  -0.35720215E-01   0.20044832E-02    0.0000000
  3.6000000      -0.37980885E-01  -0.27081969E-01   0.21712355E-02    0.0000000
  3.6500000      -0.24882767E-01  -0.18173153E-01   0.23379878E-02    0.0000000
  3.7000000      -0.10433364E-01  -0.99034957E-02   0.25047401E-02    0.0000000
  3.7500000       0.48754881E-02  -0.26279434E-02   0.24433582E-02    0.0000000
  3.8000000       0.20250716E-01   0.39968237E-02   0.22884662E-02    0.0000000
  3.8500000       0.34725930E-01   0.11019457E-01   0.21335742E-02    0.0000000
  3.9000000       0.47332666E-01   0.19624167E-01   0.19786822E-02    0.0000000
  3.9500000       0.57102460E-01   0.30291355E-01   0.18237902E-02    0.0000000
  4.0000000       0.63066849E-01   0.42119422E-01   0.16688982E-02    0.0000000
  4.0500000       0.64257367E-01   0.52852746E-01   0.15140063E-02    0.0000000
  4.1000000       0.59971519E-01   0.59828870E-01   0.15890307E-02    0.0000000
  4.1500000       0.51004653E-01   0.60912128E-01   0.16934041E-02    0.0000000
  4.2000000       0.38676011E-01   0.55001307E-01   0.17977774E-02    0.0000000
  4.2500000       0.24305385E-01   0.42934661E-01   0.19021507E-02    0.0000000
  4.3000000       0.92125715E-02   0.26905478E-01   0.20065241E-02    0.0000000
  4.3500000      -0.52826362E-02   0.93632834E-02   0.21108974E-02    0.0000000
  4.4000000      -0.17903241E-01  -0.78385324E-02   0.20662223E-02    0.0000000
  4.4500000      -0.28024826E-01  -0.22964977E-01   0.19201984E-02    0.0000000
  4.5000000      -0.35531651E-01  -0.35003913E-01   0.17741745E-02    0.0000000
  4.5500000      -0.40321431E-01  -0.43278465E-01   0.16281506E-02    0.0000000
  4.6000000      -0.42291882E-01  -0.47234897E-01   0.14821267E-02    0.0000000
  4.6500000      -0.41340716E-01  -0.46305362E-01   0.13361029E-02    0.0000000
  4.7000000      -0.37465648E-01  -0.40846043E-01   0.12797113E-02    0.0000000
  4.7500000      -0.31231517E-01  -0.32239357E-01   0.12350234E-02    0.0000000
  4.8000000      -0.23402855E-01  -0.22083172E-01   0.11903356E-02    0.0000000
  4.8500000      -0.14744417E-01  -0.12158990E-01   0.11456478E-02   0.21626969E-28
  4.9000000      -0.60209555E-02  -0.39305018E-02   0.11009599E-02   0.66986993E-01
  4.9500000       0.20333617E-02   0.21779762E-02   0.11407307E-02   0.24999894
  5.0000000       0.90504724E-02   0.67381567E-02   0.12242693E-02   0.49999817
  5.0500000       0.14903605E-01   0.10615538E-01   0.13078080E-02   0.74999788
  5.1000000       0.19470245E-01   0.14481203E-01   0.13913466E-02   0.93301117
  5.1500000       0.22627877E-01   0.18429018E-01   0.14748853E-02   1.00000000
  5.2000000       0.24259230E-01   0.22035480E-01   0.14939597E-02    1.0000000
  5.2500000       0.24345576E-01   0.24300593E-01   0.14591805E-02    1.0000000
  5.3000000       0.22955846E-01   0.24279248E-01   0.14244013E-02    1.0000000
  5.3500000       0.20162028E-01   0.21659181E-01   0.13896222E-02    1.0000000
  5.4000000       0.16036110E-01   0.16766670E-01   0.13548430E-02    1.0000000
  5.4500000       0.10699215E-01   0.10244435E-01   0.13269943E-02    1.0000000
  5.5000000       0.46160624E-02   0.30378296E-02   0.13006947E-02    1.0000000
  5.5500000      -0.16019510E-02  -0.39780944E-02   0.12743951E-02    1.0000000
  5.6000000      -0.73428798E-02  -0.10316387E-01   0.12480955E-02    1.0000000
  5.6500000      -0.11995015E-01  -0.15525108E-01   0.12389574E-02    1.0000000
  5.7000000      -0.15075176E-01  -0.19058441E-01   0.13358662E-02    1.0000000
  5.7500000      -0.16440916E-01  -0.20525643E-01   0.14327749E-02    1.0000000
  5.8000000      -0.16005621E-01  -0.19809833E-01   0.15296836E-02    1.0000000
  5.8500000      -0.13682673E-01  -0.16801235E-01   0.16265923E-02    1.0000000
  5.9000000      -0.94102012E-02  -0.11695975E-01   0.16395270E-02    1.0000000
  5.9500000      -0.36603423E-02  -0.52477909E-02   0.15729841E-02    1.0000000
  6.0000000       0.25795813E-02   0.15053793E-02   0.15064411E-02    1.0000000
  6.0500000       0.83012677E-02   0.77102763E-02   0.14398982E-02    1.0000000
  6.1000000       0.12503986E-01   0.12446177E-01   0.14004941E-02    1.0000000
  6.1500000       0.14698566E-01   0.15065835E-01   0.14194861E-02    1.0000000
  6.2000000       0.15223562E-01   0.15422957E-01   0.14384781E-02    1.0000000
  6.2500000       0.14492961E-01   0.13842231E-01   0.14574701E-02    1.0000000
  6.3000000       0.12920656E-01   0.10965561E-01   0.14696387E-02    1.0000000
  6.3500000       0.10855363E-01   0.75444650E-02   0.14351349E-02    1.0000000
  6.4000000       0.84670596E-02   0.42443731E-02   0.14006311E-02    1.0000000
  6.4500000       0.58953549E-02   0.15074702E-02   0.13661273E-02    1.0000000
  6.5000000       0.32798577E-02  -0.40365767E-03   0.13316235E-02    1.0000000
  6.5500000       0.75360836E-03  -0.14641788E-02   0.12822393E-02    1.0000000
  6.6000000      -0.16148302E-02  -0.20631724E-02   0.12269098E-02    1.0000000
  6.6500000      -0.37934689E-02  -0.26348691E-02   0.11715802E-02    1.0000000
  6.7000000      -0.57507375E-02  -0.35480022E-02   0.11162506E-02    1.0000000
  6.7500000      -0.74566230E-02  -0.49786318E-02   0.11666127E-02    1.0000000
  6.8000000      -0.88928798E-02  -0.68677833E-02   0.12445508E-02    1.0000000
  6.8500000      -0.10046640E-01  -0.89528590E-02   0.13224888E-02    1.0000000
  6.9000000      -0.10905062E-01  -0.10835045E-01   0.14004269E-02    1.0000000
  6.9500000      -0.11432796E-01  -0.12053015E-01   0.15301484E-02    1.0000000
  7.0000000      -0.11397187E-01  -0.12215365E-01   0.16773253E-02    1.0000000
  7.0500000      -0.10463402E-01  -0.11084329E-01   0.18245021E-02    1.0000000
  7.1000000      -0.82957482E-02  -0.84864377E-02   0.19716789E-02    1.0000000
  7.1500000      -0.46256054E-02  -0.45760755E-02   0.19537433E-02    1.0000000
  7.2000000       0.14906643E-03   0.17372470E-03   0.18686796E-02    1.0000000
  7.2500000       0.52485346E-02   0.50631263E-02   0.17836160E-02    1.0000000
  7.3000000       0.98886768E-02   0.93598307E-02   0.16961726E-02    1.0000000
  7.3500000       0.13452885E-01   0.12521774E-01   0.15866892E-02    1.0000000
  7.4000000       0.15826024E-01   0.14341177E-01   0.14772058E-02    1.0000000
  7.4500000       0.16986399E-01   0.14931888E-01   0.13677224E-02    1.0000000
  7.5000000       0.16912315E-01   0.14570392E-01   0.12582390E-02    1.0000000
  7.5500000       0.15582075E-01   0.13481905E-01   0.11487555E-02    1.0000000
  7.6000000       0.12996379E-01   0.11686575E-01   0.12201060E-02    1.0000000
  7.6500000       0.93982391E-02   0.90735484E-02   0.13739708E-02    1.0000000
  7.7000000       0.51788422E-02   0.55676631E-02   0.15278356E-02    1.0000000
  7.7500000       0.73150217E-03   0.13167018E-02   0.16817005E-02    1.0000000
  7.8000000      -0.35504670E-02  -0.32278155E-02   0.18355653E-02    1.0000000
  7.8500000      -0.72992493E-02  -0.74082038E-02   0.17244474E-02    1.0000000
  7.9000000      -0.10365865E-01  -0.10599314E-01   0.15269761E-02    1.0000000
  7.9500000      -0.12712714E-01  -0.12457593E-01   0.13295048E-02    1.0000000
  8.0000000      -0.14303078E-01  -0.13006397E-01   0.11320334E-02    1.0000000
  8.0500000      -0.15100239E-01  -0.12616319E-01   0.93456213E-03    1.0000000
  8.1000000      -0.15075856E-01  -0.11750520E-01   0.11042965E-02    1.0000000
  8.1500000      -0.14250967E-01  -0.10620027E-01   0.13279524E-02    1.0000000
  8.2000000      -0.12664640E-01  -0.91649590E-02   0.15516084E-02    1.0000000
  8.2500000      -0.10355970E-01  -0.71758234E-02   0.17752644E-02    1.0000000
  8.3000000      -0.73660402E-02  -0.45248067E-02   0.19016043E-02    1.0000000
  8.3500000      -0.38709540E-02  -0.13516585E-02   0.18179051E-02    1.0000000
  8.4000000      -0.26567279E-03   0.19245219E-02   0.17342060E-02    1.0000000
  8.4500000       0.30348507E-02   0.47856427E-02   0.16505068E-02    1.0000000
  8.5000000       0.56156637E-02   0.68768678E-02   0.15668077E-02    1.0000000
  8.5500000       0.71016235E-02   0.81902489E-02   0.21774512E-02    1.0000000
  8.6000000       0.75351137E-02   0.90313930E-02   0.30920939E-02    1.0000000
  8.6500000       0.72078450E-02   0.97729663E-02   0.40067365E-02    1.0000000
  8.7000000       0.64148692E-02   0.10568899E-01   0.49213792E-02    1.0000000
  8.7500000       0.54506337E-02   0.11188130E-01   0.57683024E-02    1.0000000
  8.8000000       0.44584395E-02   0.11083930E-01   0.63217741E-02    1.0000000
  8.8500000       0.32323010E-02   0.96748938E-02   0.68752459E-02    1.0000000
  8.9000000       0.15170446E-02   0.66891508E-02   0.74287176E-02    1.0000000
  8.9500000      -0.94250345E-03   0.23835835E-02   0.79821894E-02    1.0000000
  9.0000000      -0.43565438E-02  -0.24859479E-02   0.84406080E-02    1.0000000
  9.0500000      -0.82998956E-02  -0.69099256E-02   0.88394336E-02    1.0000000
  9.1000000      -0.11876779E-01  -0.99994639E-02   0.92382592E-02    1.0000000
  9.1500000      -0.14180331E-01  -0.11287634E-01   0.96370848E-02    1.0000000
  9.2000000      -0.14308092E-01  -0.10809217E-01   0.96085775E-02    1.0000000
  9.2500000      -0.11996272E-01  -0.89969151E-02   0.81690531E-02    1.0000000
  9.3000000      -0.82829205E-02  -0.64724098E-02   0.67295287E-02    1.0000000
  9.3500000      -0.43646081E-02  -0.38475851E-02   0.52900043E-02    1.0000000
  9.4000000      -0.14379067E-02  -0.16080469E-02   0.38504799E-02    1.0000000
  9.4500000      -0.57716160E-03  -0.78569492E-04   0.31100669E-02    1.0000000
  9.5000000      -0.15782029E-02   0.57785526E-03   0.26746548E-02    1.0000000
  9.5500000      -0.34749364E-02   0.37128784E-03   0.22392426E-02    1.0000000
  9.6000000      -0.52911192E-02  -0.46153891E-03   0.18038305E-02    1.0000000
  9.6500000      -0.60687526E-02  -0.14688162E-02   0.16579336E-02    1.0000000
  9.7000000      -0.54571445E-02  -0.20741084E-02   0.19002232E-02    1.0000000
  9.7500000      -0.38401344E-02  -0.17542928E-02   0.21425128E-02    1.0000000
  9.8000000      -0.16455403E-02  -0.24772416E-03   0.23848024E-02    1.0000000
  9.8500000       0.69881989E-03   0.23050512E-02   0.26270920E-02   1.00000000
  9.9000000       0.27651281E-02   0.53680137E-02   0.28693816E-02   0.93301117
  9.9500000       0.42066747E-02   0.81755104E-02   0.40704452E-02   0.74999788
  10.000000       0.50532458E-02   0.99847948E-02   0.53214801E-02   0.49999817
  10.050000       0.54437898E-02   0.10306643E-01   0.65725150E-02   0.24999894
  10.100000       0.55172667E-02   0.90575881E-02   0.78235498E-02   0.66986993E-01
  10.150000       0.54126365E-02   0.65044811E-02   0.90745847E-02    0.0000000
  10.200000       0.52549655E-02   0.31336068E-02   0.91168365E-02   0.38025635E-39
  10.250000       0.50803718E-02  -0.50160816E-03   0.89379618E-02    0.0000000
  10.300000       0.48899103E-02  -0.38858548E-02   0.87590871E-02    0.0000000
  10.350000       0.46845512E-02  -0.65873226E-02   0.85802123E-02    0.0000000
  10.400000       0.44652647E-02  -0.82763777E-02   0.84013376E-02    0.0000000
  10.450000       0.42330207E-02  -0.87588628E-02   0.82224629E-02    0.0000000
  10.500000       0.39887894E-02   0.39887894E-02   0.80435882E-02    0.0000000
  10.550000       0.37335409E-02   0.37335409E-02   0.78647134E-02    0.0000000
  10.600000       0.34682453E-02   0.34682453E-02   0.76858387E-02    0.0000000
  10.650000       0.31938726E-02   0.31938726E-02   0.75069640E-02    0.0000000
  10.700000       0.29113929E-02   0.29113929E-02   0.73280892E-02    0.0000000
  10.750000       0.26217764E-02   0.26217764E-02   0.71492145E-02    0.0000000
  10.800000       0.23259931E-02   0.23259931E-02   0.69703398E-02    0.0000000
  10.850000       0.20250132E-02   0.20250132E-02   0.67914650E-02    0.0000000
  10.900000       0.17198066E-02   0.17198066E-02   0.66125903E-02    0.0000000
  10.950000       0.14113435E-02   0.14113435E-02   0.64337156E-02    0.0000000
  11.000000       0.11005941E-02   0.11005941E-02   0.62548408E-02    0.0000000
  11.050000       0.78852827E-03   0.78852827E-03   0.60759661E-02    0.0000000
  11.100000       0.47611625E-03   0.47611625E-03   0.58970914E-02    0.0000000
  11.150000       0.16432808E-03   0.16432808E-03   0.57182166E-02    0.0000000
  11.200000      -0.14586614E-03  -0.14586614E-03   0.55393419E-02    0.0000000
  11.250000      -0.45349632E-03  -0.45349632E-03   0.53604672E-02    0.0000000
  11.300000      -0.75759236E-03  -0.75759236E-03   0.51815924E-02    0.0000000
  11.350000      -0.10571842E-02  -0.10571842E-02   0.50027177E-02    0.0000000
  11.400000      -0.13513017E-02  -0.13513017E-02   0.48238430E-02    0.0000000
  11.450000      -0.16389748E-02  -0.16389748E-02   0.46449682E-02    0.0000000
  11.500000      -0.19192334E-02  -0.19192334E-02   0.44660935E-02    0.0000000
  11.550000      -0.21911074E-02  -0.21911074E-02   0.42872188E-02    0.0000000
  11.600000      -0.24536268E-02  -0.24536268E-02   0.41083440E-02    0.0000000
  11.650000      -0.27058213E-02  -0.27058213E-02   0.39294693E-02    0.0000000
  11.700000      -0.29467211E-02  -0.29467211E-02   0.37505946E-02    0.0000000
  11.750000      -0.31753558E-02  -0.31753558E-02   0.35717198E-02    0.0000000
  11.800000      -0.33907556E-02  -0.33907556E-02   0.33928451E-02    0.0000000
  11.850000      -0.35919502E-02  -0.35919502E-02   0.32139704E-02    0.0000000
  11.900000      -0.37779696E-02  -0.37779696E-02   0.30350956E-02    0.0000000
  11.950000      -0.39478436E-02  -0.39478436E-02   0.28562209E-02    0.0000000
  12.000000      -0.41006023E-02  -0.41006023E-02   0.26773462E-02    0.0000000
  12.050000      -0.42352755E-02  -0.42352755E-02   0.24984714E-02    0.0000000
  12.100000      -0.43509026E-02  -0.43509026E-02   0.23777146E-02    0.0000000
  12.150000      -0.44469183E-02  -0.44469183E-02   0.23483640E-02    0.0000000
  12.200000      -0.45232862E-02  -0.45232862E-02   0.23190133E-02    0.0000000
  12.250000      -0.45800070E-02  -0.45800070E-02   0.22896627E-02    0.0000000
  12.300000      -0.46170814E-02  -0.46170814E-02   0.22603120E-02    0.0000000
  12.350000      -0.46345099E-02  -0.46345099E-02   0.22309614E-02    0.0000000
  12.400000      -0.46322931E-02  -0.46322931E-02   0.22016107E-02    0.0000000
  12.450000      -0.46104317E-02  -0.46104317E-02   0.21722601E-02    0.0000000
  12.500000      -0.45689264E-02  -0.45689264E-02   0.21429094E-02    0.0000000
  12.550000      -0.45077777E-02  -0.45077777E-02   0.21135588E-02    0.0000000
  12.600000      -0.44269863E-02  -0.44269863E-02   0.20842081E-02    0.0000000
  12.650000      -0.43265528E-02  -0.43265528E-02   0.20548574E-02    0.0000000
  12.700000      -0.42064778E-02  -0.42064778E-02   0.20255068E-02    0.0000000
  12.750000      -0.40667619E-02  -0.40667619E-02   0.19961561E-02    0.0000000
  12.800000      -0.39074059E-02  -0.39074059E-02   0.19668055E-02    0.0000000
  12.850000      -0.37284102E-02  -0.37284102E-02   0.19374548E-02    0.0000000
  12.900000      -0.35297756E-02  -0.35297756E-02   0.19081042E-02    0.0000000
  12.950000      -0.33115026E-02  -0.33115026E-02   0.18787535E-02    0.0000000
  13.000000      -0.30735920E-02  -0.30735920E-02   0.18494029E-02    0.0000000
  13.050000      -0.28160442E-02  -0.28160442E-02   0.18200522E-02    0.0000000
  13.100000      -0.25388600E-02  -0.25388600E-02   0.17907016E-02    0.0000000
  13.150000      -0.22420844E-02  -0.22420844E-02   0.17917480E-02    0.0000000
  13.200000      -0.19269317E-02  -0.19269317E-02   0.18267587E-02    0.0000000
  13.250000      -0.15958727E-02  -0.15958727E-02   0.18617694E-02    0.0000000
  13.300000      -0.12514404E-02  -0.12514404E-02   0.18967800E-02    0.0000000
  13.350000      -0.89616790E-03  -0.89616790E-03   0.19317907E-02    0.0000000
  13.400000      -0.53258803E-03  -0.53258803E-03   0.19668013E-02    0.0000000
  13.450000      -0.16323381E-03  -0.16323381E-03   0.20018120E-02    0.0000000
  13.500000       0.20936178E-03   0.20936178E-03   0.20368227E-02    0.0000000
  13.550000       0.58266579E-03   0.58266579E-03   0.20718333E-02    0.0000000
  13.600000       0.95414523E-03   0.95414523E-03   0.21068440E-02    0.0000000
  13.650000       0.13212671E-02   0.13212671E-02   0.21418546E-02    0.0000000
  13.700000       0.16814985E-02   0.16814985E-02   0.21768653E-02    0.0000000
  13.750000       0.20323065E-02   0.20323065E-02   0.22118760E-02    0.0000000
  13.800000       0.23711579E-02   0.23711579E-02   0.22468866E-02    0.0000000
  13.850000       0.26955200E-02   0.26955200E-02   0.22818973E-02    0.0000000
  13.900000       0.30028597E-02   0.30028597E-02   0.23169079E-02    0.0000000
  13.950000       0.32906440E-02   0.32906440E-02   0.23519186E-02    0.0000000
  14.000000       0.35563400E-02   0.35563400E-02   0.23869293E-02    0.0000000
  14.050000       0.37974146E-02   0.37974146E-02   0.24219399E-02    0.0000000
  14.100000       0.40113483E-02   0.40113483E-02   0.24268412E-02    0.0000000
  14.150000       0.41962506E-02   0.41962506E-02   0.23799459E-02    0.0000000
  14.200000       0.43511221E-02   0.43511221E-02   0.23330507E-02    0.0000000
  14.250000       0.44750306E-02   0.44750306E-02   0.22861555E-02    0.0000000
  14.300000       0.45670440E-02   0.45670440E-02   0.22392603E-02    0.0000000
  14.350000       0.46262301E-02   0.46262301E-02   0.21923651E-02    0.0000000
  14.400000       0.46516569E-02   0.46516569E-02   0.21454699E-02    0.0000000
  14.450000       0.46423922E-02   0.46423922E-02   0.20985747E-02    0.0000000
  14.500000       0.45975039E-02   0.45975039E-02   0.20516795E-02    0.0000000
  14.550000       0.45160599E-02   0.45160599E-02   0.20047843E-02    0.0000000
  14.600000       0.43971280E-02   0.43971280E-02   0.19578890E-02    0.0000000
  14.650000       0.42397762E-02   0.42397762E-02   0.19109938E-02    0.0000000
  14.700000       0.40430723E-02   0.40430723E-02   0.18640986E-02    0.0000000
  14.750000       0.38060842E-02   0.38060842E-02   0.18172034E-02    0.0000000
  14.800000       0.35278797E-02   0.35278797E-02   0.17703082E-02    0.0000000
  14.850000       0.32075268E-02   0.32075268E-02   0.17234130E-02    0.0000000
  14.900000       0.28440934E-02   0.28440934E-02   0.16765178E-02    0.0000000
  14.950000       0.24366473E-02   0.24366473E-02   0.16296226E-02    0.0000000
  15.000000       0.19842563E-02   0.19842563E-02   0.15835481E-02    0.0000000
  15.050000       0.14866130E-02   0.14866130E-02   0.16133726E-02    0.0000000
  15.100000       0.94582899E-03   0.94582899E-03   0.16431972E-02    0.0000000
  15.150000       0.36460161E-03   0.36460161E-03   0.16730217E-02    0.0000000
  15.200000      -0.25437172E-03  -0.25437172E-03   0.17028462E-02    0.0000000
  15.250000      -0.90839364E-03  -0.90839364E-03   0.17326708E-02    0.0000000
  15.300000      -0.15947668E-02  -0.15947668E-02   0.17624953E-02    0.0000000
  15.350000      -0.23107937E-02  -0.23107937E-02   0.17923198E-02    0.0000000
  15.400000      -0.30537771E-02  -0.30537771E-02   0.18221444E-02    0.0000000
  15.450000      -0.38210195E-02  -0.38210195E-02   0.18519689E-02    0.0000000
  15.500000      -0.46098237E-02  -0.46098237E-02   0.18817934E-02    0.0000000
  15.550000      -0.54174921E-02  -0.54174921E-02   0.19116180E-02    0.0000000
  15.600000      -0.62413275E-02  -0.62413275E-02   0.19414425E-02    0.0000000
  15.650000      -0.70786324E-02  -0.70786324E-02   0.19712670E-02    0.0000000
  15.700000      -0.79267095E-02  -0.79267095E-02   0.20010916E-02    0.0000000
  15.750000      -0.87828613E-02  -0.87828613E-02   0.20309161E-02    0.0000000
  15.800000      -0.96443906E-02  -0.96443906E-02   0.20607406E-02    0.0000000
