# data from ifeffit
#------------------------
#   k         chi         chi       dchi         win
  0.0000000      -0.16480359E-01  -0.22481354       0.24703043E-02    0.0000000
  0.50000000E-01  -0.51038449E-01  -0.22478517       0.24362682E-02    0.0000000
  0.10000000      -0.85596540E-01  -0.22469989       0.24022320E-02    0.0000000
  0.15000000      -0.12015463      -0.22455720       0.23681958E-02    0.0000000
  0.20000000      -0.15471272      -0.22435619       0.23341597E-02    0.0000000
  0.25000000      -0.18927081      -0.22409561       0.23001235E-02    0.0000000
  0.30000000      -0.16437582      -0.22377375       0.22660873E-02    0.0000000
  0.35000000      -0.13828873      -0.22338842       0.22320512E-02    0.0000000
  0.40000000      -0.10921312      -0.22293686       0.21980150E-02    0.0000000
  0.45000000      -0.77182694E-01  -0.22241567       0.21639788E-02    0.0000000
  0.50000000      -0.34333725E-01  -0.22182059       0.21299426E-02    0.0000000
  0.55000000       0.50547987E-02  -0.22114638       0.20959065E-02    0.0000000
  0.60000000       0.44905234E-01  -0.22038647       0.20618703E-02    0.0000000
  0.65000000       0.85874365E-01  -0.21953262       0.20278341E-02    0.0000000
  0.70000000       0.12494506      -0.21857426       0.19937980E-02    0.0000000
  0.75000000       0.15510254      -0.21749760       0.19597618E-02    0.0000000
  0.80000000       0.19254459      -0.21628412       0.19257256E-02    0.0000000
  0.85000000       0.22027960      -0.21490808       0.18916895E-02    0.0000000
  0.90000000       0.24553546      -0.21333183       0.18755589E-02    0.0000000
  0.95000000       0.26649019      -0.21149636       0.18699591E-02    0.0000000
  1.0000000       0.28780653      -0.20929893       0.18643593E-02    0.0000000
  1.0500000       0.29843309      -0.20652641       0.18587594E-02    0.0000000
  1.1000000       0.30825153      -0.20253402       0.18531596E-02    0.0000000
  1.1500000       0.31704550       0.18517716       0.18535863E-02    0.0000000
  1.2000000       0.32457793       0.15643594       0.18683173E-02    0.0000000
  1.2500000       0.32674649       0.13167030       0.18830482E-02    0.0000000
  1.3000000       0.32371862       0.11208973       0.18977791E-02    0.0000000
  1.3500000       0.32318850       0.98398158E-01   0.19115958E-02    0.0000000
  1.4000000       0.31313491       0.90920943E-01   0.18696749E-02    0.0000000
  1.4500000       0.30328173       0.89606261E-01   0.18277540E-02    0.0000000
  1.5000000       0.28743454       0.94444277E-01   0.17858330E-02    0.0000000
  1.5500000       0.26991440       0.10438238       0.17987272E-02    0.0000000
  1.6000000       0.25244912       0.11825331       0.19242062E-02    0.0000000
  1.6500000       0.23667055       0.13471468       0.20496852E-02    0.0000000
  1.7000000       0.21851480       0.15257915       0.21325067E-02    0.0000000
  1.7500000       0.19883733       0.16963794       0.20663904E-02    0.0000000
  1.8000000       0.18607527       0.18436987       0.20002741E-02    0.0000000
  1.8500000       0.16594128       0.19547316       0.19342314E-02    0.0000000
  1.9000000       0.14528245       0.20152513       0.18683775E-02    0.0000000
  1.9500000       0.12881757       0.20173357       0.18025235E-02    0.0000000
  2.0000000       0.10824476       0.19567436       0.18218190E-02    0.0000000
  2.0500000       0.85765706E-01   0.18359009       0.19089613E-02    0.0000000
  2.1000000       0.62892521E-01   0.16541916       0.19743730E-02    0.0000000
  2.1500000       0.42493831E-01   0.14229930       0.19735136E-02    0.0000000
  2.2000000       0.25766307E-01   0.11513095       0.19726543E-02    0.0000000
  2.2500000       0.76579420E-02   0.84815261E-01   0.19284222E-02    0.0000000
  2.3000000      -0.14913370E-01   0.53009161E-01   0.18714799E-02    0.0000000
  2.3500000      -0.38557417E-01   0.19860433E-01   0.18946756E-02    0.0000000
  2.4000000      -0.52244591E-01  -0.12529920E-01   0.20060839E-02    0.0000000
  2.4500000      -0.74791372E-01  -0.43351992E-01   0.20544945E-02    0.0000000
  2.5000000      -0.87741617E-01  -0.72902073E-01   0.19970076E-02    0.0000000
  2.5500000      -0.10631362      -0.10079368       0.19853373E-02    0.0000000
  2.6000000      -0.12609558      -0.12551461       0.21433281E-02    0.0000000
  2.6500000      -0.13713802      -0.14648979       0.22728050E-02    0.0000000
  2.7000000      -0.14525345      -0.16257095       0.22411969E-02    0.0000000
  2.7500000      -0.15238170      -0.17370096       0.22844447E-02    0.0000000
  2.8000000      -0.15263540      -0.17995029       0.27047153E-02    0.0000000
  2.8500000      -0.15167195      -0.18124570       0.29396931E-02    0.0000000
  2.9000000      -0.14336418      -0.17735830       0.23622247E-02    0.0000000
  2.9500000      -0.13005211      -0.16926962       0.20097265E-02    0.0000000
  3.0000000      -0.11631288      -0.15747722       0.21038992E-02    0.0000000
  3.0500000      -0.93297195E-01  -0.14488339       0.21517211E-02    0.0000000
  3.1000000      -0.80980943E-01  -0.12937648       0.21587951E-02    0.0000000
  3.1500000      -0.58820254E-01  -0.10913005       0.23077744E-02   0.54067422E-29
  3.2000000      -0.37822170E-01  -0.85031654E-01   0.24375043E-02   0.66986993E-01
  3.2500000      -0.16654715E-01  -0.62044827E-01   0.22300228E-02   0.24999894
  3.3000000      -0.21683090E-02  -0.38798318E-01   0.21499275E-02   0.49999817
  3.3500000       0.72612363E-02  -0.16022393E-01   0.21635359E-02   0.74999788
  3.4000000       0.18580969E-01   0.53713919E-02   0.19332241E-02   0.93301117
  3.4500000       0.28810704E-01   0.25482648E-01   0.23111286E-02   1.00000000
  3.5000000       0.40622285E-01   0.42560496E-01   0.33626164E-02    1.0000000
  3.5500000       0.46119839E-01   0.56144587E-01   0.35592903E-02    1.0000000
  3.6000000       0.53235683E-01   0.66084745E-01   0.29756773E-02    1.0000000
  3.6500000       0.63021635E-01   0.72417368E-01   0.21398517E-02    1.0000000
  3.7000000       0.69683316E-01   0.75311439E-01   0.23939092E-02    1.0000000
  3.7500000       0.72545494E-01   0.75233651E-01   0.23156605E-02    1.0000000
  3.8000000       0.77768129E-01   0.72702489E-01   0.23086591E-02    1.0000000
  3.8500000       0.76265405E-01   0.68311487E-01   0.26226683E-02    1.0000000
  3.9000000       0.74385542E-01   0.62726936E-01   0.22027051E-02    1.0000000
  3.9500000       0.72760177E-01   0.56520671E-01   0.27501741E-02    1.0000000
  4.0000000       0.60167410E-01   0.50133096E-01   0.36946981E-02    1.0000000
  4.0500000       0.50811853E-01   0.43930193E-01   0.29840895E-02    1.0000000
  4.1000000       0.47301624E-01   0.38171933E-01   0.29280329E-02    1.0000000
  4.1500000       0.34558113E-01   0.32976359E-01   0.27507287E-02    1.0000000
  4.2000000       0.24168470E-01   0.28330878E-01   0.24525813E-02    1.0000000
  4.2500000       0.17567286E-01   0.24179209E-01   0.25362767E-02    1.0000000
  4.3000000       0.11222519E-01   0.20373423E-01   0.27168180E-02    1.0000000
  4.3500000      -0.15777536E-02   0.16725779E-01   0.22676192E-02    1.0000000
  4.4000000      -0.19479761E-02   0.13080249E-01   0.24525403E-02    1.0000000
  4.4500000      -0.64736394E-02   0.92413124E-02   0.25064247E-02    1.0000000
  4.5000000      -0.50384801E-02   0.50938933E-02   0.22420616E-02    1.0000000
  4.5500000      -0.55128489E-02   0.60341488E-03   0.23399563E-02    1.0000000
  4.6000000      -0.95035287E-02  -0.41891319E-02   0.20301190E-02    1.0000000
  4.6500000      -0.13793432E-01  -0.91961656E-02   0.18937606E-02    1.0000000
  4.7000000      -0.14245885E-01  -0.14210454E-01   0.46444758E-02    1.0000000
  4.7500000      -0.25608953E-01  -0.18983144E-01   0.28083599E-02    1.0000000
  4.8000000      -0.26192489E-01  -0.23281958E-01   0.20624356E-02    1.0000000
  4.8500000      -0.29908212E-01  -0.26771238E-01   0.20365319E-02    1.0000000
  4.9000000      -0.26769954E-01  -0.29188525E-01   0.20831409E-02    1.0000000
  4.9500000      -0.26134740E-01  -0.30383315E-01   0.21636685E-02    1.0000000
  5.0000000      -0.24651023E-01  -0.30286998E-01   0.21097016E-02    1.0000000
  5.0500000      -0.21380110E-01  -0.28849857E-01   0.19852469E-02    1.0000000
  5.1000000      -0.15768851E-01  -0.26213957E-01   0.21680527E-02    1.0000000
  5.1500000      -0.17814271E-01  -0.22668302E-01   0.19517157E-02    1.0000000
  5.2000000      -0.18213934E-01  -0.18533006E-01   0.21502461E-02    1.0000000
  5.2500000      -0.16906012E-01  -0.14146615E-01   0.28580721E-02    1.0000000
  5.3000000      -0.10780359E-01  -0.99056599E-02   0.36605434E-02    1.0000000
  5.3500000      -0.11420514E-01  -0.61742391E-02   0.21155171E-02    1.0000000
  5.4000000      -0.13455594E-01  -0.32242157E-02   0.21401899E-02    1.0000000
  5.4500000      -0.71372303E-02  -0.12207024E-02   0.22562401E-02    1.0000000
  5.5000000      -0.81886868E-02  -0.20333295E-03   0.21461612E-02    1.0000000
  5.5500000      -0.89449815E-02  -0.72511304E-04   0.19433383E-02    1.0000000
  5.6000000      -0.63517885E-02  -0.61446783E-03   0.19600952E-02    1.0000000
  5.6500000      -0.62881711E-02  -0.15266825E-02   0.22226985E-02    1.0000000
  5.7000000      -0.17031519E-02  -0.24591187E-02   0.21736515E-02    1.0000000
  5.7500000      -0.48281959E-03  -0.30559873E-02   0.21246044E-02    1.0000000
  5.8000000      -0.42611167E-03  -0.30237496E-02   0.20755574E-02    1.0000000
  5.8500000      -0.48784562E-02  -0.21634955E-02   0.20265104E-02    1.0000000
  5.9000000      -0.12700225E-02  -0.39826148E-03   0.20148745E-02    1.0000000
  5.9500000       0.70980371E-03   0.22431841E-02   0.20198712E-02    1.0000000
  6.0000000       0.83796094E-02   0.55605150E-02   0.20248680E-02    1.0000000
  6.0500000       0.43941902E-02   0.92474875E-02   0.20298647E-02    1.0000000
  6.1000000       0.86566133E-02   0.12935409E-01   0.21812291E-02    1.0000000
  6.1500000       0.17978399E-01   0.16286191E-01   0.25610567E-02    1.0000000
  6.2000000       0.19542660E-01   0.18892589E-01   0.29408843E-02    1.0000000
  6.2500000       0.18457011E-01   0.20463921E-01   0.33207119E-02    1.0000000
  6.3000000       0.26945555E-01   0.20828583E-01   0.36225653E-02    1.0000000
  6.3500000       0.20064416E-01   0.19945223E-01   0.35047387E-02    1.0000000
  6.4000000       0.19285231E-01   0.17903099E-01   0.33869120E-02    1.0000000
  6.4500000       0.17921151E-01   0.14905274E-01   0.32690854E-02    1.0000000
  6.5000000       0.11216818E-01   0.11237924E-01   0.31512587E-02    1.0000000
  6.5500000       0.85220635E-02   0.72308632E-02   0.28620158E-02    1.0000000
  6.6000000       0.73931318E-02   0.32137420E-02   0.25663782E-02    1.0000000
  6.6500000       0.60418054E-03  -0.56477854E-03   0.22707406E-02    1.0000000
  6.7000000       0.36246675E-02  -0.38384900E-02   0.20133990E-02    1.0000000
  6.7500000      -0.31297560E-02  -0.64604775E-02   0.22610366E-02    1.0000000
  6.8000000      -0.72869691E-02  -0.83746259E-02   0.25086742E-02    1.0000000
  6.8500000      -0.52697693E-02  -0.96070468E-02   0.27563119E-02    1.0000000
  6.9000000      -0.51563882E-02  -0.10246829E-01   0.29069756E-02    1.0000000
  6.9500000      -0.55856166E-02  -0.10420285E-01   0.26776710E-02    1.0000000
  7.0000000      -0.78316152E-02  -0.10263530E-01   0.24483664E-02    1.0000000
  7.0500000      -0.95768747E-02  -0.98980684E-02   0.22190618E-02    1.0000000
  7.1000000      -0.11275060E-01  -0.94207689E-02   0.20721879E-02    1.0000000
  7.1500000      -0.96462772E-02  -0.89018083E-02   0.20839891E-02    1.0000000
  7.2000000      -0.77872495E-02  -0.83064880E-02   0.20957903E-02    1.0000000
  7.2500000      -0.11809121E-01  -0.76083476E-02   0.21075914E-02    1.0000000
  7.3000000      -0.96346136E-02  -0.67661686E-02   0.19863056E-02    1.0000000
  7.3500000      -0.65939320E-02  -0.57416696E-02   0.18315912E-02    1.0000000
  7.4000000      -0.39490494E-02  -0.45158234E-02   0.16768769E-02    1.0000000
  7.4500000      -0.11189330E-02  -0.31005976E-02   0.16497496E-02    1.0000000
  7.5000000      -0.34779912E-02  -0.15439527E-02   0.20717019E-02    1.0000000
  7.5500000       0.16321361E-02   0.72709985E-04   0.24936542E-02    1.0000000
  7.6000000       0.29404377E-02   0.16553868E-02   0.29156065E-02    1.0000000
  7.6500000       0.40265398E-02   0.31115747E-02   0.29491609E-02    1.0000000
  7.7000000       0.74119485E-02   0.43031188E-02   0.27589297E-02    1.0000000
  7.7500000       0.81700827E-02   0.51365898E-02   0.25686985E-02    1.0000000
  7.8000000       0.30123149E-02   0.55565853E-02   0.24516228E-02    1.0000000
  7.8500000       0.25215813E-02   0.55541232E-02   0.24817834E-02    1.0000000
  7.9000000       0.48933196E-02   0.51677769E-02   0.25119439E-02    1.0000000
  7.9500000       0.38675406E-02   0.44775289E-02   0.25421045E-02    1.0000000
  8.0000000       0.70976470E-03   0.35925500E-02   0.25386303E-02    1.0000000
  8.0500000       0.76543114E-03   0.26350761E-02   0.25346786E-02    1.0000000
  8.1000000       0.15428963E-02   0.17252659E-02   0.25307268E-02    1.0000000
  8.1500000       0.84030628E-04   0.95972994E-03   0.24998407E-02    1.0000000
  8.2000000      -0.83334635E-03   0.40376986E-03   0.24538868E-02    1.0000000
  8.2500000      -0.36965473E-02   0.88740759E-04   0.24079329E-02    1.0000000
  8.3000000      -0.40084468E-02   0.61234006E-05   0.23077440E-02    1.0000000
  8.3500000      -0.23540121E-02   0.11294952E-03   0.21428003E-02    1.0000000
  8.4000000      -0.15186925E-02   0.34211670E-03   0.19778566E-02    1.0000000
  8.4500000       0.15362007E-03   0.61554369E-03   0.19662297E-02    1.0000000
  8.5000000      -0.35020798E-02   0.85779204E-03   0.23413280E-02    1.0000000
  8.5500000      -0.26604248E-02   0.10078846E-02   0.27164262E-02    1.0000000
  8.6000000      -0.11042442E-03   0.10255962E-02   0.30915245E-02    1.0000000
  8.6500000       0.20416479E-02   0.89279617E-03   0.34666227E-02    1.0000000
  8.7000000       0.12229322E-02   0.62353800E-03   0.38417209E-02    1.0000000
  8.7500000       0.12106956E-02   0.25329056E-03   0.41542787E-02    1.0000000
  8.8000000       0.34217188E-02  -0.16962453E-03   0.39587885E-02    1.0000000
  8.8500000       0.14054853E-02  -0.59379330E-03   0.37632984E-02   1.00000000
  8.9000000      -0.17766282E-02  -0.97387162E-03   0.35678083E-02   0.93301117
  8.9500000      -0.27413983E-02  -0.12775432E-02   0.33723182E-02   0.74999788
  9.0000000      -0.21825937E-03  -0.14892134E-02   0.31768280E-02   0.49999817
  9.0500000      -0.34951349E-02  -0.16100789E-02   0.30905299E-02   0.24999894
  9.1000000       0.37531924E-02  -0.16611971E-02   0.33697920E-02   0.66986993E-01
  9.1500000       0.16283966E-02  -0.16583136E-02   0.36490540E-02    0.0000000
  9.2000000       0.11782853E-02  -0.16192956E-02   0.39283161E-02   0.38025635E-39
  9.2500000      -0.30672116E-02  -0.15641622E-02   0.42075781E-02    0.0000000
  9.3000000      -0.43488038E-02  -0.15046812E-02   0.44868402E-02    0.0000000
  9.3500000      -0.24758211E-02  -0.14421709E-02   0.44146838E-02    0.0000000
  9.4000000      -0.34909379E-03  -0.13679884E-02   0.40887273E-02    0.0000000
  9.4500000      -0.27979913E-02  -0.12664473E-02   0.37627708E-02    0.0000000
  9.5000000      -0.18176007E-02  -0.18176007E-02   0.34368144E-02    0.0000000
  9.5500000      -0.23566150E-02  -0.23566150E-02   0.31108579E-02    0.0000000
  9.6000000      -0.48495150E-03  -0.48495150E-03   0.27849014E-02    0.0000000
  9.6500000       0.25722940E-02   0.25722940E-02   0.28255505E-02    0.0000000
  9.7000000      -0.26118873E-03  -0.26118873E-03   0.28788855E-02    0.0000000
  9.7500000      -0.35569144E-02  -0.35569144E-02   0.29322205E-02    0.0000000
  9.8000000      -0.43516775E-02  -0.43516775E-02   0.29855556E-02    0.0000000
  9.8500000       0.26212437E-03   0.26212437E-03   0.30388906E-02    0.0000000
  9.9000000       0.22427297E-02   0.22427297E-02   0.30122812E-02    0.0000000
  9.9500000       0.67485448E-02   0.67485448E-02   0.29410930E-02    0.0000000
  10.000000       0.66051797E-02   0.66051797E-02   0.28699049E-02    0.0000000
  10.050000       0.61119365E-02   0.61119365E-02   0.27987167E-02    0.0000000
  10.100000       0.54051283E-02   0.54051283E-02   0.27275286E-02    0.0000000
  10.150000       0.36372404E-02   0.36372404E-02   0.26721139E-02    0.0000000
  10.200000       0.23033037E-02   0.23033037E-02   0.26405670E-02    0.0000000
  10.250000      -0.32628368E-02  -0.32628368E-02   0.26090200E-02    0.0000000
  10.300000      -0.28614537E-02  -0.28614537E-02   0.25774731E-02    0.0000000
  10.350000       0.16214950E-02   0.16214950E-02   0.25459261E-02    0.0000000
  10.400000       0.24351898E-02   0.24351898E-02   0.25247385E-02    0.0000000
  10.450000       0.16702320E-02   0.16702320E-02   0.25353345E-02    0.0000000
  10.500000       0.20030661E-02   0.20030661E-02   0.25459304E-02    0.0000000
  10.550000      -0.88659858E-03  -0.88659858E-03   0.25565264E-02    0.0000000
  10.600000      -0.27612116E-03  -0.27612116E-03   0.25671223E-02    0.0000000
  10.650000      -0.15844249E-02  -0.15844249E-02   0.26066503E-02    0.0000000
  10.700000       0.14076289E-02   0.14076289E-02   0.27013446E-02    0.0000000
  10.750000       0.13534754E-02   0.13534754E-02   0.27960388E-02    0.0000000
  10.800000       0.12143361E-02   0.12143361E-02   0.28907331E-02    0.0000000
  10.850000      -0.14998181E-02  -0.14998181E-02   0.29854273E-02    0.0000000
  10.900000      -0.30031776E-03  -0.30031776E-03   0.30080579E-02    0.0000000
  10.950000      -0.31308397E-03  -0.31308397E-03   0.29230390E-02    0.0000000
  11.000000      -0.20959391E-02  -0.20959391E-02   0.28380201E-02    0.0000000
  11.050000      -0.12920599E-02  -0.12920599E-02   0.27530013E-02    0.0000000
  11.100000      -0.39509707E-02  -0.39509707E-02   0.26679824E-02    0.0000000
  11.150000       0.35610010E-03   0.35610010E-03   0.27639430E-02    0.0000000
  11.200000      -0.29710488E-02  -0.29710488E-02   0.29494185E-02    0.0000000
  11.250000       0.59515977E-05   0.59515977E-05   0.31348940E-02    0.0000000
  11.300000      -0.43723167E-02  -0.43723167E-02   0.33203695E-02    0.0000000
  11.350000      -0.39885637E-02  -0.39885637E-02   0.35058451E-02    0.0000000
  11.400000      -0.34829193E-02  -0.34829193E-02   0.33049185E-02    0.0000000
  11.450000      -0.74442089E-03  -0.74442089E-03   0.30798388E-02    0.0000000
  11.500000      -0.65795232E-03  -0.65795232E-03   0.28547591E-02    0.0000000
  11.550000       0.10208998E-02   0.10208998E-02   0.26296794E-02    0.0000000
  11.600000      -0.36080201E-03  -0.36080201E-03   0.24045998E-02    0.0000000
  11.650000      -0.24655765E-02  -0.24655765E-02   0.21795201E-02    0.0000000
  11.700000      -0.47640919E-02  -0.47640919E-02   0.19987513E-02    0.0000000
  11.750000      -0.12406061E-02  -0.12406061E-02   0.24405108E-02    0.0000000
  11.800000      -0.24267327E-02  -0.24267327E-02   0.28822703E-02    0.0000000
  11.850000       0.24540661E-03   0.24540661E-03   0.33240298E-02    0.0000000
  11.900000       0.33849739E-02   0.33849739E-02   0.37657893E-02    0.0000000
  11.950000       0.24135182E-02   0.24135182E-02   0.42075489E-02    0.0000000
  12.000000       0.60028738E-02   0.60028738E-02   0.46493084E-02    0.0000000
  12.050000       0.64644678E-02   0.64644678E-02   0.47039130E-02    0.0000000
  12.100000       0.36420650E-02   0.36420650E-02   0.42531883E-02    0.0000000
  12.150000       0.20288259E-02   0.20288259E-02   0.38024636E-02    0.0000000
  12.200000      -0.13506513E-02  -0.13506513E-02   0.33517389E-02    0.0000000
  12.250000      -0.15723807E-02  -0.15723807E-02   0.29010142E-02    0.0000000
  12.300000      -0.12969124E-03  -0.12969124E-03   0.24502895E-02    0.0000000
  12.350000       0.33468762E-02   0.33468762E-02   0.19995648E-02    0.0000000
  12.400000       0.55672578E-02   0.55672578E-02   0.21948403E-02    0.0000000
  12.450000       0.64546215E-03   0.64546215E-03   0.24140156E-02    0.0000000
  12.500000      -0.53167763E-02  -0.53167763E-02   0.26331910E-02    0.0000000
  12.550000      -0.53495469E-02  -0.53495469E-02   0.28523663E-02    0.0000000
  12.600000      -0.23422893E-02  -0.23422893E-02   0.30715417E-02    0.0000000
  12.650000      -0.20581113E-02  -0.20581113E-02   0.32907170E-02    0.0000000
  12.700000       0.42457961E-03   0.42457961E-03   0.32350411E-02    0.0000000
  12.750000      -0.25685272E-02  -0.25685272E-02   0.30528685E-02    0.0000000
  12.800000      -0.90542424E-03  -0.90542424E-03   0.28706960E-02    0.0000000
  12.850000      -0.20030962E-02  -0.20030962E-02   0.26885234E-02    0.0000000
  12.900000      -0.25695898E-02  -0.25695898E-02   0.25063509E-02    0.0000000
  12.950000      -0.17531580E-02  -0.17531580E-02   0.23241783E-02    0.0000000
  13.000000       0.22087956E-02   0.22087956E-02   0.27356951E-02    0.0000000
  13.050000       0.24303304E-02   0.24303304E-02   0.35888808E-02    0.0000000
  13.100000       0.53961118E-02   0.53961118E-02   0.44420665E-02    0.0000000
  13.150000       0.19432994E-02   0.19432994E-02   0.52952522E-02    0.0000000
  13.200000       0.15712410E-02   0.15712410E-02   0.61484379E-02    0.0000000
  13.250000       0.72765062E-03   0.72765062E-03   0.70016235E-02    0.0000000
  13.300000       0.20766043E-03   0.20766043E-03   0.70270778E-02    0.0000000
  13.350000       0.60150873E-02   0.60150873E-02   0.64054759E-02    0.0000000
  13.400000       0.55746591E-02   0.55746591E-02   0.57838740E-02    0.0000000
  13.450000       0.31582518E-02   0.31582518E-02   0.51622721E-02    0.0000000
  13.500000       0.18935688E-02   0.18935688E-02   0.45406702E-02    0.0000000
  13.550000       0.32061528E-03   0.32061528E-03   0.39190683E-02    0.0000000
  13.600000      -0.44177680E-03  -0.44177680E-03   0.32974664E-02    0.0000000
  13.650000      -0.16476957E-02  -0.16476957E-02   0.26758645E-02    0.0000000
  13.700000      -0.49037565E-02  -0.49037565E-02   0.28762484E-02    0.0000000
  13.750000      -0.16841097E-02  -0.16841097E-02   0.33608505E-02    0.0000000
  13.800000      -0.90940203E-03  -0.90940203E-03   0.38454527E-02    0.0000000
  13.850000      -0.13553365E-02  -0.13553365E-02   0.43300549E-02    0.0000000
  13.900000      -0.18626155E-02  -0.18626155E-02   0.48146570E-02    0.0000000
  13.950000      -0.47427263E-02  -0.47427263E-02   0.52992592E-02    0.0000000
  14.000000      -0.46415702E-02  -0.46415702E-02   0.57838614E-02    0.0000000
