 Ferrocene eclipsed structure                           Feff 6L.02    potph 4.12
 Abs   Z=26 Rmt= 1.120 Rnm= 1.283 K shell
 Pot 1 Z= 6 Rmt= 0.729 Rnm= 1.073
 Gam_ch=1.325E+00 H-L exch
 Mu=-4.340E+00 kf=2.569E+00 Vint=-2.949E+01 Rs_int= 1.412
 Path    4      icalc       2                           Feff 6L.02   genfmt 1.44
 -------------------------------------------------------------------------------
   4  20.000   3.4727    2.0698   -4.33991 nleg, deg, reff, rnrmav(bohr), edge
        x         y         z   pot at#
     0.0000    0.0000    0.0000  0  26 Fe       absorbing atom
     1.6652    1.2053    0.0000  1   6 C     
     1.6652    0.3724   -1.1464  1   6 C     
     1.6652    1.2053    0.0000  1   6 C     
    k   real[2*phc]   mag[feff]  phase[feff] red factor   lambda      real[p]@#
  0.000  2.3530E+00  0.0000E+00 -3.0882E+00  0.1016E+01  2.9552E+01  2.5694E+00
  0.200  2.3496E+00  2.0780E-02 -4.4317E+00  0.1016E+01  2.9635E+01  2.5768E+00
  0.400  2.3394E+00  3.9831E-02 -5.6859E+00  0.1016E+01  2.9852E+01  2.5989E+00
  0.600  2.3227E+00  5.5702E-02 -6.8560E+00  0.1015E+01  3.0115E+01  2.6354E+00
  0.800  2.2998E+00  6.7469E-02 -7.9496E+00  0.1015E+01  3.0284E+01  2.6858E+00
  1.000  2.2711E+00  7.4877E-02 -8.9761E+00  0.1015E+01  3.0195E+01  2.7493E+00
  1.200  2.2371E+00  7.8357E-02 -9.9453E+00  0.1016E+01  2.9703E+01  2.8253E+00
  1.400  2.1983E+00  7.8863E-02 -1.0865E+01  0.1016E+01  2.8732E+01  2.9133E+00
  1.600  2.1549E+00  7.7593E-02 -1.1741E+01  0.1018E+01  2.7312E+01  3.0125E+00
  1.800  2.1072E+00  7.5659E-02 -1.2573E+01  0.1020E+01  2.5569E+01  3.1224E+00
  2.000  2.0552E+00  7.3783E-02 -1.3354E+01  0.1023E+01  2.3685E+01  3.2428E+00
  2.200  1.9984E+00  7.2154E-02 -1.4076E+01  0.1026E+01  2.1846E+01  3.3733E+00
  2.400  1.9362E+00  7.0482E-02 -1.4730E+01  0.1030E+01  2.0203E+01  3.5138E+00
  2.600  1.8673E+00  6.8231E-02 -1.5311E+01  0.1035E+01  1.8865E+01  3.6644E+00
  2.800  1.8040E+00  6.4871E-02 -1.5816E+01  0.1030E+01  1.7910E+01  3.8251E+00
  3.000  1.6183E+00  6.1185E-02 -1.6162E+01  0.1057E+01  1.2924E+01  4.0346E+00
  3.200  1.6144E+00  6.9200E-02 -1.6741E+01  0.1131E+01  8.6430E+00  4.1629E+00
  3.400  1.6076E+00  7.1657E-02 -1.7234E+01  0.1168E+01  7.2458E+00  4.2974E+00
  3.600  1.5819E+00  6.8953E-02 -1.7662E+01  0.1185E+01  6.6026E+00  4.4378E+00
  3.800  1.5438E+00  6.2719E-02 -1.8060E+01  0.1192E+01  6.2755E+00  4.5835E+00
  4.000  1.4919E+00  5.4587E-02 -1.8446E+01  0.1189E+01  6.1148E+00  4.7342E+00
  4.200  1.4441E+00  4.6308E-02 -1.8838E+01  0.1184E+01  6.0547E+00  4.8892E+00
  4.400  1.3834E+00  3.8821E-02 -1.9219E+01  0.1176E+01  6.0614E+00  5.0483E+00
  4.600  1.3235E+00  3.2447E-02 -1.9579E+01  0.1166E+01  6.1158E+00  5.2110E+00
  4.800  1.2511E+00  2.7046E-02 -1.9924E+01  0.1156E+01  6.2061E+00  5.3770E+00
  5.000  1.1747E+00  2.2591E-02 -2.0251E+01  0.1145E+01  6.3244E+00  5.5458E+00
  5.200  1.1008E+00  1.8891E-02 -2.0566E+01  0.1134E+01  6.4656E+00  5.7174E+00
  5.400  1.0197E+00  1.5892E-02 -2.0866E+01  0.1124E+01  6.6258E+00  5.8912E+00
  5.600  9.3752E-01  1.3361E-02 -2.1155E+01  0.1113E+01  6.8023E+00  6.0672E+00
  5.800  8.5656E-01  1.1277E-02 -2.1436E+01  0.1103E+01  6.9930E+00  6.2452E+00
  6.000  7.7436E-01  9.5435E-03 -2.1699E+01  0.1092E+01  7.1964E+00  6.4248E+00
  6.500  5.7313E-01  6.2562E-03 -2.2309E+01  0.1068E+01  7.7521E+00  6.8803E+00
  7.000  3.8195E-01  4.0576E-03 -2.2855E+01  0.1045E+01  8.3653E+00  7.3434E+00
  7.500  2.0526E-01  2.6164E-03 -2.3325E+01  0.1025E+01  9.0274E+00  7.8124E+00
  8.000  3.6744E-02  1.7058E-03 -2.3722E+01  0.1009E+01  9.7324E+00  8.2861E+00
  8.500 -1.2594E-01  1.1555E-03 -2.4065E+01  0.9934E+00  1.0476E+01  8.7636E+00
  9.000 -2.9459E-01  8.3017E-04 -2.4370E+01  0.9784E+00  1.1257E+01  9.2442E+00
  9.500 -4.6407E-01  6.3360E-04 -2.4666E+01  0.9652E+00  1.2070E+01  9.7272E+00
 10.000 -6.2687E-01  5.0486E-04 -2.4954E+01  0.9532E+00  1.2916E+01  1.0212E+01
 11.000 -9.3053E-01  3.4161E-04 -2.5540E+01  0.9335E+00  1.4697E+01  1.1188E+01
 12.000 -1.2061E+00  2.3212E-04 -2.6233E+01  0.9223E+00  1.6591E+01  1.2168E+01
 13.000 -1.4657E+00  1.4189E-04 -2.6999E+01  0.9159E+00  1.8591E+01  1.3152E+01
 14.000 -1.7071E+00  7.5707E-05 -2.7580E+01  0.9090E+00  2.0693E+01  1.4138E+01
 15.000 -1.9270E+00  4.2055E-05 -2.7757E+01  0.9047E+00  2.2890E+01  1.5127E+01
 16.000 -2.1320E+00  2.9268E-05 -2.7884E+01  0.9034E+00  2.5180E+01  1.6117E+01
 17.000 -2.3245E+00  2.3332E-05 -2.8233E+01  0.9006E+00  2.7560E+01  1.7109E+01
 18.000 -2.5017E+00  2.1114E-05 -2.8709E+01  0.8987E+00  3.0027E+01  1.8102E+01
 19.000 -2.6670E+00  1.4496E-05 -2.9259E+01  0.8987E+00  3.2577E+01  1.9095E+01
 20.000 -2.8224E+00  1.5371E-05 -2.8547E+01  0.8968E+00  3.5210E+01  2.0090E+01
