#------------------------
#   k         chi       dchi           
  0.0000000      -0.16480359E-01      0.24703043E-02  
  0.50000000E-01  -0.51038449E-01     0.24362682E-02  
  0.10000000      -0.85596540E-01     0.24022320E-02  
  0.15000000      -0.12015463         0.23681958E-02  
  0.20000000      -0.15471272         0.23341597E-02  
  0.25000000      -0.18927081         0.23001235E-02  
  0.30000000      -0.16437582         0.22660873E-02  
  0.35000000      -0.13828873         0.22320512E-02  
  0.40000000      -0.10921312         0.21980150E-02  
  0.45000000      -0.77182694E-01     0.21639788E-02  
  0.50000000      -0.34333725E-01     0.21299426E-02  
  0.55000000       0.50547987E-02     0.20959065E-02  
  0.60000000       0.44905234E-01     0.20618703E-02  
  0.65000000       0.85874365E-01     0.20278341E-02  
  0.70000000       0.12494506         0.19937980E-02  
  0.75000000       0.15510254         0.19597618E-02  
  0.80000000       0.19254459         0.19257256E-02  
  0.85000000       0.22027960         0.18916895E-02  
  0.90000000       0.24553546         0.18755589E-02  
  0.95000000       0.26649019         0.18699591E-02  
  1.0000000       0.28780653         0.18643593E-02   
  1.0500000       0.29843309         0.18587594E-02   
  1.1000000       0.30825153         0.18531596E-02   
  1.1500000       0.31704550         0.18535863E-02   
  1.2000000       0.32457793         0.18683173E-02   
  1.2500000       0.32674649         0.18830482E-02   
  1.3000000       0.32371862         0.18977791E-02   
  1.3500000       0.32318850         0.19115958E-02   
  1.4000000       0.31313491         0.18696749E-02   
  1.4500000       0.30328173         0.18277540E-02   
  1.5000000       0.28743454         0.17858330E-02   
  1.5500000       0.26991440         0.17987272E-02   
  1.6000000       0.25244912         0.19242062E-02   
  1.6500000       0.23667055         0.20496852E-02   
  1.7000000       0.21851480         0.21325067E-02   
  1.7500000       0.19883733         0.20663904E-02   
  1.8000000       0.18607527         0.20002741E-02   
  1.8500000       0.16594128         0.19342314E-02   
  1.9000000       0.14528245         0.18683775E-02   
  1.9500000       0.12881757         0.18025235E-02   
  2.0000000       0.10824476         0.18218190E-02   
  2.0500000       0.85765706E-01     0.19089613E-02   
  2.1000000       0.62892521E-01     0.19743730E-02   
  2.1500000       0.42493831E-01     0.19735136E-02   
  2.2000000       0.25766307E-01     0.19726543E-02   
  2.2500000       0.76579420E-02     0.19284222E-02   
  2.3000000      -0.14913370E-01     0.18714799E-02   
  2.3500000      -0.38557417E-01     0.18946756E-02   
  2.4000000      -0.52244591E-01     0.20060839E-02   
  2.4500000      -0.74791372E-01     0.20544945E-02   
  2.5000000      -0.87741617E-01     0.19970076E-02   
  2.5500000      -0.10631362         0.19853373E-02   
  2.6000000      -0.12609558         0.21433281E-02   
  2.6500000      -0.13713802         0.22728050E-02   
  2.7000000      -0.14525345         0.22411969E-02   
  2.7500000      -0.15238170         0.22844447E-02   
  2.8000000      -0.15263540         0.27047153E-02   
  2.8500000      -0.15167195         0.29396931E-02   
  2.9000000      -0.14336418         0.23622247E-02   
  2.9500000      -0.13005211         0.20097265E-02   
  3.0000000      -0.11631288         0.21038992E-02   
  3.0500000      -0.93297195E-01     0.21517211E-02   
  3.1000000      -0.80980943E-01     0.21587951E-02   
  3.1500000      -0.58820254E-01     0.23077744E-02   
  3.2000000      -0.37822170E-01     0.24375043E-02   
  3.2500000      -0.16654715E-01     0.22300228E-02   
  3.3000000      -0.21683090E-02     0.21499275E-02   
  3.3500000       0.72612363E-02     0.21635359E-02   
  3.4000000       0.18580969E-01     0.19332241E-02   
  3.4500000       0.28810704E-01     0.23111286E-02   
  3.5000000       0.40622285E-01     0.33626164E-02   
  3.5500000       0.46119839E-01     0.35592903E-02   
  3.6000000       0.53235683E-01     0.29756773E-02   
  3.6500000       0.63021635E-01     0.21398517E-02   
  3.7000000       0.69683316E-01     0.23939092E-02   
  3.7500000       0.72545494E-01     0.23156605E-02   
  3.8000000       0.77768129E-01     0.23086591E-02   
  3.8500000       0.76265405E-01     0.26226683E-02   
  3.9000000       0.74385542E-01     0.22027051E-02   
  3.9500000       0.72760177E-01     0.27501741E-02   
  4.0000000       0.60167410E-01     0.36946981E-02   
  4.0500000       0.50811853E-01     0.29840895E-02   
  4.1000000       0.47301624E-01     0.29280329E-02   
  4.1500000       0.34558113E-01     0.27507287E-02   
  4.2000000       0.24168470E-01     0.24525813E-02   
  4.2500000       0.17567286E-01     0.25362767E-02   
  4.3000000       0.11222519E-01     0.27168180E-02   
  4.3500000      -0.15777536E-02     0.22676192E-02   
  4.4000000      -0.19479761E-02     0.24525403E-02   
  4.4500000      -0.64736394E-02     0.25064247E-02   
  4.5000000      -0.50384801E-02     0.22420616E-02   
  4.5500000      -0.55128489E-02     0.23399563E-02   
  4.6000000      -0.95035287E-02     0.20301190E-02   
  4.6500000      -0.13793432E-01     0.18937606E-02   
  4.7000000      -0.14245885E-01     0.46444758E-02   
  4.7500000      -0.25608953E-01     0.28083599E-02   
  4.8000000      -0.26192489E-01     0.20624356E-02   
  4.8500000      -0.29908212E-01     0.20365319E-02   
  4.9000000      -0.26769954E-01     0.20831409E-02   
  4.9500000      -0.26134740E-01     0.21636685E-02   
  5.0000000      -0.24651023E-01     0.21097016E-02   
  5.0500000      -0.21380110E-01     0.19852469E-02   
  5.1000000      -0.15768851E-01     0.21680527E-02   
  5.1500000      -0.17814271E-01     0.19517157E-02   
  5.2000000      -0.18213934E-01     0.21502461E-02   
  5.2500000      -0.16906012E-01     0.28580721E-02   
  5.3000000      -0.10780359E-01     0.36605434E-02   
  5.3500000      -0.11420514E-01     0.21155171E-02   
  5.4000000      -0.13455594E-01     0.21401899E-02   
  5.4500000      -0.71372303E-02     0.22562401E-02   
  5.5000000      -0.81886868E-02     0.21461612E-02   
  5.5500000      -0.89449815E-02     0.19433383E-02   
  5.6000000      -0.63517885E-02     0.19600952E-02   
  5.6500000      -0.62881711E-02     0.22226985E-02   
  5.7000000      -0.17031519E-02     0.21736515E-02   
  5.7500000      -0.48281959E-03     0.21246044E-02   
  5.8000000      -0.42611167E-03     0.20755574E-02   
  5.8500000      -0.48784562E-02     0.20265104E-02   
  5.9000000      -0.12700225E-02     0.20148745E-02   
  5.9500000       0.70980371E-03     0.20198712E-02   
  6.0000000       0.83796094E-02     0.20248680E-02   
  6.0500000       0.43941902E-02     0.20298647E-02   
  6.1000000       0.86566133E-02     0.21812291E-02   
  6.1500000       0.17978399E-01     0.25610567E-02   
  6.2000000       0.19542660E-01     0.29408843E-02   
  6.2500000       0.18457011E-01     0.33207119E-02   
  6.3000000       0.26945555E-01     0.36225653E-02   
  6.3500000       0.20064416E-01     0.35047387E-02   
  6.4000000       0.19285231E-01     0.33869120E-02   
  6.4500000       0.17921151E-01     0.32690854E-02   
  6.5000000       0.11216818E-01     0.31512587E-02   
  6.5500000       0.85220635E-02     0.28620158E-02   
  6.6000000       0.73931318E-02     0.25663782E-02   
  6.6500000       0.60418054E-03     0.22707406E-02   
  6.7000000       0.36246675E-02     0.20133990E-02   
  6.7500000      -0.31297560E-02     0.22610366E-02   
  6.8000000      -0.72869691E-02     0.25086742E-02   
  6.8500000      -0.52697693E-02     0.27563119E-02   
  6.9000000      -0.51563882E-02     0.29069756E-02   
  6.9500000      -0.55856166E-02     0.26776710E-02   
  7.0000000      -0.78316152E-02     0.24483664E-02   
  7.0500000      -0.95768747E-02     0.22190618E-02   
  7.1000000      -0.11275060E-01     0.20721879E-02   
  7.1500000      -0.96462772E-02     0.20839891E-02   
  7.2000000      -0.77872495E-02     0.20957903E-02   
  7.2500000      -0.11809121E-01     0.21075914E-02   
  7.3000000      -0.96346136E-02     0.19863056E-02   
  7.3500000      -0.65939320E-02     0.18315912E-02   
  7.4000000      -0.39490494E-02     0.16768769E-02   
  7.4500000      -0.11189330E-02     0.16497496E-02   
  7.5000000      -0.34779912E-02     0.20717019E-02   
  7.5500000       0.16321361E-02     0.24936542E-02   
  7.6000000       0.29404377E-02     0.29156065E-02   
  7.6500000       0.40265398E-02     0.29491609E-02   
  7.7000000       0.74119485E-02     0.27589297E-02   
  7.7500000       0.81700827E-02     0.25686985E-02   
  7.8000000       0.30123149E-02     0.24516228E-02   
  7.8500000       0.25215813E-02     0.24817834E-02   
  7.9000000       0.48933196E-02     0.25119439E-02   
  7.9500000       0.38675406E-02     0.25421045E-02   
  8.0000000       0.70976470E-03     0.25386303E-02   
  8.0500000       0.76543114E-03     0.25346786E-02   
  8.1000000       0.15428963E-02     0.25307268E-02   
  8.1500000       0.84030628E-04     0.24998407E-02   
  8.2000000      -0.83334635E-03     0.24538868E-02   
  8.2500000      -0.36965473E-02     0.24079329E-02   
  8.3000000      -0.40084468E-02     0.23077440E-02   
  8.3500000      -0.23540121E-02     0.21428003E-02   
  8.4000000      -0.15186925E-02     0.19778566E-02   
  8.4500000       0.15362007E-03     0.19662297E-02   
  8.5000000      -0.35020798E-02     0.23413280E-02   
  8.5500000      -0.26604248E-02     0.27164262E-02   
  8.6000000      -0.11042442E-03     0.30915245E-02   
  8.6500000       0.20416479E-02     0.34666227E-02   
  8.7000000       0.12229322E-02     0.38417209E-02   
  8.7500000       0.12106956E-02     0.41542787E-02   
  8.8000000       0.34217188E-02     0.39587885E-02   
  8.8500000       0.14054853E-02     0.37632984E-02   
  8.9000000      -0.17766282E-02     0.35678083E-02   
  8.9500000      -0.27413983E-02     0.33723182E-02   
  9.0000000      -0.21825937E-03     0.31768280E-02   
  9.0500000      -0.34951349E-02     0.30905299E-02   
  9.1000000       0.37531924E-02     0.33697920E-02   
  9.1500000       0.16283966E-02     0.36490540E-02   
  9.2000000       0.11782853E-02     0.39283161E-02   
  9.2500000      -0.30672116E-02     0.42075781E-02   
  9.3000000      -0.43488038E-02     0.44868402E-02   
  9.3500000      -0.24758211E-02     0.44146838E-02   
  9.4000000      -0.34909379E-03     0.40887273E-02   
  9.4500000      -0.27979913E-02     0.37627708E-02   
  9.5000000      -0.18176007E-02     0.34368144E-02   
  9.5500000      -0.23566150E-02     0.31108579E-02   
  9.6000000      -0.48495150E-03     0.27849014E-02   
  9.6500000       0.25722940E-02     0.28255505E-02   
  9.7000000      -0.26118873E-03     0.28788855E-02   
  9.7500000      -0.35569144E-02     0.29322205E-02   
  9.8000000      -0.43516775E-02     0.29855556E-02   
  9.8500000       0.26212437E-03     0.30388906E-02   
  9.9000000       0.22427297E-02     0.30122812E-02   
  9.9500000       0.67485448E-02     0.29410930E-02   
  10.000000       0.66051797E-02     0.28699049E-02   
  10.050000       0.61119365E-02     0.27987167E-02   
  10.100000       0.54051283E-02     0.27275286E-02   
  10.150000       0.36372404E-02     0.26721139E-02   
  10.200000       0.23033037E-02     0.26405670E-02   
  10.250000      -0.32628368E-02     0.26090200E-02   
  10.300000      -0.28614537E-02     0.25774731E-02   
  10.350000       0.16214950E-02     0.25459261E-02   
  10.400000       0.24351898E-02     0.25247385E-02   
  10.450000       0.16702320E-02     0.25353345E-02   
  10.500000       0.20030661E-02     0.25459304E-02   
  10.550000      -0.88659858E-03     0.25565264E-02   
  10.600000      -0.27612116E-03     0.25671223E-02   
  10.650000      -0.15844249E-02     0.26066503E-02   
  10.700000       0.14076289E-02     0.27013446E-02   
  10.750000       0.13534754E-02     0.27960388E-02   
  10.800000       0.12143361E-02     0.28907331E-02   
  10.850000      -0.14998181E-02     0.29854273E-02   
  10.900000      -0.30031776E-03     0.30080579E-02   
  10.950000      -0.31308397E-03     0.29230390E-02   
  11.000000      -0.20959391E-02     0.28380201E-02   
  11.050000      -0.12920599E-02     0.27530013E-02   
  11.100000      -0.39509707E-02     0.26679824E-02   
  11.150000       0.35610010E-03     0.27639430E-02   
  11.200000      -0.29710488E-02     0.29494185E-02   
  11.250000       0.59515977E-05     0.31348940E-02   
  11.300000      -0.43723167E-02     0.33203695E-02   
  11.350000      -0.39885637E-02     0.35058451E-02   
  11.400000      -0.34829193E-02     0.33049185E-02   
  11.450000      -0.74442089E-03     0.30798388E-02   
  11.500000      -0.65795232E-03     0.28547591E-02   
  11.550000       0.10208998E-02     0.26296794E-02   
  11.600000      -0.36080201E-03     0.24045998E-02   
  11.650000      -0.24655765E-02     0.21795201E-02   
  11.700000      -0.47640919E-02     0.19987513E-02   
  11.750000      -0.12406061E-02     0.24405108E-02   
  11.800000      -0.24267327E-02     0.28822703E-02   
  11.850000       0.24540661E-03     0.33240298E-02   
  11.900000       0.33849739E-02     0.37657893E-02   
  11.950000       0.24135182E-02     0.42075489E-02   
  12.000000       0.60028738E-02     0.46493084E-02   
  12.050000       0.64644678E-02     0.47039130E-02   
  12.100000       0.36420650E-02     0.42531883E-02   
  12.150000       0.20288259E-02     0.38024636E-02   
  12.200000      -0.13506513E-02     0.33517389E-02   
  12.250000      -0.15723807E-02     0.29010142E-02   
  12.300000      -0.12969124E-03     0.24502895E-02   
  12.350000       0.33468762E-02     0.19995648E-02   
  12.400000       0.55672578E-02     0.21948403E-02   
  12.450000       0.64546215E-03     0.24140156E-02   
  12.500000      -0.53167763E-02     0.26331910E-02   
  12.550000      -0.53495469E-02     0.28523663E-02   
  12.600000      -0.23422893E-02     0.30715417E-02   
  12.650000      -0.20581113E-02     0.32907170E-02   
  12.700000       0.42457961E-03     0.32350411E-02   
  12.750000      -0.25685272E-02     0.30528685E-02   
  12.800000      -0.90542424E-03     0.28706960E-02   
  12.850000      -0.20030962E-02     0.26885234E-02   
  12.900000      -0.25695898E-02     0.25063509E-02   
  12.950000      -0.17531580E-02     0.23241783E-02   
  13.000000       0.22087956E-02     0.27356951E-02   
  13.050000       0.24303304E-02     0.35888808E-02   
  13.100000       0.53961118E-02     0.44420665E-02   
  13.150000       0.19432994E-02     0.52952522E-02   
  13.200000       0.15712410E-02     0.61484379E-02   
  13.250000       0.72765062E-03     0.70016235E-02   
  13.300000       0.20766043E-03     0.70270778E-02   
  13.350000       0.60150873E-02     0.64054759E-02   
  13.400000       0.55746591E-02     0.57838740E-02   
  13.450000       0.31582518E-02     0.51622721E-02   
  13.500000       0.18935688E-02     0.45406702E-02   
  13.550000       0.32061528E-03     0.39190683E-02   
  13.600000      -0.44177680E-03     0.32974664E-02   
  13.650000      -0.16476957E-02     0.26758645E-02   
  13.700000      -0.49037565E-02     0.28762484E-02   
  13.750000      -0.16841097E-02     0.33608505E-02   
  13.800000      -0.90940203E-03     0.38454527E-02   
  13.850000      -0.13553365E-02     0.43300549E-02   
  13.900000      -0.18626155E-02     0.48146570E-02   
  13.950000      -0.47427263E-02     0.52992592E-02   
  14.000000      -0.46415702E-02     0.57838614E-02   














