 isopropyl Ni complex                                             Feff 8.10
 C20H24N2Ni1O2,bis(N-Isopropylsalicylaldiminato)-nickel(ii)
 M.R.Fox - 1964
 Abs   Z=28 Rmt= 1.276 Rnm= 1.368 K  shell
 Pot 1 Z= 7 Rmt= 0.836 Rnm= 1.001
 Pot 2 Z= 8 Rmt= 0.824 Rnm= 1.009
 Pot 3 Z= 6 Rmt= 0.780 Rnm= 0.971
 Pot 4 Z= 1 Rmt= 0.876 Rnm= 0.968
 Gam_ch=1.576E+00 H-L exch
 Mu= 9.641E+00 kf=2.620E+00 Vint=-1.652E+01 Rs_int= 1.384
 Path   34      icalc       2
 -----------------------------------------------------------------------
   2   1.000   3.4899    1.8596    9.64110 nleg, deg, reff, rnrmav(bohr), edge
        x         y         z   pot at#
     0.0000    0.0000    0.0000  0  28 Ni       absorbing atom
     3.4485   -0.3421   -0.4125  3   6 C     
    k   real[2*phc]   mag[feff]  phase[feff] red factor   lambda     real[p]@#
  0.000  3.2311E+00  0.0000E+00 -1.0896E+00  1.011E+00  2.5343E+01  2.6207E+00
  0.100  3.2306E+00  4.0436E-02 -1.7753E+00  1.011E+00  2.5361E+01  2.6225E+00
  0.200  3.2291E+00  8.0577E-02 -2.4363E+00  1.011E+00  2.5412E+01  2.6280E+00
  0.300  3.2266E+00  1.2014E-01 -3.0729E+00  1.011E+00  2.5493E+01  2.6370E+00
  0.400  3.2230E+00  1.5884E-01 -3.6853E+00  1.011E+00  2.5598E+01  2.6497E+00
  0.500  3.2183E+00  1.9642E-01 -4.2737E+00  1.012E+00  2.5718E+01  2.6659E+00
  0.600  3.2126E+00  2.3266E-01 -4.8386E+00  1.012E+00  2.5841E+01  2.6855E+00
  0.700  3.2056E+00  2.6733E-01 -5.3803E+00  1.012E+00  2.5956E+01  2.7086E+00
  0.800  3.1974E+00  3.0027E-01 -5.8994E+00  1.012E+00  2.6048E+01  2.7349E+00
  0.900  3.1879E+00  3.3130E-01 -6.3963E+00  1.012E+00  2.6101E+01  2.7646E+00
  1.000  3.1770E+00  3.6031E-01 -6.8715E+00  1.013E+00  2.6101E+01  2.7974E+00
  1.100  3.1648E+00  3.8718E-01 -7.3256E+00  1.013E+00  2.6035E+01  2.8333E+00
  1.200  3.1510E+00  4.1183E-01 -7.7591E+00  1.013E+00  2.5891E+01  2.8721E+00
  1.300  3.1357E+00  4.3417E-01 -8.1725E+00  1.014E+00  2.5659E+01  2.9139E+00
  1.400  3.1188E+00  4.5416E-01 -8.5661E+00  1.015E+00  2.5337E+01  2.9586E+00
  1.500  3.1003E+00  4.7174E-01 -8.9405E+00  1.016E+00  2.4923E+01  3.0060E+00
  1.600  3.0800E+00  4.8686E-01 -9.2960E+00  1.017E+00  2.4423E+01  3.0561E+00
  1.700  3.0578E+00  4.9950E-01 -9.6328E+00  1.018E+00  2.3846E+01  3.1088E+00
  1.800  3.0337E+00  5.0961E-01 -9.9513E+00  1.020E+00  2.3204E+01  3.1642E+00
  1.900  3.0076E+00  5.1717E-01 -1.0252E+01  1.022E+00  2.2514E+01  3.2221E+00
  2.000  2.9793E+00  5.2215E-01 -1.0534E+01  1.024E+00  2.1792E+01  3.2825E+00
  2.200  2.9154E+00  5.2429E-01 -1.1045E+01  1.031E+00  2.0322E+01  3.4108E+00
  2.400  2.8434E+00  5.1602E-01 -1.1485E+01  1.038E+00  1.8929E+01  3.5491E+00
  2.600  2.7596E+00  4.9767E-01 -1.1871E+01  1.034E+00  1.7731E+01  3.6976E+00
  2.800  2.6461E+00  4.6955E-01 -1.2173E+01  1.026E+00  1.6819E+01  3.8582E+00
  3.000  2.4849E+00  4.3794E-01 -1.2350E+01  1.039E+00  1.4050E+01  4.0406E+00
  3.200  2.3814E+00  4.3607E-01 -1.2652E+01  1.142E+00  8.4681E+00  4.1995E+00
  3.400  2.3385E+00  4.1338E-01 -1.3058E+01  1.181E+00  7.1987E+00  4.3338E+00
  3.600  2.2905E+00  3.7598E-01 -1.3456E+01  1.202E+00  6.5745E+00  4.4714E+00
  3.800  2.2302E+00  3.3827E-01 -1.3834E+01  1.214E+00  6.2408E+00  4.6167E+00
  4.000  2.1646E+00  3.0532E-01 -1.4207E+01  1.215E+00  6.0684E+00  4.7667E+00
  4.200  2.0949E+00  2.7863E-01 -1.4567E+01  1.213E+00  5.9946E+00  4.9210E+00
  4.400  2.0231E+00  2.5799E-01 -1.4918E+01  1.207E+00  5.9869E+00  5.0792E+00
  4.600  1.9494E+00  2.4258E-01 -1.5257E+01  1.200E+00  6.0267E+00  5.2409E+00
  4.800  1.8740E+00  2.3199E-01 -1.5574E+01  1.191E+00  6.1023E+00  5.4059E+00
  5.000  1.7979E+00  2.2552E-01 -1.5871E+01  1.182E+00  6.2060E+00  5.5737E+00
  5.200  1.7213E+00  2.2185E-01 -1.6143E+01  1.173E+00  6.3327E+00  5.7442E+00
  5.400  1.6440E+00  2.1985E-01 -1.6389E+01  1.161E+00  6.4786E+00  5.9171E+00
  5.600  1.5660E+00  2.1794E-01 -1.6611E+01  1.150E+00  6.6408E+00  6.0922E+00
  5.800  1.4871E+00  2.1532E-01 -1.6811E+01  1.140E+00  6.8173E+00  6.2691E+00
  6.000  1.4076E+00  2.1121E-01 -1.6991E+01  1.128E+00  7.0064E+00  6.4479E+00
  6.500  1.2066E+00  1.9183E-01 -1.7381E+01  1.101E+00  7.5267E+00  6.9013E+00
  7.000  1.0059E+00  1.6131E-01 -1.7719E+01  1.078E+00  8.1043E+00  7.3626E+00
  7.500  8.1078E-01  1.2702E-01 -1.8040E+01  1.061E+00  8.7301E+00  7.8301E+00
  8.000  6.2398E-01  9.7796E-02 -1.8368E+01  1.048E+00  9.3981E+00  8.3024E+00
  8.500  4.4506E-01  7.9170E-02 -1.8697E+01  1.037E+00  1.0104E+01  8.7787E+00
  9.000  2.7242E-01  7.0776E-02 -1.8979E+01  1.024E+00  1.0845E+01  9.2582E+00
  9.500  1.0316E-01  6.8443E-02 -1.9188E+01  1.009E+00  1.1618E+01  9.7404E+00
 10.000 -6.2804E-02  6.7687E-02 -1.9344E+01  9.957E-01  1.2422E+01  1.0225E+01
 11.000 -3.7925E-01  5.9591E-02 -1.9633E+01  9.784E-01  1.4115E+01  1.1199E+01
 12.000 -6.7502E-01  4.2866E-02 -2.0026E+01  9.660E-01  1.5916E+01  1.2178E+01
 13.000 -9.5146E-01  3.3336E-02 -2.0458E+01  9.568E-01  1.7816E+01  1.3161E+01
 14.000 -1.2049E+00  3.1916E-02 -2.0586E+01  9.530E-01  1.9810E+01  1.4146E+01
 15.000 -1.4434E+00  2.9296E-02 -2.0659E+01  9.493E-01  2.1894E+01  1.5134E+01
 16.000 -1.6647E+00  2.3353E-02 -2.0969E+01  9.472E-01  2.4064E+01  1.6124E+01
 17.000 -1.8703E+00  2.0085E-02 -2.1318E+01  9.470E-01  2.6318E+01  1.7116E+01
 18.000 -2.0648E+00  1.8420E-02 -2.1381E+01  9.458E-01  2.8651E+01  1.8108E+01
 19.000 -2.2451E+00  1.6050E-02 -2.1434E+01  9.462E-01  3.1062E+01  1.9101E+01
 20.000 -2.4153E+00  1.2677E-02 -2.1873E+01  9.464E-01  3.3548E+01  2.0095E+01
