 i-pr Ni complex                                                  Feff 8.10
 Abs   Z=28 Rmt= 1.220 Rnm= 1.315 K  shell
 Pot 1 Z= 7 Rmt= 0.810 Rnm= 0.952
 Pot 2 Z= 8 Rmt= 0.830 Rnm= 1.004
 Pot 3 Z= 6 Rmt= 0.777 Rnm= 0.960
 Gam_ch=1.576E+00 H-L exch
 Mu= 8.113E+00 kf=2.938E+00 Vint=-2.477E+01 Rs_int= 1.234
 Path   46      icalc       2
 -----------------------------------------------------------------------
   5   4.000   4.4785    1.8565    8.11305 nleg, deg, reff, rnrmav(bohr), edge
        x         y         z   pot at#
     0.0000    0.0000    0.0000  0  28 Ni       absorbing atom
     0.0985    0.0000    1.9175  1   7 N     
    -0.9214   -0.1191    2.7120  3   6 C     
     1.3919    0.1756    2.6256  3   6 C     
     0.0985    0.0000    1.9175  1   7 N     
    k   real[2*phc]   mag[feff]  phase[feff] red factor   lambda     real[p]@#
  0.000  2.3472E+00  0.0000E+00 -2.5628E+00  1.008E+00  2.8413E+01  2.9381E+00
  0.100  2.3469E+00  1.1310E-02 -3.4450E+00  1.008E+00  2.8429E+01  2.9397E+00
  0.200  2.3458E+00  2.2361E-02 -4.3002E+00  1.008E+00  2.8474E+01  2.9446E+00
  0.300  2.3441E+00  3.2905E-02 -5.1285E+00  1.008E+00  2.8547E+01  2.9527E+00
  0.400  2.3416E+00  4.2716E-02 -5.9302E+00  1.008E+00  2.8642E+01  2.9640E+00
  0.500  2.3385E+00  5.1599E-02 -6.7055E+00  1.008E+00  2.8751E+01  2.9785E+00
  0.600  2.3348E+00  5.9397E-02 -7.4547E+00  1.007E+00  2.8865E+01  2.9960E+00
  0.700  2.3305E+00  6.5994E-02 -8.1782E+00  1.007E+00  2.8973E+01  3.0167E+00
  0.800  2.3256E+00  7.1316E-02 -8.8764E+00  1.007E+00  2.9063E+01  3.0404E+00
  0.900  2.3203E+00  7.5333E-02 -9.5499E+00  1.007E+00  2.9122E+01  3.0671E+00
  1.000  2.3145E+00  7.8053E-02 -1.0199E+01  1.006E+00  2.9137E+01  3.0966E+00
  1.100  2.3083E+00  7.9518E-02 -1.0824E+01  1.006E+00  2.9093E+01  3.1290E+00
  1.200  2.3018E+00  7.9801E-02 -1.1426E+01  1.005E+00  2.8980E+01  3.1641E+00
  1.300  2.2949E+00  7.8994E-02 -1.2005E+01  1.005E+00  2.8788E+01  3.2019E+00
  1.400  2.2878E+00  7.7210E-02 -1.2562E+01  1.004E+00  2.8509E+01  3.2424E+00
  1.500  2.2805E+00  7.4573E-02 -1.3097E+01  1.004E+00  2.8140E+01  3.2854E+00
  1.600  2.2728E+00  7.1211E-02 -1.3610E+01  1.004E+00  2.7682E+01  3.3310E+00
  1.700  2.2649E+00  6.7257E-02 -1.4102E+01  1.004E+00  2.7139E+01  3.3790E+00
  1.800  2.2566E+00  6.2843E-02 -1.4572E+01  1.004E+00  2.6520E+01  3.4294E+00
  1.900  2.2478E+00  5.8097E-02 -1.5023E+01  1.004E+00  2.5834E+01  3.4821E+00
  2.000  2.2385E+00  5.3139E-02 -1.5453E+01  1.005E+00  2.5096E+01  3.5371E+00
  2.200  2.2172E+00  4.3040E-02 -1.6252E+01  1.008E+00  2.3525E+01  3.6540E+00
  2.400  2.1911E+00  3.3345E-02 -1.6972E+01  1.013E+00  2.1931E+01  3.7798E+00
  2.600  2.1623E+00  2.4673E-02 -1.7621E+01  1.016E+00  2.0428E+01  3.9144E+00
  2.800  2.1138E+00  1.7424E-02 -1.8205E+01  1.008E+00  1.9111E+01  4.0578E+00
  3.000  2.0393E+00  1.1773E-02 -1.8708E+01  9.999E-01  1.8053E+01  4.2104E+00
  3.200  1.9222E+00  7.8348E-03 -1.9093E+01  9.936E-01  1.7289E+01  4.3822E+00
  3.400  1.8091E+00  5.7920E-03 -1.9312E+01  1.075E+00  1.0268E+01  4.5527E+00
  3.600  1.7610E+00  3.2667E-03 -1.9690E+01  1.130E+00  8.0540E+00  4.6948E+00
  3.800  1.7298E+00  1.5126E-03 -2.0205E+01  1.159E+00  7.1581E+00  4.8285E+00
  4.000  1.6816E+00  6.9822E-04 -2.0798E+01  1.180E+00  6.6634E+00  4.9703E+00
  4.200  1.6246E+00  3.4248E-04 -2.1370E+01  1.187E+00  6.3866E+00  5.1171E+00
  4.400  1.5609E+00  1.8206E-04 -2.1731E+01  1.191E+00  6.2371E+00  5.2681E+00
  4.600  1.4929E+00  1.2593E-04 -2.1629E+01  1.192E+00  6.1697E+00  5.4228E+00
  4.800  1.4227E+00  1.6197E-04 -2.1460E+01  1.188E+00  6.1594E+00  5.5811E+00
  5.000  1.3508E+00  2.3596E-04 -2.1581E+01  1.182E+00  6.1909E+00  5.7425E+00
  5.200  1.2789E+00  3.0900E-04 -2.1818E+01  1.175E+00  6.2546E+00  5.9068E+00
  5.400  1.2084E+00  3.6758E-04 -2.2071E+01  1.167E+00  6.3440E+00  6.0739E+00
  5.600  1.1394E+00  4.0341E-04 -2.2320E+01  1.158E+00  6.4543E+00  6.2433E+00
  5.800  1.0725E+00  4.1893E-04 -2.2545E+01  1.148E+00  6.5823E+00  6.4150E+00
  6.000  1.0073E+00  4.1609E-04 -2.2748E+01  1.138E+00  6.7255E+00  6.5887E+00
  6.500  8.4872E-01  3.5557E-04 -2.3174E+01  1.112E+00  7.1380E+00  7.0307E+00
  7.000  6.8843E-01  2.7277E-04 -2.3512E+01  1.091E+00  7.6137E+00  7.4820E+00
  7.500  5.1987E-01  2.1003E-04 -2.3790E+01  1.076E+00  8.1403E+00  7.9407E+00
  8.000  3.4517E-01  1.8335E-04 -2.4112E+01  1.064E+00  8.7100E+00  8.4053E+00
  8.500  1.7306E-01  1.7791E-04 -2.4614E+01  1.053E+00  9.3177E+00  8.8748E+00
  9.000  1.1280E-02  1.7527E-04 -2.5277E+01  1.041E+00  9.9594E+00  9.3483E+00
  9.500 -1.3966E-01  1.6862E-04 -2.5999E+01  1.026E+00  1.0632E+01  9.8251E+00
 10.000 -2.8602E-01  1.5390E-04 -2.6684E+01  1.010E+00  1.1334E+01  1.0305E+01
 11.000 -5.8099E-01  9.8897E-05 -2.7779E+01  9.910E-01  1.2819E+01  1.1270E+01
 12.000 -8.6585E-01  5.5073E-05 -2.8446E+01  9.794E-01  1.4404E+01  1.2243E+01
 13.000 -1.1210E+00  4.3393E-05 -2.9139E+01  9.681E-01  1.6080E+01  1.3220E+01
 14.000 -1.3630E+00  3.3799E-05 -3.0134E+01  9.627E-01  1.7844E+01  1.4201E+01
 15.000 -1.5930E+00  1.9719E-05 -3.1125E+01  9.598E-01  1.9690E+01  1.5185E+01
 16.000 -1.8013E+00  9.2513E-06 -3.1666E+01  9.558E-01  2.1616E+01  1.6172E+01
 17.000 -2.0003E+00  8.0458E-06 -3.2057E+01  9.548E-01  2.3617E+01  1.7160E+01
 18.000 -2.1876E+00  4.7075E-06 -3.2986E+01  9.541E-01  2.5691E+01  1.8149E+01
 19.000 -2.3597E+00  2.1987E-06 -3.1689E+01  9.527E-01  2.7836E+01  1.9140E+01
 20.000 -2.5253E+00  9.1321E-06 -3.2393E+01  9.531E-01  3.0051E+01  2.0132E+01
