 Ferrocene eclipsed structure                           Feff 6L.02    potph 4.12
 Abs   Z=26 Rmt= 1.099 Rnm= 1.262 K shell
 Pot 1 Z= 6 Rmt= 0.717 Rnm= 1.058
 Gam_ch=1.325E+00 H-L exch
 Mu=-4.578E+00 kf=2.616E+00 Vint=-3.066E+01 Rs_int= 1.386
 Path    6      icalc       2                           Feff 6L.02   genfmt 1.44
 -------------------------------------------------------------------------------
   3  20.000   3.7981    2.0410   -4.57756 nleg, deg, reff, rnrmav(bohr), edge
        x         y         z   pot at#
     0.0000    0.0000    0.0000  0  26 Fe       absorbing atom
     1.6362    0.3659   -1.1264  1   6 C     
    -1.6362   -0.9582   -0.6962  1   6 C     
    k   real[2*phc]   mag[feff]  phase[feff] red factor   lambda      real[p]@#
  0.000  2.3012E+00  0.0000E+00 -4.7885E+00  0.1016E+01  3.0093E+01  2.6164E+00
  0.200  2.2978E+00  2.9745E-02 -6.2487E+00  0.1016E+01  3.0174E+01  2.6237E+00
  0.400  2.2875E+00  5.8867E-02 -7.5920E+00  0.1016E+01  3.0389E+01  2.6455E+00
  0.600  2.2706E+00  8.6668E-02 -8.8225E+00  0.1016E+01  3.0648E+01  2.6813E+00
  0.800  2.2474E+00  1.1236E-01 -9.9461E+00  0.1015E+01  3.0818E+01  2.7308E+00
  1.000  2.2184E+00  1.3511E-01 -1.0970E+01  0.1015E+01  3.0736E+01  2.7933E+00
  1.200  2.1840E+00  1.5418E-01 -1.1903E+01  0.1016E+01  3.0257E+01  2.8681E+00
  1.400  2.1448E+00  1.6902E-01 -1.2750E+01  0.1017E+01  2.9304E+01  2.9547E+00
  1.600  2.1011E+00  1.7931E-01 -1.3520E+01  0.1018E+01  2.7895E+01  3.0524E+00
  1.800  2.0532E+00  1.8502E-01 -1.4217E+01  0.1020E+01  2.6151E+01  3.1607E+00
  2.000  2.0011E+00  1.8626E-01 -1.4845E+01  0.1023E+01  2.4248E+01  3.2793E+00
  2.200  1.9446E+00  1.8331E-01 -1.5406E+01  0.1026E+01  2.2369E+01  3.4079E+00
  2.400  1.8832E+00  1.7651E-01 -1.5902E+01  0.1030E+01  2.0668E+01  3.5463E+00
  2.600  1.8157E+00  1.6628E-01 -1.6331E+01  0.1034E+01  1.9257E+01  3.6946E+00
  2.800  1.7587E+00  1.5315E-01 -1.6696E+01  0.1036E+01  1.8212E+01  3.8527E+00
  3.000  1.5552E+00  1.3332E-01 -1.6759E+01  0.1037E+01  1.5326E+01  4.0701E+00
  3.200  1.5519E+00  1.3883E-01 -1.7292E+01  0.1118E+01  9.2367E+00  4.1970E+00
  3.400  1.5486E+00  1.3277E-01 -1.7743E+01  0.1161E+01  7.5182E+00  4.3302E+00
  3.600  1.5232E+00  1.2071E-01 -1.8149E+01  0.1181E+01  6.7572E+00  4.4693E+00
  3.800  1.4893E+00  1.0692E-01 -1.8537E+01  0.1189E+01  6.3711E+00  4.6138E+00
  4.000  1.4388E+00  9.2401E-02 -1.8909E+01  0.1189E+01  6.1749E+00  4.7632E+00
  4.200  1.3919E+00  7.8396E-02 -1.9275E+01  0.1185E+01  6.0907E+00  4.9171E+00
  4.400  1.3360E+00  6.5782E-02 -1.9627E+01  0.1178E+01  6.0795E+00  5.0751E+00
  4.600  1.2763E+00  5.5408E-02 -1.9952E+01  0.1169E+01  6.1198E+00  5.2367E+00
  4.800  1.2087E+00  4.6447E-02 -2.0266E+01  0.1159E+01  6.1981E+00  5.4016E+00
  5.000  1.1342E+00  3.9272E-02 -2.0558E+01  0.1149E+01  6.3062E+00  5.5695E+00
  5.200  1.0608E+00  3.3273E-02 -2.0843E+01  0.1138E+01  6.4381E+00  5.7401E+00
  5.400  9.8289E-01  2.8618E-02 -2.1110E+01  0.1129E+01  6.5898E+00  5.9131E+00
  5.600  9.0210E-01  2.4755E-02 -2.1371E+01  0.1118E+01  6.7583E+00  6.0883E+00
  5.800  8.2194E-01  2.1731E-02 -2.1622E+01  0.1108E+01  6.9414E+00  6.2654E+00
  6.000  7.4112E-01  1.9373E-02 -2.1854E+01  0.1099E+01  7.1374E+00  6.4443E+00
  6.500  5.4172E-01  1.5234E-02 -2.2384E+01  0.1076E+01  7.6756E+00  6.8982E+00
  7.000  3.5196E-01  1.2479E-02 -2.2842E+01  0.1055E+01  8.2719E+00  7.3599E+00
  7.500  1.7593E-01  1.0190E-02 -2.3237E+01  0.1037E+01  8.9172E+00  7.8276E+00
  8.000  9.8873E-03  8.0431E-03 -2.3599E+01  0.1021E+01  9.6055E+00  8.3003E+00
  8.500 -1.5102E-01  6.0761E-03 -2.3957E+01  0.1006E+01  1.0333E+01  8.7768E+00
  9.000 -3.1782E-01  4.4556E-03 -2.4314E+01  0.9907E+00  1.1096E+01  9.2565E+00
  9.500 -4.8525E-01  3.2537E-03 -2.4676E+01  0.9783E+00  1.1892E+01  9.7388E+00
 10.000 -6.4714E-01  2.4522E-03 -2.5023E+01  0.9678E+00  1.2720E+01  1.0223E+01
 11.000 -9.5023E-01  1.6349E-03 -2.5562E+01  0.9510E+00  1.4464E+01  1.1197E+01
 12.000 -1.2241E+00  1.2337E-03 -2.5900E+01  0.9402E+00  1.6320E+01  1.2177E+01
 13.000 -1.4819E+00  9.0370E-04 -2.6265E+01  0.9347E+00  1.8281E+01  1.3160E+01
 14.000 -1.7225E+00  6.2332E-04 -2.6760E+01  0.9301E+00  2.0341E+01  1.4146E+01
 15.000 -1.9416E+00  4.4860E-04 -2.7215E+01  0.9265E+00  2.2496E+01  1.5134E+01
 16.000 -2.1458E+00  3.4370E-04 -2.7436E+01  0.9251E+00  2.4743E+01  1.6124E+01
 17.000 -2.3377E+00  2.7257E-04 -2.7545E+01  0.9238E+00  2.7078E+01  1.7115E+01
 18.000 -2.5145E+00  2.1531E-04 -2.7804E+01  0.9223E+00  2.9498E+01  1.8107E+01
 19.000 -2.6798E+00  1.7156E-04 -2.8195E+01  0.9217E+00  3.2001E+01  1.9101E+01
 20.000 -2.8354E+00  1.3955E-04 -2.8422E+01  0.9205E+00  3.4584E+01  2.0095E+01
