 Staggered structure of ferrocene with a=9.98, b=c=10   Feff 6L.02    potph 4.12
 Abs   Z=26 Rmt= 1.115 Rnm= 1.279 K shell
 Pot 1 Z= 6 Rmt= 0.728 Rnm= 1.071
 Gam_ch=1.325E+00 H-L exch
 Mu=-4.367E+00 kf=2.574E+00 Vint=-2.962E+01 Rs_int= 1.409
 Path    9      icalc       2                           Feff 6L.02   genfmt 1.44
 -------------------------------------------------------------------------------
   4  10.000   4.0989    2.0666   -4.36737 nleg, deg, reff, rnrmav(bohr), edge
        x         y         z   pot at#
     0.0000    0.0000    0.0000  0  26 Fe       absorbing atom
    -1.6590    0.9735   -0.7073  1   6 C     
     0.0000    0.0000    0.0000  0  26 Fe    
     1.6590   -0.9735    0.7073  1   6 C     
    k   real[2*phc]   mag[feff]  phase[feff] red factor   lambda      real[p]@#
  0.000  2.3490E+00  0.0000E+00  2.2428E-01  0.1016E+01  2.9610E+01  2.5745E+00
  0.200  2.3456E+00  9.6621E-02 -1.3561E+00  0.1016E+01  2.9693E+01  2.5819E+00
  0.400  2.3354E+00  1.8841E-01 -2.8195E+00  0.1016E+01  2.9910E+01  2.6040E+00
  0.600  2.3187E+00  2.7120E-01 -4.1697E+00  0.1015E+01  3.0173E+01  2.6404E+00
  0.800  2.2958E+00  3.4190E-01 -5.4120E+00  0.1015E+01  3.0342E+01  2.6906E+00
  1.000  2.2671E+00  3.9859E-01 -6.5530E+00  0.1015E+01  3.0253E+01  2.7540E+00
  1.200  2.2331E+00  4.4041E-01 -7.5995E+00  0.1016E+01  2.9762E+01  2.8300E+00
  1.400  2.1943E+00  4.6739E-01 -8.5582E+00  0.1016E+01  2.8794E+01  2.9177E+00
  1.600  2.1509E+00  4.8018E-01 -9.4348E+00  0.1018E+01  2.7375E+01  3.0167E+00
  1.800  2.1032E+00  4.7991E-01 -1.0234E+01  0.1020E+01  2.5631E+01  3.1265E+00
  2.000  2.0512E+00  4.6798E-01 -1.0960E+01  0.1023E+01  2.3745E+01  3.2467E+00
  2.200  1.9944E+00  4.4595E-01 -1.1615E+01  0.1026E+01  2.1902E+01  3.3770E+00
  2.400  1.9322E+00  4.1558E-01 -1.2200E+01  0.1030E+01  2.0252E+01  3.5173E+00
  2.600  1.8634E+00  3.7878E-01 -1.2718E+01  0.1035E+01  1.8907E+01  3.6676E+00
  2.800  1.8008E+00  3.3926E-01 -1.3178E+01  0.1032E+01  1.7941E+01  3.8281E+00
  3.000  1.6131E+00  3.0769E-01 -1.3342E+01  0.1056E+01  1.3136E+01  4.0385E+00
  3.200  1.6094E+00  3.0504E-01 -1.3947E+01  0.1130E+01  8.7013E+00  4.1665E+00
  3.400  1.6027E+00  2.7524E-01 -1.4483E+01  0.1168E+01  7.2733E+00  4.3009E+00
  3.600  1.5770E+00  2.3778E-01 -1.4990E+01  0.1185E+01  6.6184E+00  4.4412E+00
  3.800  1.5391E+00  2.0658E-01 -1.5489E+01  0.1192E+01  6.2853E+00  4.5868E+00
  4.000  1.4873E+00  1.7736E-01 -1.5965E+01  0.1190E+01  6.1209E+00  4.7373E+00
  4.200  1.4395E+00  1.5219E-01 -1.6429E+01  0.1184E+01  6.0583E+00  4.8922E+00
  4.400  1.3791E+00  1.3175E-01 -1.6869E+01  0.1177E+01  6.0632E+00  5.0512E+00
  4.600  1.3193E+00  1.1489E-01 -1.7274E+01  0.1167E+01  6.1161E+00  5.2138E+00
  4.800  1.2472E+00  1.0107E-01 -1.7650E+01  0.1157E+01  6.2050E+00  5.3796E+00
  5.000  1.1710E+00  8.9599E-02 -1.8002E+01  0.1146E+01  6.3223E+00  5.5484E+00
  5.200  1.0971E+00  8.0547E-02 -1.8333E+01  0.1135E+01  6.4624E+00  5.7198E+00
  5.400  1.0163E+00  7.3656E-02 -1.8643E+01  0.1125E+01  6.6217E+00  5.8936E+00
  5.600  9.3423E-01  6.7841E-02 -1.8936E+01  0.1114E+01  6.7974E+00  6.0695E+00
  5.800  8.5339E-01  6.3545E-02 -1.9213E+01  0.1104E+01  6.9873E+00  6.2473E+00
  6.000  7.7134E-01  6.0160E-02 -1.9466E+01  0.1094E+01  7.1898E+00  6.4269E+00
  6.500  5.7038E-01  5.3287E-02 -2.0022E+01  0.1069E+01  7.7436E+00  6.8822E+00
  7.000  3.7937E-01  4.6098E-02 -2.0494E+01  0.1047E+01  8.3550E+00  7.3452E+00
  7.500  2.0276E-01  3.7404E-02 -2.0910E+01  0.1028E+01  9.0152E+00  7.8140E+00
  8.000  3.4365E-02  2.8090E-02 -2.1306E+01  0.1011E+01  9.7185E+00  8.2876E+00
  8.500 -1.2824E-01  1.9935E-02 -2.1714E+01  0.9959E+00  1.0461E+01  8.7650E+00
  9.000 -2.9679E-01  1.4030E-02 -2.2123E+01  0.9808E+00  1.1239E+01  9.2455E+00
  9.500 -4.6612E-01  1.0315E-02 -2.2511E+01  0.9679E+00  1.2051E+01  9.7285E+00
 10.000 -6.2883E-01  8.1809E-03 -2.2834E+01  0.9562E+00  1.2894E+01  1.0214E+01
 11.000 -9.3240E-01  6.1976E-03 -2.3252E+01  0.9371E+00  1.4672E+01  1.1189E+01
 12.000 -1.2079E+00  4.7150E-03 -2.3598E+01  0.9260E+00  1.6562E+01  1.2169E+01
 13.000 -1.4675E+00  3.0734E-03 -2.4118E+01  0.9198E+00  1.8557E+01  1.3152E+01
 14.000 -1.7087E+00  2.0250E-03 -2.4708E+01  0.9133E+00  2.0654E+01  1.4139E+01
 15.000 -1.9286E+00  1.5391E-03 -2.5000E+01  0.9091E+00  2.2847E+01  1.5128E+01
 16.000 -2.1336E+00  1.2365E-03 -2.5073E+01  0.9077E+00  2.5132E+01  1.6118E+01
 17.000 -2.3260E+00  9.3444E-04 -2.5345E+01  0.9052E+00  2.7507E+01  1.7110E+01
 18.000 -2.5032E+00  6.9768E-04 -2.5844E+01  0.9033E+00  2.9969E+01  1.8102E+01
 19.000 -2.6686E+00  5.5272E-04 -2.6107E+01  0.9029E+00  3.2514E+01  1.9096E+01
 20.000 -2.8240E+00  4.6371E-04 -2.5913E+01  0.9011E+00  3.5141E+01  2.0090E+01
