 Ferrocene eclipsed structure                           Feff 6L.02    potph 4.12
 Abs   Z=26 Rmt= 1.120 Rnm= 1.283 K shell
 Pot 1 Z= 6 Rmt= 0.729 Rnm= 1.073
 Gam_ch=1.325E+00 H-L exch
 Mu=-4.338E+00 kf=2.569E+00 Vint=-2.948E+01 Rs_int= 1.412
 Path   11      icalc       2                           Feff 6L.02   genfmt 1.44
 -------------------------------------------------------------------------------
   4  20.000   4.1120    2.0700   -4.33800 nleg, deg, reff, rnrmav(bohr), edge
        x         y         z   pot at#
     0.0000    0.0000    0.0000  0  26 Fe       absorbing atom
     1.6655    1.2055    0.0000  1   6 C     
     0.0000    0.0000    0.0000  0  26 Fe    
    -1.6655    0.3725    1.1466  1   6 C     
    k   real[2*phc]   mag[feff]  phase[feff] red factor   lambda      real[p]@#
  0.000  2.3535E+00  0.0000E+00 -9.6542E-01  0.1016E+01  2.9547E+01  2.5690E+00
  0.200  2.3500E+00  1.7415E-02 -2.5443E+00  0.1016E+01  2.9630E+01  2.5764E+00
  0.400  2.3399E+00  3.4449E-02 -3.9935E+00  0.1016E+01  2.9848E+01  2.5986E+00
  0.600  2.3232E+00  5.0619E-02 -5.3188E+00  0.1015E+01  3.0111E+01  2.6351E+00
  0.800  2.3002E+00  6.5315E-02 -6.5286E+00  0.1015E+01  3.0280E+01  2.6854E+00
  1.000  2.2716E+00  7.7873E-02 -7.6323E+00  0.1015E+01  3.0191E+01  2.7489E+00
  1.200  2.2376E+00  8.7701E-02 -8.6391E+00  0.1016E+01  2.9698E+01  2.8250E+00
  1.400  2.1987E+00  9.4390E-02 -9.5571E+00  0.1016E+01  2.8727E+01  2.9129E+00
  1.600  2.1554E+00  9.7760E-02 -1.0393E+01  0.1018E+01  2.7307E+01  3.0121E+00
  1.800  2.1077E+00  9.7856E-02 -1.1151E+01  0.1020E+01  2.5564E+01  3.1221E+00
  2.000  2.0556E+00  9.4900E-02 -1.1834E+01  0.1023E+01  2.3680E+01  3.2425E+00
  2.200  1.9988E+00  8.9243E-02 -1.2443E+01  0.1026E+01  2.1841E+01  3.3730E+00
  2.400  1.9366E+00  8.1332E-02 -1.2980E+01  0.1030E+01  2.0199E+01  3.5136E+00
  2.600  1.8677E+00  7.1698E-02 -1.3442E+01  0.1035E+01  1.8862E+01  3.6642E+00
  2.800  1.8043E+00  5.9299E-02 -1.3838E+01  0.1030E+01  1.7907E+01  3.8249E+00
  3.000  1.6188E+00  5.4375E-02 -1.4029E+01  0.1057E+01  1.2909E+01  4.0344E+00
  3.200  1.6150E+00  5.0821E-02 -1.4522E+01  0.1131E+01  8.6387E+00  4.1626E+00
  3.400  1.6081E+00  4.1675E-02 -1.4936E+01  0.1168E+01  7.2437E+00  4.2971E+00
  3.600  1.5823E+00  3.2346E-02 -1.5316E+01  0.1185E+01  6.6014E+00  4.4375E+00
  3.800  1.5442E+00  2.3351E-02 -1.5674E+01  0.1192E+01  6.2748E+00  4.5833E+00
  4.000  1.4924E+00  1.6216E-02 -1.6014E+01  0.1189E+01  6.1144E+00  4.7339E+00
  4.200  1.4445E+00  1.0325E-02 -1.6316E+01  0.1184E+01  6.0544E+00  4.8890E+00
  4.400  1.3838E+00  5.8881E-03 -1.6540E+01  0.1176E+01  6.0613E+00  5.0481E+00
  4.600  1.3239E+00  2.9516E-03 -1.6576E+01  0.1166E+01  6.1158E+00  5.2108E+00
  4.800  1.2515E+00  1.5451E-03 -1.6079E+01  0.1156E+01  6.2062E+00  5.3768E+00
  5.000  1.1751E+00  1.7990E-03 -1.5533E+01  0.1145E+01  6.3246E+00  5.5457E+00
  5.200  1.1012E+00  2.4997E-03 -1.5479E+01  0.1134E+01  6.4658E+00  5.7172E+00
  5.400  1.0200E+00  3.0320E-03 -1.5634E+01  0.1124E+01  6.6261E+00  5.8911E+00
  5.600  9.3782E-01  3.3722E-03 -1.5839E+01  0.1113E+01  6.8027E+00  6.0671E+00
  5.800  8.5685E-01  3.6527E-03 -1.6057E+01  0.1103E+01  6.9935E+00  6.2450E+00
  6.000  7.7465E-01  3.8201E-03 -1.6279E+01  0.1092E+01  7.1968E+00  6.4246E+00
  6.500  5.7340E-01  3.9478E-03 -1.6799E+01  0.1067E+01  7.7527E+00  6.8802E+00
  7.000  3.8220E-01  3.6548E-03 -1.7277E+01  0.1045E+01  8.3661E+00  7.3433E+00
  7.500  2.0550E-01  3.0127E-03 -1.7725E+01  0.1025E+01  9.0283E+00  7.8123E+00
  8.000  3.6967E-02  2.2166E-03 -1.8170E+01  0.1009E+01  9.7335E+00  8.2860E+00
  8.500 -1.2573E-01  1.5032E-03 -1.8638E+01  0.9933E+00  1.0478E+01  8.7635E+00
  9.000 -2.9440E-01  9.9408E-04 -1.9108E+01  0.9783E+00  1.1258E+01  9.2441E+00
  9.500 -4.6388E-01  6.7700E-04 -1.9546E+01  0.9651E+00  1.2072E+01  9.7271E+00
 10.000 -6.2669E-01  4.9076E-04 -1.9903E+01  0.9531E+00  1.2917E+01  1.0212E+01
 11.000 -9.3036E-01  3.0359E-04 -2.0356E+01  0.9333E+00  1.4699E+01  1.1187E+01
 12.000 -1.2059E+00  1.8251E-04 -2.0727E+01  0.9221E+00  1.6593E+01  1.2168E+01
 13.000 -1.4656E+00  8.9442E-05 -2.1201E+01  0.9157E+00  1.8594E+01  1.3151E+01
 14.000 -1.7069E+00  4.8227E-05 -2.1529E+01  0.9088E+00  2.0695E+01  1.4138E+01
 15.000 -1.9269E+00  3.9499E-05 -2.1519E+01  0.9045E+00  2.2893E+01  1.5127E+01
 16.000 -2.1319E+00  3.6024E-05 -2.1486E+01  0.9032E+00  2.5184E+01  1.6117E+01
 17.000 -2.3243E+00  3.0839E-05 -2.1714E+01  0.9004E+00  2.7564E+01  1.7109E+01
 18.000 -2.5016E+00  2.8192E-05 -2.2227E+01  0.8985E+00  3.0031E+01  1.8102E+01
 19.000 -2.6669E+00  3.0919E-05 -2.2716E+01  0.8985E+00  3.2582E+01  1.9095E+01
 20.000 -2.8223E+00  4.0491E-05 -2.3395E+01  0.8966E+00  3.5215E+01  2.0090E+01
