 Ferrocene PUBLISHED DATA                                         Feff 8.10
 Abs   Z=26 Rmt= 1.252 Rnm= 1.298 K  shell
 Pot 1 Z= 6 Rmt= 0.847 Rnm= 1.042
 Pot 2 Z= 1 Rmt= 0.763 Rnm= 0.924
 Gam_ch=1.309E+00 H-L exch
 Mu= 5.790E+00 kf=2.396E+00 Vint=-1.609E+01 Rs_int= 1.513
 S02  1.000                                        Global sig2  0.00100
 Curved wave amplitude ratio filter   4.000%
    file         sig2 tot  cw amp ratio   deg  nlegs   reff  inp sig2
          1       0.00100    100.00     10.00     2   2.0648
          2       0.00100     33.07     20.00     3   2.7789
          3       0.00100      8.36     10.00     2   2.8339
          4       0.00100     12.47     20.00     3   2.9906
          5       0.00100      4.58     10.00     4   3.1472
          6       0.00100     11.85     20.00     3   3.2202
          7       0.00100     12.27     20.00     4   3.4929
          8       0.00100      6.18     40.00     4   3.7046
          9       0.00100      5.29     10.00     3   3.7343
         10       0.00100      5.94     40.00     5   3.8613
         11       0.00100     16.56     20.00     3   3.8806
         12       0.00100     12.71     40.00     4   3.9343
         13       0.00100     28.78     20.00     3   4.0951
         14       0.00100     13.78     20.00     4   4.1296
         16       0.00100      5.01     10.00     4   4.1296
         17       0.00100      7.09     20.00     4   4.1296
         18       0.00100      4.34     20.00     4   4.1296
         20       0.00100      4.29     40.00     5   4.2070
         21       0.00100      7.52     20.00     5   4.2070
         22       0.00100      4.37     40.00     4   4.2846
         23       0.00100      5.94     40.00     5   4.3026
         24       0.00100      7.92     20.00     4   4.3756
         25       0.00100      4.85     20.00     4   4.3756
         29       0.00100     10.50     40.00     4   4.5947
         31       0.00100      6.55     40.00     5   4.6483
         32       0.00100      8.42     40.00     4   4.8092
         33       0.00100     10.93     40.00     4   4.8092
         34       0.00100      5.51     40.00     3   4.8132
         35       0.00100      4.66     20.00     6   4.9211
         36       0.00100      5.57     40.00     4   4.9698
   30/  34 paths used
 -----------------------------------------------------------------------
      k          chi          mag           phase @#
     0.0000   -4.015163E-01  9.845258E-01 -4.200730E-01
     0.0500   -3.969448E-01  9.860644E-01 -4.143059E-01
     0.1000   -3.923415E-01  9.875954E-01 -4.085395E-01
     0.1500   -3.783974E-01  9.921286E-01 -3.913098E-01
     0.2000   -3.641777E-01  9.965942E-01 -3.740864E-01
     0.2500   -3.399955E-01  1.003858E+00 -3.455228E-01
     0.3000   -3.151035E-01  1.010935E+00 -3.169763E-01
     0.3500   -2.793669E-01  1.020471E+00 -2.773029E-01
     0.4000   -2.424102E-01  1.029642E+00 -2.376625E-01
     0.4500   -1.936813E-01  1.040813E+00 -1.871777E-01
     0.5000   -1.433258E-01  1.051387E+00 -1.367465E-01
     0.5500   -8.054472E-02  1.063385E+00 -7.581632E-02
     0.6000   -1.607957E-02  1.074507E+00 -1.496516E-02
     0.6500    6.079910E-02  1.086416E+00  5.599223E-02
     0.7000    1.387879E-01  1.097132E+00  1.268405E-01
     0.7500    2.280965E-01  1.107915E+00  2.073620E-01
     0.8000    3.170340E-01  1.117164E+00  2.877387E-01
     0.8500    4.147634E-01  1.125739E+00  3.773266E-01
     0.9000    5.095596E-01  1.132439E+00  4.667277E-01
     0.9500    6.090207E-01  1.137734E+00  5.648540E-01
     1.0000    7.019356E-01  1.140836E+00  6.627435E-01
     1.0500    7.939388E-01  1.141846E+00  7.688532E-01
     1.1000    8.750609E-01  1.140398E+00  8.746658E-01
     1.1500    9.488022E-01  1.136258E+00  9.881750E-01
     1.2000    1.007273E+00  1.129480E+00  1.101313E+00
     1.2500    1.051969E+00  1.119532E+00  1.221608E+00
     1.3000    1.077894E+00  1.106880E+00  1.341440E+00
     1.3500    1.084963E+00  1.090736E+00  1.467864E+00
     1.4000    1.071681E+00  1.071962E+00  1.593710E+00
     1.4500    1.037015E+00  1.049560E+00  1.725561E+00
     1.5000    9.831545E-01  1.024747E+00  1.856685E+00
     1.5500    9.088126E-01  9.963855E-01  1.993192E+00
     1.6000    8.194614E-01  9.659749E-01  2.128777E+00
     1.6500    7.140979E-01  9.323334E-01  2.269113E+00
     1.7000    6.004818E-01  8.971218E-01  2.408269E+00
     1.7500    4.780998E-01  8.591879E-01  2.551479E+00
     1.8000    3.556241E-01  8.202428E-01  2.693154E+00
     1.8500    2.328055E-01  7.793106E-01  2.838228E+00
     1.9000    1.177969E-01  7.379809E-01  2.981286E+00
     1.9500    1.007750E-02  6.954822E-01  3.127102E+00
     2.0000   -8.383198E-02  6.532296E-01  3.270282E+00
     2.0500   -1.667410E-01  6.103383E-01  3.418305E+00
     2.1000   -2.325210E-01  5.683572E-01  3.563072E+00
     2.1500   -2.813131E-01  5.275094E-01  3.704072E+00
     2.2000   -3.140517E-01  4.880170E-01  3.840689E+00
     2.2500   -3.345901E-01  4.488141E-01  3.982875E+00
     2.3000   -3.414870E-01  4.115500E-01  4.120267E+00
     2.3500   -3.372588E-01  3.764054E-01  4.252268E+00
     2.4000   -3.245432E-01  3.435464E-01  4.378226E+00
     2.4500   -3.063137E-01  3.127637E-01  4.508950E+00
     2.5000   -2.831724E-01  2.840555E-01  4.633518E+00
     2.5500   -2.573225E-01  2.575177E-01  4.751326E+00
     2.6000   -2.306283E-01  2.332265E-01  4.861793E+00
     2.6500   -2.015497E-01  2.081744E-01  4.965344E+00
     2.7000   -1.748223E-01  1.855688E-01  5.054380E+00
     2.7500   -1.517795E-01  1.658422E-01  5.127172E+00
     2.8000   -1.331164E-01  1.493824E-01  5.183395E+00
     2.8500   -1.195041E-01  1.387677E-01  5.245597E+00
     2.9000   -1.086967E-01  1.308726E-01  5.303084E+00
     2.9500   -9.993519E-02  1.253923E-01  5.360906E+00
     3.0000   -9.230435E-02  1.218758E-01  5.423918E+00
     3.0500   -8.262875E-02  1.166857E-01  5.496337E+00
     3.1000   -7.335639E-02  1.123903E-01  5.572052E+00
     3.1500   -6.411357E-02  1.086953E-01  5.652316E+00
     3.2000   -5.464999E-02  1.053261E-01  5.737663E+00
     3.2500   -4.718412E-02  1.045278E-01  5.814849E+00
     3.3000   -3.880638E-02  1.039059E-01  5.900432E+00
     3.3500   -2.944074E-02  1.031952E-01  5.993875E+00
     3.4000   -1.919860E-02  1.021829E-01  6.094177E+00
     3.4500   -8.345328E-03  1.036629E-01  6.202594E+00
     3.5000    3.780318E-03  1.045897E-01  6.319337E+00
     3.5500    1.664309E-02  1.048424E-01  6.442604E+00
     3.6000    2.959649E-02  1.043493E-01  6.570762E+00
     3.6500    4.338136E-02  1.055612E-01  6.706691E+00
     3.7000    5.660068E-02  1.060160E-01  6.846378E+00
     3.7500    6.854098E-02  1.057189E-01  6.988577E+00
     3.8000    7.859376E-02  1.047004E-01  7.132236E+00
     3.8500    8.785006E-02  1.045384E-01  7.281135E+00
     3.9000    9.460619E-02  1.037699E-01  7.430568E+00
     3.9500    9.862849E-02  1.024519E-01  7.579924E+00
     4.0000    9.986204E-02  1.006508E-01  7.728704E+00
     4.0500    9.956751E-02  9.960157E-02  7.880134E+00
     4.1000    9.664696E-02  9.818005E-02  8.030933E+00
     4.1500    9.133893E-02  9.643900E-02  8.180652E+00
     4.2000    8.399378E-02  9.444873E-02  8.328954E+00
     4.2500    7.544713E-02  9.301164E-02  8.478649E+00
     4.3000    6.540462E-02  9.140340E-02  8.627352E+00
     4.3500    5.424416E-02  8.965636E-02  8.774983E+00
     4.4000    4.234997E-02  8.780979E-02  8.921509E+00
     4.4500    3.003697E-02  8.625423E-02  9.069088E+00
     4.5000    1.756867E-02  8.464420E-02  9.215699E+00
     4.5500    5.246368E-03  8.299665E-02  9.361524E+00
     4.6000   -6.660198E-03  8.132217E-02  9.506769E+00
     4.6500   -1.810356E-02  7.987583E-02  9.653411E+00
     4.7000   -2.869482E-02  7.842884E-02  9.799346E+00
     4.7500   -3.824947E-02  7.698372E-02  9.944745E+00
     4.8000   -4.661101E-02  7.553904E-02  1.008976E+01
     4.8500   -5.380450E-02  7.427057E-02  1.023500E+01
     4.9000   -5.961721E-02  7.303379E-02  1.037975E+01
     4.9500   -6.399132E-02  7.182602E-02  1.052415E+01
     5.0000   -6.689348E-02  7.064284E-02  1.066831E+01
     5.0500   -6.847173E-02  6.963434E-02  1.081258E+01
     5.1000   -6.862840E-02  6.868002E-02  1.095680E+01
     5.1500   -6.739658E-02  6.777362E-02  1.110111E+01
     5.2000   -6.482736E-02  6.690814E-02  1.124562E+01
     5.2500   -6.106041E-02  6.618841E-02  1.139180E+01
     5.3000   -5.608999E-02  6.551834E-02  1.153870E+01
     5.3500   -5.000654E-02  6.488596E-02  1.168646E+01
     5.4000   -4.292398E-02  6.427942E-02  1.183516E+01
     5.4500   -3.497610E-02  6.380534E-02  1.198620E+01
     5.5000   -2.627006E-02  6.333471E-02  1.213867E+01
     5.5500   -1.699424E-02  6.285289E-02  1.229258E+01
     5.6000   -7.367794E-03  6.234674E-02  1.244792E+01
     5.6500    2.486946E-03  6.187817E-02  1.260657E+01
     5.7000    1.221395E-02  6.135250E-02  1.276679E+01
     5.7500    2.152219E-02  6.075919E-02  1.292845E+01
     5.8000    3.012150E-02  6.008990E-02  1.309144E+01
     5.8500    3.784641E-02  5.935185E-02  1.325783E+01
     5.9000    4.430321E-02  5.851287E-02  1.342531E+01
     5.9500    4.927703E-02  5.757105E-02  1.359373E+01
     6.0000    5.261325E-02  5.652634E-02  1.376290E+01
     6.0500    5.436362E-02  5.548619E-02  1.393567E+01
     6.1000    5.430971E-02  5.433159E-02  1.410878E+01
     6.1500    5.251333E-02  5.306934E-02  1.428205E+01
     6.2000    4.911288E-02  5.170725E-02  1.445529E+01
     6.2500    4.431335E-02  5.025396E-02  1.462832E+01
     6.3000    3.837293E-02  4.871874E-02  1.480099E+01
     6.3500    3.158696E-02  4.711142E-02  1.497312E+01
     6.4000    2.427058E-02  4.544237E-02  1.514453E+01
     6.4500    1.674103E-02  4.372237E-02  1.531504E+01
     6.5000    9.300790E-03  4.196266E-02  1.548446E+01
     6.5500    2.054065E-03  4.045755E-02  1.565717E+01
     6.6000   -4.691622E-03  3.891251E-02  1.582883E+01
     6.6500   -1.072272E-02  3.733833E-02  1.599924E+01
     6.7000   -1.587792E-02  3.574608E-02  1.616823E+01
     6.7500   -2.005229E-02  3.414708E-02  1.633560E+01
     6.8000   -2.319735E-02  3.255276E-02  1.650117E+01
     6.8500   -2.531743E-02  3.097451E-02  1.666478E+01
     6.9000   -2.646263E-02  2.942336E-02  1.682630E+01
     6.9500   -2.671924E-02  2.790969E-02  1.698564E+01
     7.0000   -2.619869E-02  2.644283E-02  1.714277E+01
     7.0500   -2.532864E-02  2.533538E-02  1.730182E+01
     7.1000   -2.387012E-02  2.426352E-02  1.745908E+01
     7.1500   -2.193377E-02  2.323173E-02  1.761461E+01
     7.2000   -1.962810E-02  2.224319E-02  1.776855E+01
     7.2500   -1.705470E-02  2.129957E-02  1.792108E+01
     7.3000   -1.430543E-02  2.040089E-02  1.807245E+01
     7.3500   -1.146157E-02  1.954547E-02  1.822294E+01
     7.4000   -8.594488E-03  1.873002E-02  1.837284E+01
     7.4500   -5.767423E-03  1.794979E-02  1.852244E+01
     7.5000   -3.037655E-03  1.719892E-02  1.867201E+01
     7.5500   -4.254400E-04  1.680242E-02  1.882423E+01
     7.6000    2.093078E-03  1.643275E-02  1.897728E+01
     7.6500    4.472504E-03  1.608301E-02  1.913136E+01
     7.7000    6.665119E-03  1.574625E-02  1.928662E+01
     7.7500    8.622121E-03  1.541583E-02  1.944310E+01
     7.8000    1.029615E-02  1.508580E-02  1.960074E+01
     7.8500    1.164471E-02  1.475114E-02  1.975940E+01
     7.9000    1.263396E-02  1.440798E-02  1.991887E+01
     7.9500    1.324223E-02  1.405370E-02  2.007887E+01
     8.0000    1.346275E-02  1.368704E-02  2.023907E+01
     8.0500    1.355232E-02  1.355389E-02  2.040514E+01
     8.1000    1.325491E-02  1.340802E-02  2.057162E+01
     8.1500    1.258597E-02  1.324970E-02  2.073821E+01
     8.2000    1.157620E-02  1.308014E-02  2.090461E+01
     8.2500    1.026911E-02  1.290141E-02  2.107054E+01
     8.3000    8.717645E-03  1.271625E-02  2.123579E+01
     8.3500    6.980266E-03  1.252789E-02  2.140016E+01
     8.4000    5.117034E-03  1.233983E-02  2.156356E+01
     8.4500    3.186186E-03  1.215566E-02  2.172594E+01
     8.5000    1.241550E-03  1.197880E-02  2.188732E+01
     8.5500   -7.225786E-04  1.189541E-02  2.205193E+01
     8.6000   -2.635073E-03  1.182266E-02  2.221592E+01
     8.6500   -4.453825E-03  1.176284E-02  2.237947E+01
     8.7000   -6.141355E-03  1.171769E-02  2.254282E+01
     8.7500   -7.663792E-03  1.168818E-02  2.270624E+01
     8.8000   -8.989688E-03  1.167448E-02  2.287004E+01
     8.8500   -1.008908E-02  1.167593E-02  2.303449E+01
     8.9000   -1.093317E-02  1.169114E-02  2.319988E+01
     8.9500   -1.149478E-02  1.171805E-02  2.336642E+01
     9.0000   -1.174969E-02  1.175419E-02  2.353429E+01
     9.0500   -1.167852E-02  1.179367E-02  2.370180E+01
     9.1000   -1.128013E-02  1.184056E-02  2.387085E+01
     9.1500   -1.055072E-02  1.189202E-02  2.404148E+01
     9.2000   -9.496607E-03  1.194524E-02  2.421371E+01
     9.2500   -8.135925E-03  1.199758E-02  2.438753E+01
     9.3000   -6.499623E-03  1.204662E-02  2.456285E+01
     9.3500   -4.631560E-03  1.209024E-02  2.473961E+01
     9.4000   -2.587651E-03  1.212660E-02  2.491770E+01
     9.4500   -4.340852E-04  1.215418E-02  2.509702E+01
     9.5000    1.755256E-03  1.217176E-02  2.527745E+01
     9.5500    3.856009E-03  1.214089E-02  2.545594E+01
     9.6000    5.828774E-03  1.209891E-02  2.563540E+01
     9.6500    7.601955E-03  1.204527E-02  2.581573E+01
     9.7000    9.110572E-03  1.197960E-02  2.599684E+01
     9.7500    1.029935E-02  1.190167E-02  2.617863E+01
     9.8000    1.112532E-02  1.181135E-02  2.636104E+01
     9.8500    1.155990E-02  1.170861E-02  2.654399E+01
     9.9000    1.159017E-02  1.159347E-02  2.672741E+01
     9.9500    1.121958E-02  1.146599E-02  2.691123E+01
    10.0000    1.046778E-02  1.132628E-02  2.709539E+01
    10.0500    9.368046E-03  1.115502E-02  2.727741E+01
    10.1000    7.983248E-03  1.097195E-02  2.745951E+01
    10.1500    6.373276E-03  1.077754E-02  2.764160E+01
    10.2000    4.605602E-03  1.057238E-02  2.782360E+01
    10.2500    2.751980E-03  1.035721E-02  2.800540E+01
    10.3000    8.849424E-04  1.013292E-02  2.818689E+01
    10.3500   -9.256934E-04  9.900562E-03  2.836797E+01
    10.4000   -2.616071E-03  9.661369E-03  2.854853E+01
    10.4500   -4.131065E-03  9.416713E-03  2.872848E+01
    10.5000   -5.426389E-03  9.168091E-03  2.890772E+01
    10.5500   -6.469885E-03  8.917087E-03  2.908618E+01
    10.6000   -7.241968E-03  8.665318E-03  2.926382E+01
    10.6500   -7.735233E-03  8.414376E-03  2.944060E+01
    10.7000   -7.953361E-03  8.165760E-03  2.961655E+01
    10.7500   -7.909507E-03  7.920805E-03  2.979171E+01
    10.8000   -7.624407E-03  7.680613E-03  2.996618E+01
    10.8500   -7.124437E-03  7.445995E-03  3.014009E+01
    10.9000   -6.439841E-03  7.217424E-03  3.031359E+01
    10.9500   -5.603282E-03  6.995005E-03  3.048690E+01
    11.0000   -4.648771E-03  6.778468E-03  3.066020E+01
    11.0500   -3.636051E-03  6.637290E-03  3.083617E+01
    11.1000   -2.557127E-03  6.504153E-03  3.101187E+01
    11.1500   -1.443956E-03  6.378411E-03  3.118757E+01
    11.2000   -3.279815E-04  6.259054E-03  3.136350E+01
    11.2500    7.597398E-04  6.144781E-03  3.153988E+01
    11.3000    1.788627E-03  6.034095E-03  3.171687E+01
    11.3500    2.729013E-03  5.925413E-03  3.189455E+01
    11.4000    3.553004E-03  5.817169E-03  3.207297E+01
    11.4500    4.235697E-03  5.707913E-03  3.225209E+01
    11.5000    4.756630E-03  5.596402E-03  3.243181E+01
    11.5500    5.101240E-03  5.481659E-03  3.261198E+01
    11.6000    5.262100E-03  5.363031E-03  3.279241E+01
    11.6500    5.239704E-03  5.240208E-03  3.297286E+01
    11.7000    5.042645E-03  5.113228E-03  3.315307E+01
    11.7500    4.687101E-03  4.982473E-03  3.333278E+01
    11.8000    4.195669E-03  4.848625E-03  3.351171E+01
    11.8500    3.595670E-03  4.712633E-03  3.368960E+01
    11.9000    2.917126E-03  4.575646E-03  3.386623E+01
    11.9500    2.190672E-03  4.438947E-03  3.404140E+01
    12.0000    1.445625E-03  4.303877E-03  3.421497E+01
    12.0500    6.401764E-04  4.208686E-03  3.440482E+01
    12.1000   -1.417489E-04  4.114284E-03  3.459198E+01
    12.1500   -8.734062E-04  4.022769E-03  3.477638E+01
    12.2000   -1.534732E-03  3.936177E-03  3.495805E+01
    12.2500   -2.112161E-03  3.856380E-03  3.513714E+01
    12.3000   -2.597714E-03  3.785002E-03  3.531393E+01
    12.3500   -2.987614E-03  3.723325E-03  3.548883E+01
    12.4000   -3.280712E-03  3.672219E-03  3.566235E+01
    12.4500   -3.477032E-03  3.632094E-03  3.583506E+01
    12.5000   -3.576661E-03  3.602883E-03  3.600759E+01
    12.5500   -3.579173E-03  3.584064E-03  3.618056E+01
    12.6000   -3.483637E-03  3.574709E-03  3.635453E+01
    12.6500   -3.289172E-03  3.573569E-03  3.652997E+01
    12.7000   -2.995913E-03  3.579165E-03  3.670726E+01
    12.7500   -2.606199E-03  3.589886E-03  3.688665E+01
    12.8000   -2.125744E-03  3.604086E-03  3.706828E+01
    12.8500   -1.564585E-03  3.620159E-03  3.725220E+01
    12.9000   -9.376159E-04  3.636607E-03  3.743834E+01
    12.9500   -2.645986E-04  3.652079E-03  3.762660E+01
    13.0000    4.303884E-04  3.665399E-03  3.781680E+01
    13.0500    1.086012E-03  3.649130E-03  3.800130E+01
    13.1000    1.700416E-03  3.630777E-03  3.818652E+01
    13.1500    2.250937E-03  3.610128E-03  3.837233E+01
    13.2000    2.717292E-03  3.587073E-03  3.855862E+01
    13.2500    3.082590E-03  3.561594E-03  3.874528E+01
    13.3000    3.334134E-03  3.533747E-03  3.893219E+01
    13.3500    3.463961E-03  3.503641E-03  3.911926E+01
    13.4000    3.469104E-03  3.471419E-03  3.930643E+01
    13.4500    3.351595E-03  3.437248E-03  3.949362E+01
    13.5000    3.118220E-03  3.401298E-03  3.968078E+01
    13.5500    2.780081E-03  3.363737E-03  3.986787E+01
    13.6000    2.352002E-03  3.324717E-03  4.005485E+01
    13.6500    1.851809E-03  3.284381E-03  4.024170E+01
    13.7000    1.299538E-03  3.242853E-03  4.042838E+01
    13.7500    7.165871E-04  3.200246E-03  4.061487E+01
    13.8000    1.248403E-04  3.156670E-03  4.080115E+01
    13.8500   -4.541949E-04  3.112231E-03  4.098717E+01
    13.9000   -1.000220E-03  3.067044E-03  4.117290E+01
    13.9500   -1.494905E-03  3.021238E-03  4.135831E+01
    14.0000   -1.922543E-03  2.974957E-03  4.154335E+01
    14.0500   -2.268533E-03  2.932782E-03  4.172506E+01
    14.1000   -2.529028E-03  2.889405E-03  4.190671E+01
    14.1500   -2.697562E-03  2.844903E-03  4.208825E+01
    14.2000   -2.771266E-03  2.799385E-03  4.226964E+01
    14.2500   -2.750853E-03  2.752984E-03  4.245085E+01
    14.3000   -2.640437E-03  2.705849E-03  4.263183E+01
    14.3500   -2.447193E-03  2.658135E-03  4.281257E+01
    14.4000   -2.180915E-03  2.609997E-03  4.299307E+01
    14.4500   -1.853485E-03  2.561572E-03  4.317333E+01
    14.5000   -1.478325E-03  2.512973E-03  4.335337E+01
    14.5500   -1.069839E-03  2.464280E-03  4.353322E+01
    14.6000   -6.428908E-04  2.415535E-03  4.371290E+01
    14.6500   -2.123182E-04  2.366739E-03  4.389247E+01
    14.7000    2.075109E-04  2.317853E-03  4.407194E+01
    14.7500    6.031095E-04  2.268806E-03  4.425136E+01
    14.8000    9.622551E-04  2.219501E-03  4.443072E+01
    14.8500    1.274352E-03  2.169827E-03  4.461002E+01
    14.9000    1.530771E-03  2.119675E-03  4.478924E+01
    14.9500    1.725144E-03  2.068950E-03  4.496830E+01
    15.0000    1.853603E-03  2.017584E-03  4.514713E+01
    15.0500    1.950790E-03  1.996497E-03  4.533870E+01
    15.1000    1.973227E-03  1.973725E-03  4.553064E+01
    15.1500    1.921197E-03  1.949189E-03  4.572277E+01
    15.2000    1.798368E-03  1.922879E-03  4.591493E+01
    15.2500    1.611587E-03  1.894848E-03  4.610694E+01
    15.3000    1.370455E-03  1.865215E-03  4.629860E+01
    15.3500    1.086713E-03  1.834155E-03  4.648975E+01
    15.4000    7.735023E-04  1.801897E-03  4.668020E+01
    15.4500    4.445664E-04  1.768716E-03  4.686982E+01
    15.5000    1.134673E-04  1.734918E-03  4.705844E+01
    15.5500   -2.071169E-04  1.700835E-03  4.724597E+01
    15.6000   -5.059592E-04  1.666813E-03  4.743230E+01
    15.6500   -7.736815E-04  1.633197E-03  4.761740E+01
    15.7000   -1.002971E-03  1.600323E-03  4.780124E+01
    15.7500   -1.188626E-03  1.568503E-03  4.798384E+01
    15.8000   -1.327456E-03  1.538018E-03  4.816526E+01
    15.8500   -1.418081E-03  1.509106E-03  4.834559E+01
    15.9000   -1.460667E-03  1.481957E-03  4.852498E+01
    15.9500   -1.456652E-03  1.456709E-03  4.870357E+01
    16.0000   -1.408487E-03  1.433444E-03  4.888156E+01
    16.0500   -1.328776E-03  1.428187E-03  4.907000E+01
    16.1000   -1.203328E-03  1.424181E-03  4.925906E+01
    16.1500   -1.035857E-03  1.421246E-03  4.944886E+01
    16.2000   -8.314841E-04  1.419182E-03  4.963950E+01
    16.2500   -5.967287E-04  1.417779E-03  4.983106E+01
    16.3000   -3.394414E-04  1.416825E-03  5.002355E+01
    16.3500   -6.863735E-05  1.416114E-03  5.021699E+01
    16.4000    2.057705E-04  1.415455E-03  5.041137E+01
    16.4500    4.733334E-04  1.414674E-03  5.060665E+01
    16.5000    7.235073E-04  1.413621E-03  5.080277E+01
    16.5500    9.461429E-04  1.412170E-03  5.099968E+01
    16.6000    1.131990E-03  1.410217E-03  5.119730E+01
    16.6500    1.273178E-03  1.407687E-03  5.139556E+01
    16.7000    1.363635E-03  1.404523E-03  5.159439E+01
    16.7500    1.399421E-03  1.400689E-03  5.179373E+01
    16.8000    1.378949E-03  1.396167E-03  5.199349E+01
    16.8500    1.303077E-03  1.390949E-03  5.219363E+01
    16.9000    1.175081E-03  1.385038E-03  5.239410E+01
    16.9500    1.000505E-03  1.378444E-03  5.259485E+01
    17.0000    7.869018E-04  1.371180E-03  5.279583E+01
    17.0500    5.647433E-04  1.368522E-03  5.298170E+01
    17.1000    3.229644E-04  1.365280E-03  5.316826E+01
    17.1500    7.022565E-05  1.361337E-03  5.335547E+01
    17.2000   -1.841772E-04  1.356588E-03  5.354326E+01
    17.2500   -4.306987E-04  1.350943E-03  5.373155E+01
    17.3000   -6.599846E-04  1.344339E-03  5.392024E+01
    17.3500   -8.633350E-04  1.336750E-03  5.410921E+01
    17.4000   -1.033148E-03  1.328186E-03  5.429834E+01
    17.4500   -1.163304E-03  1.318695E-03  5.448751E+01
    17.5000   -1.249444E-03  1.308361E-03  5.467663E+01
    17.5500   -1.289128E-03  1.297295E-03  5.486560E+01
    17.6000   -1.281867E-03  1.285627E-03  5.505437E+01
    17.6500   -1.229030E-03  1.273494E-03  5.524290E+01
    17.7000   -1.133665E-03  1.261026E-03  5.543118E+01
    17.7500   -1.000270E-03  1.248342E-03  5.561924E+01
    17.8000   -8.345241E-04  1.235531E-03  5.580711E+01
    17.8500   -6.430373E-04  1.222655E-03  5.599485E+01
    17.9000   -4.330986E-04  1.209743E-03  5.618253E+01
    17.9500   -2.124442E-04  1.196791E-03  5.637021E+01
    18.0000    1.097353E-05  1.183773E-03  5.655794E+01
    18.0500    2.178767E-04  1.163479E-03  5.673704E+01
    18.1000    4.093546E-04  1.144778E-03  5.691435E+01
    18.1500    5.815184E-04  1.128044E-03  5.709027E+01
    18.2000    7.314120E-04  1.113493E-03  5.726532E+01
    18.2500    8.566422E-04  1.101176E-03  5.744004E+01
    18.3000    9.550745E-04  1.090984E-03  5.761498E+01
    18.3500    1.024664E-03  1.082667E-03  5.779065E+01
    18.4000    1.063459E-03  1.075863E-03  5.796747E+01
    18.4500    1.069766E-03  1.070136E-03  5.814575E+01
    18.5000    1.042448E-03  1.065013E-03  5.832568E+01
    18.5500    9.812758E-04  1.060021E-03  5.850734E+01
    18.6000    8.872646E-04  1.054716E-03  5.869070E+01
    18.6500    7.629199E-04  1.048712E-03  5.887561E+01
    18.7000    6.123299E-04  1.041695E-03  5.906190E+01
    18.7500    4.410800E-04  1.033433E-03  5.924930E+01
    18.8000    2.559903E-04  1.023783E-03  5.943754E+01
    18.8500    6.470678E-05  1.012683E-03  5.962632E+01
    18.9000   -1.247993E-04  1.000148E-03  5.981537E+01
    18.9500   -3.047580E-04  9.862590E-04  6.000441E+01
    19.0000   -4.680904E-04  9.711488E-04  6.019319E+01
    19.0500   -6.144804E-04  9.586672E-04  6.038603E+01
    19.1000   -7.341073E-04  9.460859E-04  6.057847E+01
    19.1500   -8.234417E-04  9.335347E-04  6.077050E+01
    19.2000   -8.802977E-04  9.211430E-04  6.096215E+01
    19.2500   -9.037686E-04  9.090210E-04  6.115350E+01
    19.3000   -8.941050E-04  8.972421E-04  6.134470E+01
    19.3500   -8.525801E-04  8.858289E-04  6.153591E+01
    19.4000   -7.813831E-04  8.747470E-04  6.172729E+01
    19.4500   -6.835587E-04  8.639059E-04  6.191902E+01
    19.5000   -5.629846E-04  8.531701E-04  6.211120E+01
    19.5500   -4.243530E-04  8.423758E-04  6.230391E+01
    19.6000   -2.731108E-04  8.313549E-04  6.249712E+01
    19.6500   -1.153135E-04  8.199590E-04  6.269075E+01
    19.7000    4.262827E-05  8.080829E-04  6.288463E+01
    19.7500    1.943009E-04  7.956826E-04  6.307854E+01
    19.8000    3.336961E-04  7.827864E-04  6.327224E+01
    19.8500    4.556075E-04  7.694967E-04  6.346550E+01
    19.9000    5.559452E-04  7.559812E-04  6.365810E+01
    19.9500    6.319077E-04  7.424558E-04  6.384994E+01
    20.0000    6.819887E-04  7.291587E-04  6.404098E+01
