 name:     molybdenum                                             Feff 8.20
 formula:  Mo
 sites:    Mo1
 refer1:   Kittel, ISSP
 refer2:
 schoen:
 notes1:   metal, bcc
 POT  SCF  20  4.0092   0, core-hole, AFOLP (folp(0)= 1.150)
 Abs   Z=42 Rmt= 1.509 Rnm= 1.565 K  shell
 Pot 1 Z=42 Rmt= 1.479 Rnm= 1.530
 Gam_ch=5.613E+00 H-L exch
 Mu=-8.794E+00 kf=2.129E+00 Vint=-2.037E+01 Rs_int= 1.704
 PATH  Rmax= 6.014,  Keep_limit= 0.00, Heap_limit 0.00  Pwcrit= 2.50%
 Path   17      icalc       2
 -----------------------------------------------------------------------
   3  48.000   5.5459    2.8926   -8.79445 nleg, deg, reff, rnrmav(bohr), edge
        x         y         z   pot at#
     0.0000    0.0000    0.0000  0  42 Mo       absorbing atom
    -1.5736    1.5736    4.7208  1  42 Mo    
    -1.5736    1.5736    1.5736  1  42 Mo    
    k   real[2*phc]   mag[feff]  phase[feff] red factor   lambda     real[p]@#
 -1.960  9.8402E+00  1.6966E+00 -9.7986E+00  1.020E+00  1.0277E+00  3.7853E-01
 -1.820  9.5843E+00  1.5261E+00 -1.0594E+01  1.121E+00  1.3733E+00  5.0583E-01
 -1.680  9.4338E+00  1.1198E+00 -1.0834E+01  1.167E+00  1.9035E+00  7.0114E-01
 -1.540  9.3197E+00  7.5258E-01 -1.0857E+01  1.177E+00  2.4732E+00  9.1098E-01
 -1.400  9.2240E+00  5.7358E-01 -1.1014E+01  1.175E+00  2.9639E+00  1.0917E+00
 -1.260  9.1424E+00  4.9937E-01 -1.1381E+01  1.168E+00  3.3675E+00  1.2404E+00
 -1.214  9.1182E+00  4.8958E-01 -1.1542E+01  1.166E+00  3.4842E+00  1.2834E+00
 -1.051  9.0426E+00  4.9137E-01 -1.2209E+01  1.159E+00  3.8402E+00  1.4145E+00
 -0.858  8.9706E+00  4.9823E-01 -1.3123E+01  1.152E+00  4.1697E+00  1.5359E+00
 -0.607  8.9016E+00  4.0814E-01 -1.4597E+01  1.145E+00  4.4771E+00  1.6491E+00
  0.000  8.8354E+00  1.9103E-04 -1.3740E+01  1.140E+00  4.7662E+00  1.7556E+00
  0.100  8.8337E+00  6.8391E-02 -1.4814E+01  1.139E+00  4.7735E+00  1.7583E+00
  0.200  8.8286E+00  1.3629E-01 -1.5824E+01  1.139E+00  4.7952E+00  1.7663E+00
  0.300  8.8202E+00  2.0295E-01 -1.6770E+01  1.138E+00  4.8308E+00  1.7796E+00
  0.400  8.8086E+00  2.6721E-01 -1.7652E+01  1.137E+00  4.8794E+00  1.7981E+00
  0.500  8.7936E+00  3.2745E-01 -1.8475E+01  1.136E+00  4.9400E+00  1.8217E+00
  0.600  8.7756E+00  3.8176E-01 -1.9240E+01  1.135E+00  5.0112E+00  1.8501E+00
  0.700  8.7544E+00  4.2822E-01 -1.9953E+01  1.134E+00  5.0911E+00  1.8832E+00
  0.800  8.7302E+00  4.6534E-01 -2.0617E+01  1.133E+00  5.1780E+00  1.9208E+00
  0.900  8.7030E+00  4.9231E-01 -2.1237E+01  1.132E+00  5.2697E+00  1.9627E+00
  1.000  8.6729E+00  5.0915E-01 -2.1817E+01  1.131E+00  5.3641E+00  2.0086E+00
  1.100  8.6400E+00  5.1657E-01 -2.2360E+01  1.130E+00  5.4589E+00  2.0584E+00
  1.200  8.6041E+00  5.1577E-01 -2.2868E+01  1.130E+00  5.5521E+00  2.1119E+00
  1.300  8.5654E+00  5.0814E-01 -2.3343E+01  1.130E+00  5.6415E+00  2.1690E+00
  1.400  8.5237E+00  4.9506E-01 -2.3785E+01  1.131E+00  5.7255E+00  2.2294E+00
  1.500  8.4789E+00  4.7777E-01 -2.4194E+01  1.132E+00  5.8027E+00  2.2931E+00
  1.600  8.4309E+00  4.5735E-01 -2.4571E+01  1.134E+00  5.8721E+00  2.3599E+00
  1.700  8.3796E+00  4.3469E-01 -2.4913E+01  1.136E+00  5.9335E+00  2.4299E+00
  1.800  8.3245E+00  4.1057E-01 -2.5219E+01  1.139E+00  5.9872E+00  2.5029E+00
  1.900  8.2655E+00  3.8574E-01 -2.5487E+01  1.142E+00  6.0344E+00  2.5790E+00
  2.000  8.2021E+00  3.6093E-01 -2.5715E+01  1.146E+00  6.0769E+00  2.6581E+00
  2.200  8.0604E+00  3.1468E-01 -2.6039E+01  1.153E+00  6.1607E+00  2.8258E+00
  2.400  7.8889E+00  2.7714E-01 -2.6124E+01  1.159E+00  6.2769E+00  3.0102E+00
  2.600  7.6687E+00  2.4823E-01 -2.5960E+01  1.266E+00  5.2482E+00  3.2174E+00
  2.800  7.5934E+00  2.5825E-01 -2.6368E+01  1.376E+00  4.4224E+00  3.3733E+00
  3.000  7.5496E+00  2.9474E-01 -2.6909E+01  1.405E+00  4.1352E+00  3.5132E+00
  3.200  7.4671E+00  3.3147E-01 -2.7307E+01  1.409E+00  4.0075E+00  3.6639E+00
  3.400  7.3703E+00  3.5628E-01 -2.7643E+01  1.400E+00  3.9721E+00  3.8200E+00
  3.600  7.2621E+00  3.5880E-01 -2.7939E+01  1.376E+00  3.9930E+00  3.9810E+00
  3.800  7.1472E+00  3.3686E-01 -2.8207E+01  1.353E+00  4.0520E+00  4.1463E+00
  4.000  7.0274E+00  2.9738E-01 -2.8454E+01  1.324E+00  4.1389E+00  4.3154E+00
  4.200  6.9048E+00  2.4833E-01 -2.8684E+01  1.299E+00  4.2471E+00  4.4880E+00
  4.400  6.7810E+00  1.9641E-01 -2.8895E+01  1.271E+00  4.3724E+00  4.6636E+00
  4.600  6.6565E+00  1.4796E-01 -2.9093E+01  1.247E+00  4.5120E+00  4.8418E+00
  4.800  6.5324E+00  1.0593E-01 -2.9273E+01  1.225E+00  4.6635E+00  5.0224E+00
  5.000  6.4089E+00  7.1736E-02 -2.9435E+01  1.204E+00  4.8253E+00  5.2050E+00
  5.200  6.2865E+00  4.5889E-02 -2.9562E+01  1.186E+00  4.9963E+00  5.3894E+00
  5.400  6.1653E+00  2.7779E-02 -2.9619E+01  1.169E+00  5.1754E+00  5.5754E+00
  5.600  6.0453E+00  1.6721E-02 -2.9530E+01  1.152E+00  5.3617E+00  5.7628E+00
  5.800  5.9266E+00  1.2565E-02 -2.9268E+01  1.137E+00  5.5548E+00  5.9514E+00
  6.000  5.8087E+00  1.3349E-02 -2.9115E+01  1.122E+00  5.7539E+00  6.1412E+00
  6.500  5.5159E+00  2.0884E-02 -2.9438E+01  1.084E+00  6.2755E+00  6.6194E+00
  7.000  5.2274E+00  2.7220E-02 -2.9957E+01  1.051E+00  6.8271E+00  7.1022E+00
  7.500  4.9499E+00  2.8578E-02 -3.0470E+01  1.026E+00  7.4045E+00  7.5883E+00
  8.000  4.6843E+00  2.4974E-02 -3.1026E+01  1.007E+00  8.0050E+00  8.0770E+00
  8.500  4.4280E+00  1.8461E-02 -3.1695E+01  9.925E-01  8.6262E+00  8.5677E+00
  9.000  4.1804E+00  1.3925E-02 -3.2735E+01  9.805E-01  9.2664E+00  9.0599E+00
  9.500  3.9435E+00  1.8981E-02 -3.3822E+01  9.707E-01  9.9241E+00  9.5534E+00
 10.000  3.7180E+00  2.9184E-02 -3.4447E+01  9.632E-01  1.0598E+01  1.0048E+01
 11.000  3.2944E+00  4.7190E-02 -3.5225E+01  9.535E-01  1.1991E+01  1.1039E+01
 12.000  2.9014E+00  5.6088E-02 -3.5823E+01  9.465E-01  1.3439E+01  1.2033E+01
 13.000  2.5402E+00  5.5355E-02 -3.6348E+01  9.428E-01  1.4935E+01  1.3027E+01
 14.000  2.2031E+00  4.7871E-02 -3.6823E+01  9.403E-01  1.6477E+01  1.4023E+01
 15.000  1.8916E+00  3.6796E-02 -3.7244E+01  9.383E-01  1.8060E+01  1.5020E+01
 16.000  1.5999E+00  2.5236E-02 -3.7563E+01  9.360E-01  1.9680E+01  1.6018E+01
 17.000  1.3250E+00  1.6423E-02 -3.7704E+01  9.334E-01  2.1337E+01  1.7016E+01
 18.000  1.0664E+00  1.2250E-02 -3.7657E+01  9.322E-01  2.3026E+01  1.8014E+01
 19.000  8.2101E-01  1.0538E-02 -3.7647E+01  9.315E-01  2.4747E+01  1.9012E+01
 20.000  5.9052E-01  9.7351E-03 -3.7625E+01  9.317E-01  2.6496E+01  2.0011E+01
 21.000  3.7133E-01  1.0001E-02 -3.7655E+01  9.321E-01  2.8273E+01  2.1010E+01
 22.000  1.6489E-01  1.0760E-02 -3.7767E+01  9.330E-01  3.0076E+01  2.2009E+01
 23.000 -3.2470E-02  1.1559E-02 -3.7963E+01  9.340E-01  3.1903E+01  2.3008E+01
 24.000 -2.1862E-01  1.2024E-02 -3.8238E+01  9.352E-01  3.3754E+01  2.4008E+01
 25.000 -3.9590E-01  1.1981E-02 -3.8529E+01  9.365E-01  3.5627E+01  2.5007E+01
