 Ferrocene PUBLISHED DATA                                         Feff 8.10
 Abs   Z=26 Rmt= 1.254 Rnm= 1.300 K  shell
 Pot 1 Z= 6 Rmt= 0.847 Rnm= 1.043
 Pot 2 Z= 1 Rmt= 0.763 Rnm= 0.924
 Gam_ch=1.309E+00 H-L exch
 Mu= 5.790E+00 kf=2.396E+00 Vint=-1.608E+01 Rs_int= 1.514
 S02  1.000                                        Global sig2  0.00100
 Curved wave amplitude ratio filter   4.000%
    file         sig2 tot  cw amp ratio   deg  nlegs   reff  inp sig2
          1       0.00100    100.00     10.00     2   2.0681
          2       0.00100     33.07     20.00     3   2.7821
          3       0.00100      8.39     10.00     2   2.8339
          4       0.00100     12.37     20.00     3   2.9922
          5       0.00100      4.50     10.00     4   3.1505
          6       0.00100     11.88     20.00     3   3.2234
          7       0.00100     12.25     20.00     4   3.4962
          8       0.00100      6.18     40.00     4   3.7063
          9       0.00100     12.06     20.00     3   3.7833
         10       0.00100      5.88     40.00     5   3.8646
         11       0.00100     12.70     40.00     4   3.9375
         12       0.00100     23.01     20.00     3   4.0089
         13       0.00100     15.52     10.00     3   4.1361
         14       0.00100     10.53     10.00     4   4.1361
         16       0.00100      4.99     10.00     4   4.1361
         18       0.00100      7.04     20.00     4   4.1361
         19       0.00100      4.36     20.00     4   4.1361
         21       0.00100      4.29     40.00     5   4.2103
         22       0.00100      7.51     20.00     5   4.2103
         23       0.00100      4.37     40.00     4   4.2863
         24       0.00100      5.90     40.00     5   4.3059
         25       0.00100      7.90     20.00     4   4.3788
         26       0.00100      4.85     20.00     4   4.3788
         29       0.00100      8.57     40.00     4   4.4973
         31       0.00100      6.53     40.00     5   4.6516
         32       0.00100      4.10     40.00     3   4.6639
         33       0.00100      4.68     40.00     4   4.8222
         34       0.00100     10.18     40.00     4   4.8502
         36       0.00100      4.65     20.00     6   4.9243
   29/  34 paths used
 xsedge+50, used to normalize mu           3.1336E-04
 -----------------------------------------------------------------------
  e, e(wrt edge), k, mu=(1+chi)*mu0, mu0, chi @#
    7115.666      5.790   0.000  3.93672E-01  5.18114E-01 -1.19554E-01
    7115.675      5.799   0.050  4.09704E-01  5.27717E-01 -1.13378E-01
    7115.704      5.828   0.100  4.25745E-01  5.37319E-01 -1.07194E-01
    7115.751      5.875   0.150  4.73212E-01  5.65489E-01 -8.86575E-02
    7115.818      5.942   0.200  5.20742E-01  5.93658E-01 -7.00582E-02
    7115.904      6.028   0.250  5.94920E-01  6.35561E-01 -3.90515E-02
    7116.009      6.133   0.300  6.69216E-01  6.77464E-01 -7.92627E-03
    7116.132      6.256   0.350  7.58582E-01  7.21586E-01  3.55566E-02
    7116.275      6.399   0.400  8.48011E-01  7.65708E-01  7.91134E-02
    7116.437      6.561   0.450  9.41860E-01  8.01750E-01  1.34709E-01
    7116.618      6.742   0.500  1.03546E+00  8.37793E-01  1.90090E-01
    7116.818      6.942   0.550  1.13027E+00  8.63433E-01  2.56694E-01
    7117.037      7.161   0.600  1.22409E+00  8.89072E-01  3.22385E-01
    7117.275      7.399   0.650  1.31963E+00  9.06481E-01  3.97754E-01
    7117.533      7.657   0.700  1.41284E+00  9.23890E-01  4.70952E-01
    7117.809      7.933   0.750  1.50771E+00  9.35652E-01  5.51353E-01
    7118.104      8.228   0.800  1.59824E+00  9.47413E-01  6.27670E-01
    7118.418      8.542   0.850  1.68860E+00  9.55385E-01  7.07704E-01
    7118.752      8.876   0.900  1.77197E+00  9.63357E-01  7.81113E-01
    7119.104      9.228   0.950  1.85174E+00  9.68743E-01  8.53834E-01
    7119.476      9.600   1.000  1.92144E+00  9.74128E-01  9.16962E-01
    7119.866      9.990   1.050  1.98307E+00  9.77665E-01  9.74414E-01
    7120.276     10.400   1.100  2.03159E+00  9.81201E-01  1.01928E+00
    7120.704     10.828   1.150  2.06743E+00  9.83382E-01  1.05350E+00
    7121.152     11.276   1.200  2.08776E+00  9.85563E-01  1.07271E+00
    7121.619     11.743   1.250  2.09151E+00  9.86712E-01  1.07709E+00
    7122.105     12.229   1.300  2.07870E+00  9.87860E-01  1.06530E+00
    7122.609     12.733   1.350  2.04715E+00  9.88209E-01  1.03615E+00
    7123.133     13.257   1.400  1.99992E+00  9.88558E-01  9.91517E-01
    7123.676     13.800   1.450  1.93426E+00  9.88288E-01  9.29379E-01
    7124.238     14.362   1.500  1.85603E+00  9.88019E-01  8.54616E-01
    7124.819     14.943   1.550  1.76230E+00  9.87236E-01  7.64895E-01
    7125.419     15.543   1.600  1.66117E+00  9.86454E-01  6.67429E-01
    7126.038     16.162   1.650  1.54998E+00  9.85266E-01  5.59997E-01
    7126.677     16.801   1.700  1.43778E+00  9.84077E-01  4.51041E-01
    7127.334     17.458   1.750  1.32236E+00  9.82602E-01  3.38648E-01
    7128.010     18.134   1.800  1.21247E+00  9.81127E-01  2.31205E-01
    7128.705     18.829   1.850  1.10618E+00  9.79421E-01  1.27030E-01
    7129.420     19.544   1.900  1.01082E+00  9.77716E-01  3.32604E-02
    7130.153     20.277   1.950  9.24422E-01  9.75859E-01 -5.18328E-02
    7130.906     21.030   2.000  8.52137E-01  9.74003E-01 -1.23146E-01
    7131.677     21.801   2.050  7.90573E-01  9.72035E-01 -1.83884E-01
    7132.468     22.592   2.100  7.44152E-01  9.70067E-01 -2.29576E-01
    7133.277     23.401   2.150  7.11607E-01  9.68099E-01 -2.61386E-01
    7134.106     24.230   2.200  6.91221E-01  9.66132E-01 -2.80951E-01
    7134.954     25.078   2.250  6.80911E-01  9.64170E-01 -2.90264E-01
    7135.821     25.945   2.300  6.79841E-01  9.62209E-01 -2.90133E-01
    7136.706     26.830   2.350  6.85513E-01  9.60247E-01 -2.83056E-01
    7137.611     27.735   2.400  6.95646E-01  9.58286E-01 -2.71331E-01
    7138.535     28.659   2.450  7.08087E-01  9.55413E-01 -2.56426E-01
    7139.478     29.602   2.500  7.22147E-01  9.52541E-01 -2.39729E-01
    7140.440     30.564   2.550  7.36607E-01  9.49669E-01 -2.22494E-01
    7141.421     31.545   2.600  7.50671E-01  9.46796E-01 -2.05550E-01
    7142.421     32.545   2.650  7.71384E-01  9.49876E-01 -1.87041E-01
    7143.441     33.565   2.700  7.90178E-01  9.52956E-01 -1.70548E-01
    7144.479     34.603   2.750  8.06646E-01  9.56036E-01 -1.56498E-01
    7145.536     35.660   2.800  8.20751E-01  9.59115E-01 -1.44925E-01
    7146.612     36.736   2.850  8.31889E-01  9.62699E-01 -1.36617E-01
    7147.708     37.832   2.900  8.42338E-01  9.66283E-01 -1.29075E-01
    7148.822     38.946   2.950  8.52938E-01  9.69867E-01 -1.21417E-01
    7149.956     40.080   3.000  8.64475E-01  9.73450E-01 -1.12834E-01
    7151.108     41.232   3.050  8.76286E-01  9.75355E-01 -1.02338E-01
    7152.280     42.404   3.100  8.89187E-01  9.77261E-01 -9.07661E-02
    7153.470     43.594   3.150  9.03263E-01  9.79166E-01 -7.80413E-02
    7154.680     44.804   3.200  9.18394E-01  9.81071E-01 -6.42925E-02
    7155.909     46.033   3.250  9.32644E-01  9.83260E-01 -5.17778E-02
    7157.156     47.280   3.300  9.48014E-01  9.85449E-01 -3.81899E-02
    7158.423     48.547   3.350  9.64137E-01  9.87638E-01 -2.39088E-02
    7159.709     49.833   3.400  9.80517E-01  9.89827E-01 -9.44609E-03
    7161.014     51.138   3.450  9.96460E-01  9.91627E-01  4.88675E-03
    7162.338     52.462   3.500  1.01251E+00  9.93428E-01  1.92353E-02
    7163.681     53.805   3.550  1.02804E+00  9.95228E-01  3.29602E-02
    7165.043     55.167   3.600  1.04241E+00  9.97029E-01  4.54457E-02
    7166.424     56.548   3.650  1.05691E+00  9.99059E-01  5.77477E-02
    7167.824     57.948   3.700  1.06991E+00  1.00109E+00  6.84859E-02
    7169.244     59.368   3.750  1.08099E+00  1.00312E+00  7.72495E-02
    7170.682     60.806   3.800  1.08986E+00  1.00515E+00  8.37723E-02
    7172.139     62.263   3.850  1.09780E+00  1.00704E+00  8.94680E-02
    7173.616     63.740   3.900  1.10346E+00  1.00893E+00  9.29004E-02
    7175.111     65.235   3.950  1.10687E+00  1.01082E+00  9.41007E-02
    7176.626     66.750   4.000  1.10814E+00  1.01270E+00  9.32037E-02
    7178.159     68.283   4.050  1.10849E+00  1.01460E+00  9.14362E-02
    7179.712     69.836   4.100  1.10694E+00  1.01649E+00  8.78403E-02
    7181.283     71.407   4.150  1.10370E+00  1.01838E+00  8.26180E-02
    7182.874     72.998   4.200  1.09899E+00  1.02027E+00  7.60125E-02
    7184.484     74.608   4.250  1.09316E+00  1.02190E+00  6.86426E-02
    7186.112     76.236   4.300  1.08609E+00  1.02353E+00  6.01311E-02
    7187.760     77.884   4.350  1.07799E+00  1.02516E+00  5.06606E-02
    7189.427     79.551   4.400  1.06904E+00  1.02678E+00  4.04255E-02
    7191.113     81.237   4.450  1.05895E+00  1.02793E+00  2.96227E-02
    7192.818     82.942   4.500  1.04833E+00  1.02908E+00  1.83614E-02
    7194.542     84.666   4.550  1.03743E+00  1.03023E+00  6.85406E-03
    7196.285     86.409   4.600  1.02647E+00  1.03138E+00 -4.66400E-03
    7198.047     88.171   4.650  1.01492E+00  1.03187E+00 -1.60937E-02
    7199.828     89.952   4.700  1.00387E+00  1.03236E+00 -2.70414E-02
    7201.629     91.753   4.750  9.93593E-01  1.03286E+00 -3.72291E-02
    7203.448     93.572   4.800  9.84394E-01  1.03335E+00 -4.63821E-02
    7205.286     95.410   4.850  9.75882E-01  1.03332E+00 -5.44214E-02
    7207.143     97.267   4.900  9.68899E-01  1.03329E+00 -6.10138E-02
    7209.020     99.144   4.950  9.63616E-01  1.03326E+00 -6.59958E-02
    7210.915    101.039   5.000  9.60147E-01  1.03323E+00 -6.92589E-02
    7212.830    102.954   5.050  9.57793E-01  1.03258E+00 -7.09442E-02
    7214.763    104.887   5.100  9.57250E-01  1.03193E+00 -7.09126E-02
    7216.716    106.840   5.150  9.58451E-01  1.03128E+00 -6.92243E-02
    7218.688    108.812   5.200  9.61274E-01  1.03063E+00 -6.59885E-02
    7220.678    110.802   5.250  9.64768E-01  1.02921E+00 -6.14165E-02
    7222.688    112.812   5.300  9.69572E-01  1.02779E+00 -5.55779E-02
    7224.717    114.841   5.350  9.75494E-01  1.02636E+00 -4.86504E-02
    7226.765    116.889   5.400  9.82329E-01  1.02494E+00 -4.08239E-02
    7228.832    118.956   5.450  9.89571E-01  1.02317E+00 -3.22650E-02
    7230.918    121.042   5.500  9.97364E-01  1.02141E+00 -2.31368E-02
    7233.023    123.147   5.550  1.00550E+00  1.01964E+00 -1.36410E-02
    7235.147    125.271   5.600  1.01375E+00  1.01787E+00 -3.98677E-03
    7237.290    127.414   5.650  1.02173E+00  1.01581E+00  5.74026E-03
    7239.452    129.576   5.700  1.02939E+00  1.01375E+00  1.52040E-02
    7241.633    131.757   5.750  1.03648E+00  1.01169E+00  2.41556E-02
    7243.834    133.958   5.800  1.04274E+00  1.00963E+00  3.23453E-02
    7246.053    136.177   5.850  1.04784E+00  1.00738E+00  3.96313E-02
    7248.291    138.415   5.900  1.05161E+00  1.00514E+00  4.56473E-02
    7250.549    140.673   5.950  1.05385E+00  1.00289E+00  5.01919E-02
    7252.825    142.949   6.000  1.05442E+00  1.00065E+00  5.31145E-02
    7255.121    145.245   6.050  1.05374E+00  9.98732E-01  5.44551E-02
    7257.435    147.559   6.100  1.05124E+00  9.96819E-01  5.40002E-02
    7259.769    149.893   6.150  1.04700E+00  9.94906E-01  5.18108E-02
    7262.122    152.246   6.200  1.04117E+00  9.92993E-01  4.80297E-02
    7264.493    154.617   6.250  1.03399E+00  9.91079E-01  4.28734E-02
    7266.884    157.008   6.300  1.02573E+00  9.89166E-01  3.66182E-02
    7269.294    159.418   6.350  1.01672E+00  9.87253E-01  2.95816E-02
    7271.723    161.847   6.400  1.00730E+00  9.85340E-01  2.21014E-02
    7274.171    164.295   6.450  9.97817E-01  9.83427E-01  1.45132E-02
    7276.638    166.762   6.500  9.88566E-01  9.81514E-01  7.12911E-03
    7279.124    169.248   6.550  9.80499E-01  9.80466E-01  3.30443E-05
    7281.629    171.753   6.600  9.73051E-01  9.79418E-01 -6.45316E-03
    7284.153    174.277   6.650  9.66405E-01  9.78371E-01 -1.21405E-02
    7286.696    176.820   6.700  9.60684E-01  9.77323E-01 -1.69033E-02
    7289.258    179.382   6.750  9.55945E-01  9.76275E-01 -2.06783E-02
    7291.839    181.963   6.800  9.52192E-01  9.75228E-01 -2.34589E-02
    7294.440    184.564   6.850  9.49381E-01  9.74180E-01 -2.52846E-02
    7297.059    187.183   6.900  9.47439E-01  9.73132E-01 -2.62291E-02
    7299.698    189.822   6.950  9.46268E-01  9.72085E-01 -2.63867E-02
    7302.355    192.479   7.000  9.45766E-01  9.71037E-01 -2.58606E-02
    7305.031    195.155   7.050  9.46343E-01  9.70808E-01 -2.50431E-02
    7307.727    197.851   7.100  9.47448E-01  9.70579E-01 -2.36846E-02
    7310.442    200.566   7.150  9.49005E-01  9.70351E-01 -2.18619E-02
    7313.175    203.299   7.200  9.50943E-01  9.70122E-01 -1.96486E-02
    7315.928    206.052   7.250  9.53191E-01  9.69893E-01 -1.71162E-02
    7318.700    208.824   7.300  9.55678E-01  9.69664E-01 -1.43366E-02
    7321.491    211.615   7.350  9.58333E-01  9.69435E-01 -1.13843E-02
    7324.300    214.424   7.400  9.61077E-01  9.69207E-01 -8.33818E-03
    7327.129    217.253   7.450  9.63829E-01  9.68978E-01 -5.28248E-03
    7329.977    220.101   7.500  9.66503E-01  9.68749E-01 -2.30507E-03
    7332.844    222.968   7.550  9.69090E-01  9.68545E-01  5.59133E-04
    7335.730    225.854   7.600  9.71548E-01  9.68342E-01  3.29206E-03
    7338.636    228.760   7.650  9.73801E-01  9.68138E-01  5.81712E-03
    7341.560    231.684   7.700  9.75782E-01  9.67935E-01  8.06323E-03
    7344.503    234.627   7.750  9.77431E-01  9.67731E-01  9.96949E-03
    7347.465    237.589   7.800  9.78702E-01  9.67527E-01  1.14894E-02
    7350.447    240.571   7.850  9.79570E-01  9.67324E-01  1.25943E-02
    7353.447    243.571   7.900  9.80024E-01  9.67120E-01  1.32746E-02
    7356.466    246.590   7.950  9.80074E-01  9.66917E-01  1.35405E-02
    7359.505    249.629   8.000  9.79749E-01  9.66713E-01  1.34195E-02
    7362.562    252.686   8.050  9.78745E-01  9.65951E-01  1.31839E-02
    7365.639    255.763   8.100  9.77412E-01  9.65190E-01  1.26087E-02
    7368.734    258.858   8.150  9.75787E-01  9.64428E-01  1.17315E-02
    7371.849    261.973   8.200  9.73915E-01  9.63666E-01  1.05958E-02
    7374.983    265.107   8.250  9.71840E-01  9.62905E-01  9.24755E-03
    7378.136    268.260   8.300  9.69606E-01  9.62143E-01  7.73226E-03
    7381.307    271.431   8.350  9.67256E-01  9.61382E-01  6.09292E-03
    7384.498    274.622   8.400  9.64827E-01  9.60620E-01  4.36880E-03
    7387.708    277.832   8.450  9.62355E-01  9.59858E-01  2.59521E-03
    7390.937    281.061   8.500  9.59869E-01  9.59097E-01  8.04189E-04
    7394.185    284.309   8.550  9.56537E-01  9.57519E-01 -1.02398E-03
    7397.452    287.576   8.600  9.53229E-01  9.55941E-01 -2.83325E-03
    7400.738    290.862   8.650  9.49977E-01  9.54364E-01 -4.58944E-03
    7404.043    294.167   8.700  9.46818E-01  9.52786E-01 -6.25571E-03
    7407.368    297.492   8.750  9.43788E-01  9.51208E-01 -7.79209E-03
    7410.711    300.835   8.800  9.40928E-01  9.49630E-01 -9.15575E-03
    7414.073    304.197   8.850  9.38279E-01  9.48053E-01 -1.03021E-02
    7417.455    307.579   8.900  9.35881E-01  9.46475E-01 -1.11867E-02
    7420.855    310.979   8.950  9.33773E-01  9.44897E-01 -1.17679E-02
    7424.274    314.398   9.000  9.31988E-01  9.43320E-01 -1.20100E-02
    7427.713    317.837   9.050  9.30382E-01  9.41578E-01 -1.18876E-02
    7431.171    321.295   9.100  9.29127E-01  9.39835E-01 -1.13926E-02
    7434.647    324.771   9.150  9.28220E-01  9.38093E-01 -1.05242E-02
    7438.143    328.267   9.200  9.27646E-01  9.36351E-01 -9.29734E-03
    7441.658    331.782   9.250  9.27373E-01  9.34608E-01 -7.74314E-03
    7445.191    335.315   9.300  9.27355E-01  9.32866E-01 -5.90881E-03
    7448.744    338.868   9.350  9.27535E-01  9.31124E-01 -3.85599E-03
    7452.316    342.440   9.400  9.27841E-01  9.29382E-01 -1.65820E-03
    7455.907    346.031   9.450  9.28198E-01  9.27639E-01  6.02626E-04
    7459.517    349.641   9.500  9.28525E-01  9.25897E-01  2.84020E-03
    7463.146    353.270   9.550  9.29113E-01  9.24568E-01  4.91756E-03
    7466.794    356.918   9.600  9.29515E-01  9.23239E-01  6.79907E-03
    7470.461    360.585   9.650  9.29670E-01  9.21910E-01  8.41839E-03
    7474.147    364.271   9.700  9.29530E-01  9.20582E-01  9.72134E-03
    7477.852    367.976   9.750  9.29059E-01  9.19253E-01  1.06680E-02
    7481.577    371.701   9.800  9.28237E-01  9.17924E-01  1.12342E-02
    7485.320    375.444   9.850  9.27057E-01  9.16595E-01  1.14114E-02
    7489.082    379.206   9.900  9.25527E-01  9.15266E-01  1.12065E-02
    7492.864    382.988   9.950  9.23666E-01  9.13937E-01  1.06406E-02
    7496.664    386.788  10.000  9.21508E-01  9.12608E-01  9.74657E-03
    7500.484    390.608  10.050  9.20416E-01  9.12597E-01  8.56758E-03
    7504.322    394.446  10.100  9.19120E-01  9.12586E-01  7.16405E-03
    7508.180    398.304  10.150  9.17671E-01  9.12575E-01  5.59096E-03
    7512.057    402.181  10.200  9.16121E-01  9.12564E-01  3.90540E-03
    7515.952    406.076  10.250  9.14523E-01  9.12553E-01  2.16462E-03
    7519.867    409.991  10.300  9.12928E-01  9.12542E-01  4.24348E-04
    7523.801    413.925  10.350  9.11383E-01  9.12531E-01 -1.26252E-03
    7527.754    417.878  10.400  9.09932E-01  9.12519E-01 -2.84699E-03
    7531.726    421.850  10.450  9.08617E-01  9.12508E-01 -4.28476E-03
    7535.717    425.841  10.500  9.07472E-01  9.12497E-01 -5.53701E-03
    7539.727    429.851  10.550  9.06526E-01  9.12486E-01 -6.57098E-03
    7543.756    433.880  10.600  9.05803E-01  9.12475E-01 -7.36072E-03
    7547.804    437.928  10.650  9.05318E-01  9.12464E-01 -7.88777E-03
    7551.871    441.995  10.700  9.05082E-01  9.12453E-01 -8.14188E-03
    7555.957    446.081  10.750  9.05093E-01  9.12442E-01 -8.12169E-03
    7560.062    450.186  10.800  9.05346E-01  9.12431E-01 -7.83518E-03
    7564.187    454.311  10.850  9.05823E-01  9.12420E-01 -7.29986E-03
    7568.330    458.454  10.900  9.06500E-01  9.12409E-01 -6.54257E-03
    7572.492    462.616  10.950  9.07344E-01  9.12398E-01 -5.59868E-03
    7576.674    466.798  11.000  9.08318E-01  9.12387E-01 -4.51083E-03
    7580.874    470.998  11.050  9.06718E-01  9.09735E-01 -3.34938E-03
    7585.094    475.218  11.100  9.05177E-01  9.07083E-01 -2.11920E-03
    7589.333    479.457  11.150  9.03650E-01  9.04431E-01 -8.69384E-04
    7593.590    483.714  11.200  9.02094E-01  9.01779E-01  3.52045E-04
    7597.867    487.991  11.250  9.00470E-01  8.99127E-01  1.50046E-03
    7602.163    492.287  11.300  8.98741E-01  8.96475E-01  2.53667E-03
    7606.477    496.601  11.350  8.96881E-01  8.93823E-01  3.42861E-03
    7610.811    500.935  11.400  8.94869E-01  8.91171E-01  4.15252E-03
    7615.164    505.288  11.450  8.92693E-01  8.88519E-01  4.69354E-03
    7619.536    509.660  11.500  8.90347E-01  8.85867E-01  5.04572E-03
    7623.927    514.051  11.550  8.87835E-01  8.83215E-01  5.21144E-03
    7628.337    518.461  11.600  8.85165E-01  8.80563E-01  5.20036E-03
    7632.766    522.890  11.650  8.82354E-01  8.77911E-01  5.02804E-03
    7637.214    527.338  11.700  8.79418E-01  8.75259E-01  4.71432E-03
    7641.682    531.806  11.750  8.76378E-01  8.72607E-01  4.28170E-03
    7646.168    536.292  11.800  8.73256E-01  8.69955E-01  3.75383E-03
    7650.673    540.797  11.850  8.70072E-01  8.67303E-01  3.15425E-03
    7655.198    545.322  11.900  8.66847E-01  8.64651E-01  2.50543E-03
    7659.741    549.865  11.950  8.63599E-01  8.61999E-01  1.82817E-03
    7664.303    554.427  12.000  8.60344E-01  8.59347E-01  1.14130E-03
    7668.885    559.009  12.050  8.57179E-01  8.56833E-01  3.97454E-04
    7673.486    563.610  12.100  8.54033E-01  8.54318E-01 -3.27693E-04
    7678.105    568.229  12.150  8.50922E-01  8.51804E-01 -1.01507E-03
    7682.744    572.868  12.200  8.47860E-01  8.49290E-01 -1.64881E-03
    7687.401    577.525  12.250  8.44857E-01  8.46775E-01 -2.21571E-03
    7692.078    582.202  12.300  8.41924E-01  8.44261E-01 -2.70455E-03
    7696.774    586.898  12.350  8.39069E-01  8.41746E-01 -3.10558E-03
    7701.489    591.613  12.400  8.36297E-01  8.39232E-01 -3.41015E-03
    7706.223    596.347  12.450  8.33616E-01  8.36718E-01 -3.61060E-03
    7710.976    601.100  12.500  8.31031E-01  8.34203E-01 -3.70048E-03
    7715.748    605.872  12.550  8.28544E-01  8.31689E-01 -3.67511E-03
    7720.539    610.663  12.600  8.26158E-01  8.29174E-01 -3.53218E-03
    7725.349    615.473  12.650  8.23871E-01  8.26660E-01 -3.27259E-03
    7730.178    620.302  12.700  8.21678E-01  8.24146E-01 -2.90106E-03
    7735.026    625.150  12.750  8.19571E-01  8.21631E-01 -2.42674E-03
    7739.894    630.018  12.800  8.17538E-01  8.19117E-01 -1.86341E-03
    7744.780    634.904  12.850  8.15563E-01  8.16603E-01 -1.22933E-03
    7749.685    639.809  12.900  8.13627E-01  8.14088E-01 -5.46831E-04
    7754.610    644.734  12.950  8.11707E-01  8.11574E-01  1.58564E-04
    7759.553    649.677  13.000  8.09782E-01  8.09059E-01  8.59295E-04
    7764.516    654.640  13.050  8.10095E-01  8.08842E-01  1.49216E-03
    7769.497    659.621  13.100  8.10350E-01  8.08624E-01  2.05813E-03
    7774.498    664.622  13.150  8.10533E-01  8.08407E-01  2.53869E-03
    7779.517    669.641  13.200  8.10632E-01  8.08189E-01  2.91956E-03
    7784.556    674.680  13.250  8.10638E-01  8.07972E-01  3.19094E-03
    7789.614    679.738  13.300  8.10547E-01  8.07754E-01  3.34762E-03
    7794.691    684.815  13.350  8.10361E-01  8.07537E-01  3.38868E-03
    7799.786    689.911  13.400  8.10080E-01  8.07319E-01  3.31716E-03
    7804.901    695.025  13.450  8.09711E-01  8.07101E-01  3.13947E-03
    7810.035    700.159  13.500  8.09262E-01  8.06884E-01  2.86491E-03
    7815.188    705.312  13.550  8.08743E-01  8.06666E-01  2.50506E-03
    7820.360    710.484  13.600  8.08166E-01  8.06449E-01  2.07336E-03
    7825.552    715.676  13.650  8.07542E-01  8.06231E-01  1.58464E-03
    7830.762    720.886  13.700  8.06885E-01  8.06014E-01  1.05484E-03
    7835.991    726.115  13.750  8.06209E-01  8.05796E-01  5.00658E-04
    7841.239    731.363  13.800  8.05529E-01  8.05578E-01 -6.06345E-05
    7846.506    736.630  13.850  8.04858E-01  8.05361E-01 -6.11539E-04
    7851.793    741.917  13.900  8.04211E-01  8.05143E-01 -1.13464E-03
    7857.098    747.222  13.950  8.03602E-01  8.04926E-01 -1.61303E-03
    7862.423    752.547  14.000  8.03044E-01  8.04708E-01 -2.03083E-03
    7867.766    757.890  14.050  8.02280E-01  8.04219E-01 -2.37063E-03
    7873.129    763.253  14.100  8.01586E-01  8.03729E-01 -2.62646E-03
    7878.510    768.634  14.150  8.00968E-01  8.03240E-01 -2.78905E-03
    7883.911    774.035  14.200  8.00432E-01  8.02750E-01 -2.85257E-03
    7889.331    779.455  14.250  7.99977E-01  8.02261E-01 -2.81510E-03
    7894.769    784.893  14.300  7.99603E-01  8.01771E-01 -2.67885E-03
    7900.227    790.351  14.350  7.99302E-01  8.01282E-01 -2.45025E-03
    7905.704    795.828  14.400  7.99067E-01  8.00793E-01 -2.13972E-03
    7911.200    801.324  14.450  7.98886E-01  8.00303E-01 -1.76130E-03
    7916.715    806.839  14.500  7.98744E-01  7.99814E-01 -1.33187E-03
    7922.249    812.373  14.550  7.98627E-01  7.99324E-01 -8.70326E-04
    7927.802    817.926  14.600  7.98518E-01  7.98835E-01 -3.96534E-04
    7933.374    823.498  14.650  7.98401E-01  7.98345E-01  6.97936E-05
    7938.965    829.089  14.700  7.98262E-01  7.97856E-01  5.10175E-04
    7944.575    834.699  14.750  7.98088E-01  7.97366E-01  9.08345E-04
    7950.205    840.329  14.800  7.97869E-01  7.96877E-01  1.25106E-03
    7955.853    845.977  14.850  7.97597E-01  7.96387E-01  1.52865E-03
    7961.520    851.644  14.900  7.97268E-01  7.95898E-01  1.73528E-03
    7967.207    857.331  14.950  7.96881E-01  7.95409E-01  1.86894E-03
    7972.912    863.036  15.000  7.96438E-01  7.94919E-01  1.93114E-03
    7978.637    868.761  15.050  7.95367E-01  7.93829E-01  1.95938E-03
    7984.380    874.504  15.100  7.94240E-01  7.92739E-01  1.91648E-03
    7990.143    880.267  15.150  7.93062E-01  7.91649E-01  1.80780E-03
    7995.924    886.048  15.200  7.91839E-01  7.90560E-01  1.64083E-03
    8001.725    891.849  15.250  7.90579E-01  7.89470E-01  1.42463E-03
    8007.545    897.669  15.300  7.89288E-01  7.88380E-01  1.16921E-03
    8013.384    903.508  15.350  7.87976E-01  7.87290E-01  8.85045E-04
    8019.242    909.366  15.400  7.86651E-01  7.86200E-01  5.82669E-04
    8025.118    915.242  15.450  7.85320E-01  7.85110E-01  2.72343E-04
    8031.014    921.138  15.500  7.83992E-01  7.84020E-01 -3.61377E-05
    8036.929    927.053  15.550  7.82674E-01  7.82930E-01 -3.33575E-04
    8042.863    932.987  15.600  7.81371E-01  7.81841E-01 -6.11452E-04
    8048.817    938.941  15.650  7.80091E-01  7.80751E-01 -8.62001E-04
    8054.789    944.913  15.700  7.78837E-01  7.79661E-01 -1.07829E-03
    8060.780    950.904  15.750  7.77614E-01  7.78571E-01 -1.25435E-03
    8066.790    956.914  15.800  7.76427E-01  7.77481E-01 -1.38534E-03
    8072.819    962.943  15.850  7.75277E-01  7.76391E-01 -1.46773E-03
    8078.868    968.992  15.900  7.74165E-01  7.75301E-01 -1.49951E-03
    8084.935    975.059  15.950  7.73092E-01  7.74211E-01 -1.48036E-03
    8091.022    981.146  16.000  7.72056E-01  7.73122E-01 -1.41174E-03
    8097.127    987.251  16.050  7.70476E-01  7.71458E-01 -1.30437E-03
    8103.252    993.376  16.100  7.68934E-01  7.69795E-01 -1.14610E-03
    8109.395    999.519  16.150  7.67425E-01  7.68132E-01 -9.42973E-04
    8115.558   1005.682  16.200  7.65942E-01  7.66469E-01 -7.03308E-04
    8121.740   1011.864  16.250  7.64479E-01  7.64806E-01 -4.37218E-04
    8127.940   1018.064  16.300  7.63027E-01  7.63143E-01 -1.56052E-04
    8134.160   1024.284  16.350  7.61576E-01  7.61480E-01  1.28259E-04
    8140.399   1030.523  16.400  7.60118E-01  7.59817E-01  4.03876E-04
    8146.657   1036.781  16.450  7.58644E-01  7.58154E-01  6.59671E-04
    8152.934   1043.058  16.500  7.57147E-01  7.56491E-01  8.85752E-04
    8159.230   1049.354  16.550  7.55622E-01  7.54828E-01  1.07386E-03
    8165.545   1055.669  16.600  7.54064E-01  7.53165E-01  1.21761E-03
    8171.879   1062.003  16.650  7.52469E-01  7.51502E-01  1.31263E-03
    8178.232   1068.356  16.700  7.50837E-01  7.49839E-01  1.35650E-03
    8184.604   1074.728  16.750  7.49166E-01  7.48176E-01  1.34876E-03
    8190.996   1081.120  16.800  7.47459E-01  7.46513E-01  1.29066E-03
    8197.406   1087.530  16.850  7.45717E-01  7.44850E-01  1.18511E-03
    8203.835   1093.959  16.900  7.43944E-01  7.43187E-01  1.03646E-03
    8210.284   1100.408  16.950  7.42144E-01  7.41523E-01  8.50375E-04
    8216.751   1106.875  17.000  7.40322E-01  7.39860E-01  6.33728E-04
    8223.238   1113.362  17.050  7.36981E-01  7.36680E-01  4.15238E-04
    8229.743   1119.867  17.100  7.33631E-01  7.33499E-01  1.82398E-04
    8236.268   1126.392  17.150  7.30277E-01  7.30318E-01 -5.75726E-05
    8242.811   1132.935  17.200  7.26923E-01  7.27137E-01 -2.96804E-04
    8249.374   1139.498  17.250  7.23578E-01  7.23957E-01 -5.27005E-04
    8255.956   1146.080  17.300  7.20245E-01  7.20776E-01 -7.39782E-04
    8262.557   1152.681  17.350  7.16931E-01  7.17595E-01 -9.27024E-04
    8269.177   1159.301  17.400  7.13642E-01  7.14414E-01 -1.08133E-03
    8275.815   1165.939  17.450  7.10381E-01  7.11234E-01 -1.19642E-03
    8282.473   1172.597  17.500  7.07152E-01  7.08053E-01 -1.26751E-03
    8289.150   1179.274  17.550  7.03956E-01  7.04872E-01 -1.29163E-03
    8295.846   1185.970  17.600  7.00794E-01  7.01691E-01 -1.26779E-03
    8302.562   1192.686  17.650  6.97666E-01  6.98511E-01 -1.19709E-03
    8309.296   1199.420  17.700  6.94568E-01  6.95330E-01 -1.08266E-03
    8316.049   1206.173  17.750  6.91496E-01  6.92149E-01 -9.29510E-04
    8322.821   1212.945  17.800  6.88447E-01  6.88968E-01 -7.44279E-04
    8329.612   1219.736  17.850  6.85414E-01  6.85788E-01 -5.34892E-04
    8336.423   1226.547  17.900  6.82391E-01  6.82607E-01 -3.10160E-04
    8343.252   1233.376  17.950  6.79371E-01  6.79426E-01 -7.93258E-05
    8350.101   1240.225  18.000  6.76348E-01  6.76245E-01  1.48394E-04
    8356.968   1247.092  18.050  6.74995E-01  6.74751E-01  3.52072E-04
    8363.855   1253.979  18.100  6.73626E-01  6.73257E-01  5.34837E-04
    8370.760   1260.884  18.150  6.72240E-01  6.71762E-01  6.93296E-04
    8377.685   1267.809  18.200  6.70835E-01  6.70268E-01  8.25276E-04
    8384.629   1274.753  18.250  6.69411E-01  6.68773E-01  9.29368E-04
    8391.591   1281.715  18.300  6.67967E-01  6.67279E-01  1.00453E-03
    8398.573   1288.697  18.350  6.66502E-01  6.65785E-01  1.04981E-03
    8405.574   1295.698  18.400  6.65016E-01  6.64290E-01  1.06432E-03
    8412.594   1302.718  18.450  6.63509E-01  6.62796E-01  1.04728E-03
    8419.633   1309.757  18.500  6.61979E-01  6.61301E-01  9.98365E-04
    8426.691   1316.815  18.550  6.60429E-01  6.59807E-01  9.17986E-04
    8433.768   1323.892  18.600  6.58859E-01  6.58313E-01  8.07681E-04
    8440.864   1330.988  18.650  6.57271E-01  6.56818E-01  6.70350E-04
    8447.979   1338.103  18.700  6.55667E-01  6.55324E-01  5.10361E-04
    8455.113   1345.237  18.750  6.54054E-01  6.53830E-01  3.33462E-04
    8462.267   1352.391  18.800  6.52433E-01  6.52335E-01  1.46513E-04
    8469.439   1359.563  18.850  6.50812E-01  6.50841E-01 -4.29360E-05
    8476.630   1366.754  18.900  6.49195E-01  6.49346E-01 -2.27153E-04
    8483.841   1373.965  18.950  6.47587E-01  6.47852E-01 -3.98744E-04
    8491.070   1381.194  19.000  6.45992E-01  6.46358E-01 -5.51125E-04
    8498.318   1388.442  19.050  6.45337E-01  6.45792E-01 -6.85699E-04
    8505.586   1395.710  19.100  6.44702E-01  6.45226E-01 -7.92536E-04
    8512.873   1402.997  19.150  6.44087E-01  6.44660E-01 -8.67933E-04
    8520.178   1410.302  19.200  6.43495E-01  6.44094E-01 -9.09422E-04
    8527.503   1417.627  19.250  6.42927E-01  6.43528E-01 -9.15916E-04
    8534.847   1424.971  19.300  6.42380E-01  6.42962E-01 -8.87779E-04
    8542.210   1432.334  19.350  6.41856E-01  6.42397E-01 -8.26822E-04
    8549.591   1439.715  19.400  6.41350E-01  6.41831E-01 -7.36222E-04
    8556.992   1447.116  19.450  6.40861E-01  6.41265E-01 -6.20365E-04
    8564.412   1454.536  19.500  6.40384E-01  6.40699E-01 -4.84615E-04
    8571.851   1461.975  19.550  6.39916E-01  6.40133E-01 -3.35017E-04
    8579.309   1469.433  19.600  6.39452E-01  6.39567E-01 -1.77955E-04
    8586.786   1476.910  19.650  6.38988E-01  6.39001E-01 -1.97843E-05
    8594.282   1484.406  19.700  6.38521E-01  6.38435E-01  1.33517E-04
    8601.798   1491.922  19.750  6.38047E-01  6.37869E-01  2.76645E-04
    8609.332   1499.456  19.800  6.37563E-01  6.37304E-01  4.05164E-04
    8616.885   1507.009  19.850  6.37068E-01  6.36738E-01  5.15580E-04
    8624.458   1514.582  19.900  6.36558E-01  6.36172E-01  6.05284E-04
    8632.049   1522.173  19.950  6.36034E-01  6.35606E-01  6.72388E-04
    8639.659   1529.783  20.000  6.35495E-01  6.35040E-01  7.15526E-04
