# data from ifeffit
#------------------------
#   k         chi       k         chi         dchi         win
  0.0000000       0.20078020        0.0000000      -0.45088207       0.27280517E-01    0.0000000
  0.50000000E-01   0.20133084       0.50000000E-01  -0.44515352       0.28132898E-01    0.0000000
  0.10000000       0.20299931       0.10000000      -0.42942497       0.27541137E-01    0.0000000
  0.15000000       0.20583776       0.15000000      -0.41369642       0.27060424E-01    0.0000000
  0.20000000       0.20994230       0.20000000      -0.39796787       0.27117630E-01    0.0000000
  0.25000000       0.21547074       0.25000000      -0.38223932       0.27245932E-01    0.0000000
  0.30000000       0.22267883       0.30000000      -0.36651077       0.27149163E-01    0.0000000
  0.35000000       0.23199957       0.35000000      -0.35006694       0.26884656E-01    0.0000000
  0.40000000       0.24424746       0.40000000      -0.33338932       0.26523588E-01    0.0000000
  0.45000000       0.26132398       0.45000000      -0.32038238       0.27041081E-01    0.0000000
  0.50000000       0.29150074       0.50000000      -0.31184631       0.26488582E-01    0.0000000
  0.55000000      -0.36250700       0.55000000      -0.30777071       0.26876095E-01    0.0000000
  0.60000000      -0.43410054       0.60000000      -0.30798927       0.26471086E-01    0.0000000
  0.65000000      -0.48829213       0.65000000      -0.30949549       0.26441226E-01    0.0000000
  0.70000000      -0.55738404       0.70000000      -0.30970168       0.26242393E-01    0.0000000
  0.75000000      -0.61473131       0.75000000      -0.30583683       0.26325060E-01    0.0000000
  0.80000000      -0.66467075       0.80000000      -0.29585881       0.26543309E-01    0.0000000
  0.85000000      -0.70971633       0.85000000      -0.28078391       0.26098532E-01    0.0000000
  0.90000000      -0.74011218       0.90000000      -0.26030827       0.25428501E-01    0.0000000
  0.95000000      -0.75660477       0.95000000      -0.23311361       0.25360954E-01    0.0000000
  1.0000000      -0.75089366        1.0000000      -0.19974311       0.24832585E-01    0.0000000
  1.0500000      -0.72570668        1.0500000      -0.16214337       0.24755780E-01    0.0000000
  1.1000000      -0.68264178        1.1000000      -0.12260952       0.25000923E-01    0.0000000
  1.1500000      -0.61335664        1.1500000      -0.80677903E-01   0.24781598E-01    0.0000000
  1.2000000      -0.51770760        1.2000000      -0.41346717E-01   0.25386396E-01    0.0000000
  1.2500000      -0.40743522        1.2500000      -0.37809822E-02   0.24545888E-01    0.0000000
  1.3000000      -0.28649080        1.3000000       0.35341751E-01   0.25058655E-01    0.0000000
  1.3500000      -0.13937487        1.3500000       0.72813933E-01   0.25030671E-01    0.0000000
  1.4000000       0.10565556E-01    1.4000000       0.11283095       0.24661851E-01    0.0000000
  1.4500000       0.15577603        1.4500000       0.15678201       0.24748792E-01    0.0000000
  1.5000000       0.29415596        1.5000000       0.20398024       0.25076592E-01    0.0000000
  1.5500000       0.42764702        1.5500000       0.25764457       0.25252609E-01    0.0000000
  1.6000000       0.53883898        1.6000000       0.29863523       0.24948510E-01    0.0000000
  1.6500000       0.62550240        1.6500000       0.33776320       0.24930965E-01    0.0000000
  1.7000000       0.68739709        1.7000000       0.36413527       0.24225479E-01    0.0000000
  1.7500000       0.72157548        1.7500000       0.37322317       0.24276777E-01    0.0000000
  1.8000000       0.72815577        1.8000000       0.35773205       0.25034679E-01    0.0000000
  1.8500000       0.71102038        1.8500000       0.31983868       0.24070842E-01    0.0000000
  1.9000000       0.67113719        1.9000000       0.26881470       0.24630577E-01    0.0000000
  1.9500000       0.61302903        1.9500000       0.19101022       0.24561483E-01    0.0000000
  2.0000000       0.54509475        2.0000000       0.13857843       0.24407489E-01    0.0000000
  2.0500000       0.47284362        2.0500000       0.84976222E-01   0.24448499E-01    0.0000000
  2.1000000       0.39604242        2.1000000       0.29100565E-01   0.24276014E-01    0.0000000
  2.1500000       0.32173671        2.1500000      -0.24952554E-02   0.24253561E-01    0.0000000
  2.2000000       0.25447136        2.2000000      -0.22026915E-01   0.24511360E-01    0.0000000
  2.2500000       0.19528293        2.2500000      -0.40413259E-01   0.24775499E-01    0.0000000
  2.3000000       0.14079753        2.3000000      -0.51194313E-01   0.23997443E-01    0.0000000
  2.3500000       0.93614253E-01    2.3500000      -0.60185423E-01   0.23902885E-01    0.0000000
  2.4000000       0.52918813E-01    2.4000000      -0.64068723E-01   0.24566071E-01    0.0000000
  2.4500000       0.17003056E-01    2.4500000      -0.69135683E-01   0.24281902E-01    0.0000000
  2.5000000      -0.17593658E-01    2.5000000      -0.75064148E-01   0.24044681E-01    0.0000000
  2.5500000      -0.49521134E-01    2.5500000      -0.79418152E-01   0.24172612E-01    0.0000000
  2.6000000      -0.79044847E-01    2.6000000      -0.85197679E-01   0.24042202E-01    0.0000000
  2.6500000      -0.10605870        2.6500000      -0.93198912E-01   0.23806786E-01    0.0000000
  2.7000000      -0.13139513        2.7000000      -0.99342021E-01   0.23967600E-01    0.0000000
  2.7500000      -0.15210647        2.7500000      -0.10614198       0.23715746E-01    0.0000000
  2.8000000      -0.16760103        2.8000000      -0.10899277       0.23801489E-01    0.0000000
  2.8500000      -0.17752664        2.8500000      -0.11385421       0.23609353E-01    0.0000000
  2.9000000      -0.17996681        2.9000000      -0.11668069       0.23524090E-01    0.0000000
  2.9500000      -0.17674660        2.9500000      -0.11906781       0.23942424E-01    0.0000000
  3.0000000      -0.16945997        3.0000000      -0.11853480       0.22944834E-01    0.0000000
  3.0500000      -0.16034999        3.0500000      -0.11764419       0.23857538E-01    0.0000000
  3.1000000      -0.15334165        3.1000000      -0.11427387       0.23405479E-01    0.0000000
  3.1500000      -0.14533617        3.1500000      -0.10919315       0.23472184E-01    0.0000000
  3.2000000      -0.13655757        3.2000000      -0.10126963       0.23282216E-01    0.0000000
  3.2500000      -0.12694530        3.2500000      -0.91625048E-01   0.24242018E-01    0.0000000
  3.3000000      -0.11753414        3.3000000      -0.81858497E-01   0.23582762E-01    0.0000000
  3.3500000      -0.10762034        3.3500000      -0.73187156E-01   0.23693027E-01   0.89232366E-30
  3.4000000      -0.96769163E-01    3.4000000      -0.59547669E-01   0.22919309E-01   0.66986993E-01
  3.4500000      -0.84890534E-01    3.4500000      -0.48319503E-01   0.23265255E-01   0.24999894
  3.5000000      -0.72564977E-01    3.5000000      -0.37150374E-01   0.23431199E-01   0.49999817
  3.5500000      -0.58874182E-01    3.5500000      -0.24607683E-01   0.23488225E-01   0.74999788
  3.6000000      -0.43916834E-01    3.6000000      -0.12304871E-01   0.23111459E-01   0.93301117
  3.6500000      -0.28102847E-01    3.6500000       0.19757816E-02   0.23202119E-01   1.00000000
  3.7000000      -0.11930513E-01    3.7000000       0.17942736E-01   0.22700022E-01    1.0000000
  3.7500000       0.44437843E-02    3.7500000       0.29766498E-01   0.22821729E-01    1.0000000
  3.8000000       0.20447142E-01    3.8000000       0.39934461E-01   0.23006441E-01    1.0000000
  3.8500000       0.35527462E-01    3.8500000       0.49749876E-01   0.22249196E-01    1.0000000
  3.9000000       0.49269907E-01    3.9000000       0.58847540E-01   0.22587295E-01    1.0000000
  3.9500000       0.61196524E-01    3.9500000       0.67454676E-01   0.22392636E-01    1.0000000
  4.0000000       0.70951277E-01    4.0000000       0.73300702E-01   0.22833320E-01    1.0000000
  4.0500000       0.78418698E-01    4.0500000       0.78545539E-01   0.22453221E-01    1.0000000
  4.1000000       0.83574341E-01    4.1000000       0.84087470E-01   0.22315085E-01    1.0000000
  4.1500000       0.86181637E-01    4.1500000       0.86801143E-01   0.22621917E-01    1.0000000
  4.2000000       0.86340121E-01    4.2000000       0.87987304E-01   0.22312871E-01    1.0000000
  4.2500000       0.84365556E-01    4.2500000       0.88129718E-01   0.22320956E-01    1.0000000
  4.3000000       0.80588268E-01    4.3000000       0.85817986E-01   0.22172216E-01    1.0000000
  4.3500000       0.75089439E-01    4.3500000       0.82793656E-01   0.21961179E-01    1.0000000
  4.4000000       0.68185183E-01    4.4000000       0.78206869E-01   0.21757344E-01    1.0000000
  4.4500000       0.60239290E-01    4.4500000       0.70966359E-01   0.21596067E-01    1.0000000
  4.5000000       0.51497108E-01    4.5000000       0.63666074E-01   0.21859645E-01    1.0000000
  4.5500000       0.42187959E-01    4.5500000       0.55107538E-01   0.21661503E-01    1.0000000
  4.6000000       0.32611960E-01    4.6000000       0.45687239E-01   0.21562671E-01    1.0000000
  4.6500000       0.23093518E-01    4.6500000       0.36041152E-01   0.21106745E-01    1.0000000
  4.7000000       0.13831017E-01    4.7000000       0.25888202E-01   0.21253754E-01    1.0000000
  4.7500000       0.49196931E-02    4.7500000       0.14369953E-01   0.21279085E-01    1.0000000
  4.8000000      -0.34871536E-02    4.8000000       0.36345691E-02   0.20928736E-01    1.0000000
  4.8500000      -0.11340386E-01    4.8500000      -0.41349494E-02   0.21294041E-01    1.0000000
  4.9000000      -0.18602234E-01    4.9000000      -0.13123383E-01   0.20185049E-01    1.0000000
  4.9500000      -0.25123538E-01    4.9500000      -0.22271998E-01   0.20650355E-01    1.0000000
  5.0000000      -0.30837453E-01    5.0000000      -0.29583441E-01   0.20400193E-01    1.0000000
  5.0500000      -0.35796550E-01    5.0500000      -0.35709306E-01   0.19757294E-01    1.0000000
  5.1000000      -0.39961961E-01    5.1000000      -0.41236947E-01   0.18931417E-01    1.0000000
  5.1500000      -0.43151597E-01    5.1500000      -0.44813420E-01   0.18994271E-01    1.0000000
  5.2000000      -0.45306833E-01    5.2000000      -0.47071493E-01   0.18010941E-01    1.0000000
  5.2500000      -0.46498393E-01    5.2500000      -0.48701629E-01   0.18035108E-01    1.0000000
  5.3000000      -0.46692472E-01    5.3000000      -0.48224036E-01   0.17132342E-01    1.0000000
  5.3500000      -0.45742842E-01    5.3500000      -0.46922514E-01   0.16462571E-01    1.0000000
  5.4000000      -0.43655607E-01    5.4000000      -0.45078404E-01   0.16036593E-01    1.0000000
  5.4500000      -0.40526711E-01    5.4500000      -0.41931361E-01   0.16134166E-01    1.0000000
  5.5000000      -0.36412413E-01    5.5000000      -0.37906172E-01   0.15927869E-01    1.0000000
  5.5500000      -0.31381321E-01    5.5500000      -0.33380855E-01   0.15426616E-01    1.0000000
  5.6000000      -0.25600195E-01    5.6000000      -0.28595557E-01   0.15329811E-01    1.0000000
  5.6500000      -0.19268190E-01    5.6500000      -0.22402548E-01   0.15221630E-01    1.0000000
  5.7000000      -0.12563104E-01    5.7000000      -0.16356151E-01   0.15071755E-01    1.0000000
  5.7500000      -0.57113800E-02    5.7500000      -0.10739510E-01   0.15286205E-01    1.0000000
  5.8000000       0.10473283E-02    5.8000000      -0.47654844E-02   0.14697094E-01    1.0000000
  5.8500000       0.75597541E-02    5.8500000       0.11543718E-02   0.14446574E-01    1.0000000
  5.9000000       0.13632363E-01    5.9000000       0.67125330E-02   0.14048818E-01    1.0000000
  5.9500000       0.19031583E-01    5.9500000       0.12283429E-01   0.13180285E-01    1.0000000
  6.0000000       0.23616038E-01    6.0000000       0.17903880E-01   0.12459719E-01    1.0000000
  6.0500000       0.27395305E-01    6.0500000       0.25223048E-01   0.12164692E-01    1.0000000
  6.1000000       0.30268995E-01    6.1000000       0.28567435E-01   0.11883446E-01    1.0000000
  6.1500000       0.32116752E-01    6.1500000       0.27799594E-01   0.11309742E-01    1.0000000
  6.2000000       0.32943163E-01    6.2000000       0.28341898E-01   0.10970547E-01    1.0000000
  6.2500000       0.32785488E-01    6.2500000       0.29099404E-01   0.10248925E-01    1.0000000
  6.3000000       0.31707822E-01    6.3000000       0.28542536E-01   0.10279519E-01    1.0000000
  6.3500000       0.29795612E-01    6.3500000       0.25874139E-01   0.98782502E-02    1.0000000
  6.4000000       0.27150975E-01    6.4000000       0.23229539E-01   0.93907741E-02    1.0000000
  6.4500000       0.23888907E-01    6.4500000       0.20293729E-01   0.91789299E-02    1.0000000
  6.5000000       0.20134195E-01    6.5000000       0.16005538E-01   0.90981332E-02    1.0000000
  6.5500000       0.15948540E-01    6.5500000       0.11271089E-01   0.88747373E-02    1.0000000
  6.6000000       0.11457223E-01    6.6000000       0.57825857E-02   0.90165900E-02    1.0000000
  6.6500000       0.68489869E-02    6.6500000       0.13872608E-02   0.86752314E-02    1.0000000
  6.7000000       0.22730129E-02    6.7000000      -0.22653415E-02   0.85438059E-02    1.0000000
  6.7500000      -0.21291375E-02    6.7500000      -0.62371202E-02   0.86357416E-02    1.0000000
  6.8000000      -0.62288869E-02    6.8000000      -0.10379194E-01   0.85836032E-02    1.0000000
  6.8500000      -0.99156899E-02    6.8500000      -0.14083010E-01   0.84133018E-02    1.0000000
  6.9000000      -0.13101225E-01    6.9000000      -0.15753387E-01   0.85119357E-02    1.0000000
  6.9500000      -0.15722215E-01    6.9500000      -0.17339440E-01   0.81830662E-02    1.0000000
  7.0000000      -0.17741517E-01    7.0000000      -0.19336705E-01   0.29325998E-01    1.0000000
  7.0500000      -0.19178557E-01    7.0500000      -0.19422396E-01   0.21220851E-01    1.0000000
  7.1000000      -0.19994287E-01    7.1000000      -0.20176993E-01   0.16774958E-01    1.0000000
  7.1500000      -0.20190856E-01    7.1500000      -0.20076070E-01   0.14035901E-01    1.0000000
  7.2000000      -0.19814973E-01    7.2000000      -0.18972673E-01   0.12426280E-01    1.0000000
  7.2500000      -0.18925687E-01    7.2500000      -0.18707181E-01   0.11127214E-01    1.0000000
  7.3000000      -0.17589394E-01    7.3000000      -0.17821064E-01   0.10313625E-01    1.0000000
  7.3500000      -0.15875620E-01    7.3500000      -0.15727103E-01   0.92652880E-02    1.0000000
  7.4000000      -0.13853918E-01    7.4000000      -0.13296077E-01   0.87079614E-02    1.0000000
  7.4500000      -0.11592041E-01    7.4500000      -0.11464291E-01   0.79743485E-02    1.0000000
  7.5000000      -0.91552670E-02    7.5000000      -0.92695656E-02   0.74845456E-02    1.0000000
  7.5500000      -0.65653281E-02    7.5500000      -0.69626145E-02   0.71046637E-02    1.0000000
  7.6000000      -0.39087718E-02    7.6000000      -0.40101648E-02   0.67566763E-02    1.0000000
  7.6500000      -0.12750629E-02    7.6500000      -0.16828208E-02   0.64463625E-02    1.0000000
  7.7000000       0.12710788E-02    7.7000000       0.10712556E-02   0.63492746E-02    1.0000000
  7.7500000       0.36675002E-02    7.7500000       0.43272418E-02   0.62065438E-02    1.0000000
  7.8000000       0.58557223E-02    7.8000000       0.58433204E-02   0.60763059E-02    1.0000000
  7.8500000       0.77826064E-02    7.8500000       0.74317994E-02   0.59958689E-02    1.0000000
  7.9000000       0.94023934E-02    7.9000000       0.93929982E-02   0.59536279E-02    1.0000000
  7.9500000       0.10678836E-01    7.9500000       0.11050900E-01   0.58517829E-02    1.0000000
  8.0000000       0.11587100E-01    8.0000000       0.11751090E-01   0.59456633E-02    1.0000000
  8.0500000       0.12112298E-01    8.0500000       0.12323187E-01   0.60215196E-02    1.0000000
  8.1000000       0.12256842E-01    8.1000000       0.12992225E-01   0.61551463E-02    1.0000000
  8.1500000       0.12037356E-01    8.1500000       0.12320852E-01   0.60433201E-02    1.0000000
  8.2000000       0.11481140E-01    8.2000000       0.11932738E-01   0.61170766E-02    1.0000000
  8.2500000       0.10625597E-01    8.2500000       0.12279566E-01   0.62934511E-02    1.0000000
  8.3000000       0.95159409E-02    8.3000000       0.11536445E-01   0.63090397E-02    1.0000000
  8.3500000       0.82026344E-02    8.3500000       0.10411434E-01   0.65416018E-02    1.0000000
  8.4000000       0.67387898E-02    8.4000000       0.87842484E-02   0.65551320E-02    1.0000000
  8.4500000       0.51777587E-02    8.4500000       0.72783745E-02   0.65362363E-02    1.0000000
  8.5000000       0.35710811E-02    8.5000000       0.53379064E-02   0.65358851E-02    1.0000000
  8.5500000       0.19749132E-02    8.5500000       0.32604381E-02   0.66808288E-02    1.0000000
  8.6000000       0.42176033E-03    8.6000000       0.25267076E-02   0.67878617E-02    1.0000000
  8.6500000      -0.10545751E-02    8.6500000       0.60419728E-03   0.68621568E-02    1.0000000
  8.7000000      -0.24207633E-02    8.7000000      -0.59422210E-03   0.69769719E-02    1.0000000
  8.7500000      -0.36488221E-02    8.7500000      -0.15588764E-02   0.71252135E-02    1.0000000
  8.8000000      -0.47159825E-02    8.8000000      -0.33767685E-02   0.72753024E-02    1.0000000
  8.8500000      -0.56044572E-02    8.8500000      -0.40427686E-02   0.73765328E-02    1.0000000
  8.9000000      -0.63012020E-02    8.9000000      -0.47232524E-02   0.74189224E-02    1.0000000
  8.9500000      -0.67977393E-02    8.9500000      -0.54231221E-02   0.75891645E-02    1.0000000
  9.0000000      -0.70900776E-02    9.0000000      -0.60206035E-02   0.75886221E-02    1.0000000
  9.0500000      -0.72081843E-02    9.0500000      -0.65791397E-02   0.77753301E-02    1.0000000
  9.1000000      -0.71396616E-02    9.1000000      -0.60188325E-02   0.78512875E-02    1.0000000
  9.1500000      -0.68799556E-02    9.1500000      -0.51847549E-02   0.81093169E-02    1.0000000
  9.2000000      -0.64409629E-02    9.2000000      -0.48457735E-02   0.82619490E-02    1.0000000
  9.2500000      -0.58390124E-02    9.2500000      -0.43115706E-02   0.83806600E-02    1.0000000
  9.3000000      -0.50946688E-02    9.3000000      -0.35829306E-02   0.86436540E-02    1.0000000
  9.3500000      -0.42323680E-02    9.3500000      -0.28120699E-02   0.86388180E-02    1.0000000
  9.4000000      -0.32798541E-02    9.4000000      -0.21249638E-02   0.89592221E-02    1.0000000
  9.4500000      -0.22674103E-02    9.4500000      -0.12379051E-02   0.90252142E-02    1.0000000
  9.5000000      -0.12269006E-02    9.5000000      -0.19918157E-03   0.93354495E-02    1.0000000
  9.5500000      -0.17354200E-03    9.5500000       0.73124962E-03   0.92877940E-02    1.0000000
  9.6000000       0.85993463E-03    9.6000000       0.18110052E-02   0.94504224E-02    1.0000000
  9.6500000       0.18364810E-02    9.6500000       0.28029021E-02   0.95144607E-02    1.0000000
  9.7000000       0.27263768E-02    9.7000000       0.39426294E-02   0.96695251E-02    1.0000000
  9.7500000       0.35035021E-02    9.7500000       0.48891527E-02   0.96999021E-02    1.0000000
  9.8000000       0.41462636E-02    9.8000000       0.60955663E-02   0.97472679E-02    1.0000000
  9.8500000       0.46382910E-02    9.8500000       0.64751167E-02   0.98685338E-02    1.0000000
  9.9000000       0.49688723E-02    9.9000000       0.59504699E-02   0.98734243E-02    1.0000000
  9.9500000       0.51331170E-02    9.9500000       0.56748709E-02   0.99139581E-02    1.0000000
  10.000000       0.51318623E-02    10.000000       0.60732699E-02   0.98298986E-02    1.0000000
  10.050000       0.49870374E-02    10.050000       0.62133056E-02   0.97355381E-02    1.0000000
  10.100000       0.46876217E-02    10.100000       0.54368680E-02   0.96731825E-02    1.0000000
  10.150000       0.42413609E-02    10.150000       0.45883170E-02   0.96167228E-02    1.0000000
  10.200000       0.36676542E-02    10.200000       0.32150377E-02   0.96815869E-02    1.0000000
  10.250000       0.29893367E-02    10.250000       0.29336907E-02   0.95446439E-02    1.0000000
  10.300000       0.22317674E-02    10.300000       0.24077001E-02   0.94457994E-02    1.0000000
  10.350000       0.14219316E-02    10.350000       0.97055203E-03   0.93980223E-02    1.0000000
  10.400000       0.58758097E-03    10.400000      -0.23726504E-04   0.93402533E-02    1.0000000
  10.450000      -0.24357724E-03    10.450000      -0.63325634E-03   0.91105439E-02    1.0000000
  10.500000      -0.10446442E-02    10.500000      -0.15811075E-02   0.89941446E-02    1.0000000
  10.550000      -0.17902507E-02    10.550000      -0.30722380E-02   0.88478920E-02    1.0000000
  10.600000      -0.24572408E-02    10.600000      -0.33637453E-02   0.86506380E-02    1.0000000
  10.650000      -0.30253198E-02    10.650000      -0.44353876E-02   0.85173525E-02    1.0000000
  10.700000      -0.34776570E-02    10.700000      -0.46840796E-02   0.84730050E-02    1.0000000
  10.750000      -0.38014284E-02    10.750000      -0.44215013E-02   0.83799195E-02    1.0000000
  10.800000      -0.39882714E-02    10.800000      -0.49323366E-02   0.81683164E-02    1.0000000
  10.850000      -0.40346209E-02    10.850000      -0.47228136E-02   0.82090952E-02    1.0000000
  10.900000      -0.39418926E-02    10.900000      -0.48344809E-02   0.80834699E-02    1.0000000
  10.950000      -0.37164833E-02    10.950000      -0.43780120E-02   0.80840822E-02    1.0000000
  11.000000      -0.33695632E-02    11.000000      -0.41279142E-02   0.80557206E-02    1.0000000
  11.050000      -0.29151910E-02    11.050000      -0.37813431E-02   0.80365612E-02    1.0000000
  11.100000      -0.23698862E-02    11.100000      -0.30228552E-02   0.78206916E-02    1.0000000
  11.150000      -0.17561710E-02    11.150000      -0.28553607E-02   0.78345800E-02    1.0000000
  11.200000      -0.10988423E-02    11.200000      -0.20796547E-02   0.78228438E-02    1.0000000
  11.250000      -0.42379082E-03    11.250000      -0.12117027E-02   0.77735632E-02    1.0000000
  11.300000       0.24316733E-03    11.300000       0.13392400E-04   0.77374137E-02    1.0000000
  11.350000       0.87743918E-03    11.350000       0.11032693E-02   0.76664793E-02    1.0000000
  11.400000       0.14567087E-02    11.400000       0.74939007E-03   0.76785965E-02    1.0000000
  11.450000       0.19618301E-02    11.450000       0.59313826E-03   0.76894164E-02    1.0000000
  11.500000       0.23775086E-02    11.500000       0.13566430E-02   0.75900358E-02    1.0000000
  11.550000       0.26927359E-02    11.550000       0.20244923E-02   0.77257904E-02    1.0000000
  11.600000       0.29009697E-02    11.600000       0.23701626E-02   0.77509061E-02    1.0000000
  11.650000       0.30000706E-02    11.650000       0.24599724E-02   0.76569292E-02    1.0000000
  11.700000       0.29920271E-02    11.700000       0.23483178E-02   0.76143936E-02    1.0000000
  11.750000       0.28825166E-02    11.750000       0.24806804E-02   0.76958702E-02    1.0000000
  11.800000       0.26803575E-02    11.800000       0.19218837E-02   0.76322278E-02    1.0000000
  11.850000       0.23969062E-02    11.850000       0.12921596E-02   0.76477852E-02   1.00000000
  11.900000       0.20454487E-02    11.900000       0.15268923E-02   0.76247863E-02   0.93301117
  11.950000       0.16406232E-02    11.950000       0.13995250E-02   0.76219567E-02   0.74999788
  12.000000       0.11978945E-02    12.000000       0.78742489E-03   0.76928297E-02   0.49999817
  12.050000       0.73779582E-03    12.050000       0.43307648E-03   0.77013262E-02   0.24999894
  12.100000       0.27448005E-03    12.100000       0.30717508E-03   0.76948368E-02   0.66986993E-01
  12.150000      -0.17839693E-03    12.150000      -0.54137147E-03   0.76777088E-02    0.0000000
  12.200000      -0.60696202E-03    12.200000      -0.14405215E-02   0.75375591E-02    0.0000000
  12.250000      -0.99851411E-03    12.250000      -0.15466327E-02   0.76025105E-02    0.0000000
  12.300000      -0.13418484E-02    12.300000      -0.13995163E-02   0.76183035E-02    0.0000000
  12.350000      -0.16275710E-02    12.350000      -0.18451948E-02   0.76555689E-02    0.0000000
  12.400000      -0.18483901E-02    12.400000      -0.20606385E-02   0.77139075E-02    0.0000000
  12.450000      -0.19993621E-02    12.450000      -0.22245738E-02   0.76994318E-02    0.0000000
  12.500000      -0.22830264E-02    12.500000      -0.22830264E-02   0.76776392E-02    0.0000000
  12.550000      -0.19842550E-02    12.550000      -0.19842550E-02   0.75632529E-02    0.0000000
  12.600000      -0.16516554E-02    12.600000      -0.16516554E-02   0.76478044E-02    0.0000000
  12.650000      -0.17678877E-02    12.650000      -0.17678877E-02   0.76235249E-02    0.0000000
  12.700000      -0.18055159E-02    12.700000      -0.18055159E-02   0.76787807E-02    0.0000000
  12.750000      -0.14219715E-02    12.750000      -0.14219715E-02   0.75596365E-02    0.0000000
  12.800000      -0.11908468E-02    12.800000      -0.11908468E-02   0.76727876E-02    0.0000000
  12.850000      -0.10604922E-02    12.850000      -0.10604922E-02   0.76761152E-02    0.0000000
  12.900000      -0.46805316E-03    12.900000      -0.46805316E-03   0.76776485E-02    0.0000000
  12.950000       0.35238167E-03    12.950000       0.35238167E-03   0.76385005E-02    0.0000000
  13.000000       0.69702922E-03    13.000000       0.69702922E-03   0.76748689E-02    0.0000000
  13.050000       0.79554444E-03    13.050000       0.79554444E-03   0.75985193E-02    0.0000000
  13.100000       0.13472100E-02    13.100000       0.13472100E-02   0.75933206E-02    0.0000000
  13.150000       0.18675518E-02    13.150000       0.18675518E-02   0.76046059E-02    0.0000000
  13.200000       0.20271641E-02    13.200000       0.20271641E-02   0.74187382E-02    0.0000000
  13.250000       0.24855900E-02    13.250000       0.24855900E-02   0.76771206E-02    0.0000000
  13.300000       0.28470024E-02    13.300000       0.28470024E-02   0.76283638E-02    0.0000000
  13.350000       0.28549470E-02    13.350000       0.28549470E-02   0.74910886E-02    0.0000000
  13.400000       0.27812514E-02    13.400000       0.27812514E-02   0.75179730E-02    0.0000000
  13.450000       0.28332643E-02    13.450000       0.28332643E-02   0.74686765E-02    0.0000000
  13.500000       0.29413019E-02    13.500000       0.29413019E-02   0.76385062E-02    0.0000000
  13.550000       0.28673852E-02    13.550000       0.28673852E-02   0.73793002E-02    0.0000000
  13.600000       0.28903957E-02    13.600000       0.28903957E-02   0.74338327E-02    0.0000000
  13.650000       0.24853281E-02    13.650000       0.24853281E-02   0.74402031E-02    0.0000000
  13.700000       0.20379113E-02    13.700000       0.20379113E-02   0.76670270E-02    0.0000000
  13.750000       0.21494950E-02    13.750000       0.21494950E-02   0.74796879E-02    0.0000000
  13.800000       0.22445193E-02    13.800000       0.22445193E-02   0.75129316E-02    0.0000000
  13.850000       0.18587020E-02    13.850000       0.18587020E-02   0.75570504E-02    0.0000000
  13.900000       0.12642276E-02    13.900000       0.12642276E-02   0.74641602E-02    0.0000000
  13.950000       0.10448802E-02    13.950000       0.10448802E-02   0.75014969E-02    0.0000000
  14.000000       0.92081016E-03    14.000000       0.92081016E-03   0.74242942E-02    0.0000000
  14.050000       0.61441173E-03    14.050000       0.61441173E-03   0.75223605E-02    0.0000000
  14.100000       0.23671594E-03    14.100000       0.23671594E-03   0.75060589E-02    0.0000000
  14.150000      -0.27970652E-03    14.150000      -0.27970652E-03   0.74641210E-02    0.0000000
  14.200000      -0.61778699E-03    14.200000      -0.61778699E-03   0.75368937E-02    0.0000000
  14.250000      -0.95363031E-03    14.250000      -0.95363031E-03   0.73500138E-02    0.0000000
  14.300000      -0.11528854E-02    14.300000      -0.11528854E-02   0.72801628E-02    0.0000000
  14.350000      -0.10031203E-02    14.350000      -0.10031203E-02   0.73025950E-02    0.0000000
  14.400000      -0.71039477E-03    14.400000      -0.71039477E-03   0.73711137E-02    0.0000000
  14.450000      -0.99454522E-03    14.450000      -0.99454522E-03   0.74434066E-02    0.0000000
  14.500000      -0.10213174E-02    14.500000      -0.10213174E-02   0.72947418E-02    0.0000000
  14.550000      -0.11338323E-02    14.550000      -0.11338323E-02   0.73088578E-02    0.0000000
  14.600000      -0.15219894E-02    14.600000      -0.15219894E-02   0.72738433E-02    0.0000000
  14.650000      -0.15097391E-02    14.650000      -0.15097391E-02   0.73566412E-02    0.0000000
  14.700000      -0.19626439E-02    14.700000      -0.19626439E-02   0.72288996E-02    0.0000000
  14.750000      -0.26085249E-02    14.750000      -0.26085249E-02   0.73068717E-02    0.0000000
  14.800000      -0.27342634E-02    14.800000      -0.27342634E-02   0.72479010E-02    0.0000000
  14.850000      -0.27799230E-02    14.850000      -0.27799230E-02   0.73551888E-02    0.0000000
  14.900000      -0.28300770E-02    14.900000      -0.28300770E-02   0.74026683E-02    0.0000000
  14.950000      -0.30853501E-02    14.950000      -0.30853501E-02   0.73190495E-02    0.0000000
  15.000000      -0.41299471E-02    15.000000      -0.41299471E-02   0.74342601E-02    0.0000000
  15.050000      -0.27342634E-02    15.050000      -0.27342634E-02   0.74074142E-02    0.0000000
  15.100000      -0.27799230E-02    15.100000      -0.27799230E-02   0.74495456E-02    0.0000000
  15.150000      -0.28300770E-02    15.150000      -0.28300770E-02   0.74916991E-02    0.0000000
  15.200000        0.0000000        15.200000      -0.30853501E-02   0.74095121E-02    0.0000000
