# data from ifeffit
#------------------------
#   k         chi         chi       dchi         win
  0.0000000       0.46100000E-01  -0.52350420E-01   0.13700000E-01    0.0000000
  0.50000000E-01   0.35214110E-01  -0.52380797E-01   0.12509748E-01    0.0000000
  0.10000000       0.24328220E-01  -0.52472044E-01   0.11319497E-01    0.0000000
  0.15000000       0.13442331E-01  -0.52624502E-01   0.10129245E-01    0.0000000
  0.20000000       0.25564407E-02  -0.52838750E-01   0.89389938E-02    0.0000000
  0.25000000      -0.83294492E-02  -0.53115612E-01   0.77487423E-02    0.0000000
  0.30000000      -0.19215339E-01  -0.53456172E-01   0.65584907E-02    0.0000000
  0.35000000      -0.30101229E-01  -0.53861792E-01   0.53682392E-02    0.0000000
  0.40000000      -0.40987119E-01  -0.54334143E-01   0.41779877E-02    0.0000000
  0.45000000      -0.47879544E-01  -0.54875231E-01   0.32446639E-02    0.0000000
  0.50000000      -0.42501957E-01  -0.55487447E-01   0.31007566E-02    0.0000000
  0.55000000      -0.37124369E-01  -0.56173616E-01   0.29568493E-02    0.0000000
  0.60000000      -0.31746782E-01  -0.56937062E-01   0.28129421E-02    0.0000000
  0.65000000      -0.31267080E-01  -0.57781703E-01   0.24647545E-02    0.0000000
  0.70000000      -0.43095342E-01  -0.58712153E-01   0.16032281E-02    0.0000000
  0.75000000      -0.54923604E-01  -0.59733870E-01   0.74170181E-03    0.0000000
  0.80000000      -0.65641472E-01  -0.60853344E-01   0.29965818E-03    0.0000000
  0.85000000      -0.74646342E-01  -0.62078350E-01   0.50474709E-03    0.0000000
  0.90000000      -0.83651213E-01  -0.63418288E-01   0.70983599E-03    0.0000000
  0.95000000      -0.82191749E-01  -0.64884663E-01   0.19258593E-02    0.0000000
  1.0000000      -0.79202096E-01  -0.66491763E-01   0.32897105E-02    0.0000000
  1.0500000      -0.66300293E-01  -0.68257661E-01   0.27108521E-02    0.0000000
  1.1000000      -0.50356258E-01  -0.70205744E-01   0.15357380E-02    0.0000000
  1.1500000      -0.25290511E-01  -0.72367158E-01   0.11293670E-02    0.0000000
  1.2000000       0.38592392E-03  -0.74784946E-01   0.96683885E-03    0.0000000
  1.2500000       0.26839045E-01  -0.77521586E-01   0.18246053E-02    0.0000000
  1.3000000       0.59387735E-01  -0.80674150E-01   0.17841232E-02    0.0000000
  1.3500000       0.99514916E-01  -0.84409407E-01   0.62686753E-03    0.0000000
  1.4000000       0.12571357      -0.89065350E-01   0.33614573E-03    0.0000000
  1.4500000       0.15318497      -0.95603336E-01   0.22020825E-03    0.0000000
  1.5000000       0.19148442       0.12126258       0.46287710E-04    0.0000000
  1.5500000       0.23467689       0.17792807       0.70575875E-03    0.0000000
  1.6000000       0.27882181       0.24085961       0.16538973E-02    0.0000000
  1.6500000       0.32031165       0.30841607       0.22211386E-02    0.0000000
  1.7000000       0.34985328       0.37865554       0.67020260E-03    0.0000000
  1.7500000       0.40321509       0.44741139       0.16021654E-02    0.0000000
  1.8000000       0.44290891       0.51225879       0.12167580E-02    0.0000000
  1.8500000       0.46220008       0.56935094       0.96789012E-03    0.0000000
  1.9000000       0.45992287       0.61632771       0.23617578E-02    0.0000000
  1.9500000       0.43874021       0.64879854       0.27487819E-02    0.0000000
  2.0000000       0.40788881       0.66526610       0.10324732E-02    0.0000000
  2.0500000       0.35231423       0.66475513       0.10593641E-02    0.0000000
  2.1000000       0.27380944       0.64530347       0.29130798E-02    0.0000000
  2.1500000       0.20067508       0.60758958       0.40428646E-03    0.0000000
  2.2000000       0.11729402       0.55407605       0.10754307E-02    0.0000000
  2.2500000       0.82691515E-01   0.48609428       0.13729917E-02    0.0000000
  2.3000000       0.47777946E-01   0.40621818       0.25420553E-02    0.0000000
  2.3500000       0.19033123E-01   0.31996036       0.31786262E-02    0.0000000
  2.4000000      -0.75516321E-02   0.22977456       0.16066520E-02    0.0000000
  2.4500000      -0.21839674E-01   0.13967688       0.68069911E-03    0.0000000
  2.5000000      -0.24315783E-01   0.54777982E-01   0.11841719E-02    0.0000000
  2.5500000      -0.45451646E-01  -0.23917007E-01   0.13685029E-02    0.0000000
  2.6000000      -0.54958232E-01  -0.89994303E-01   0.12318871E-02    0.0000000
  2.6500000      -0.54628599E-01  -0.14303409       0.46497452E-03    0.0000000
  2.7000000      -0.68268095E-01  -0.18335695       0.27395184E-02    0.0000000
  2.7500000      -0.67656462E-01  -0.20986163       0.24846641E-02    0.0000000
  2.8000000      -0.83303444E-01  -0.22427902       0.27404207E-02    0.0000000
  2.8500000      -0.88319214E-01  -0.22759311       0.14281930E-02    0.0000000
  2.9000000      -0.10103992      -0.22187168       0.17037877E-02    0.0000000
  2.9500000      -0.11732460      -0.21079460       0.15998430E-02    0.0000000
  3.0000000      -0.12144633      -0.19667022       0.22842403E-02    0.0000000
  3.0500000      -0.12625613      -0.18102038       0.39506468E-02    0.0000000
  3.1000000      -0.13590996      -0.16647972       0.55940548E-02   0.66986993E-01
  3.1500000      -0.12756421      -0.15365990       0.11078343E-02   0.24999894
  3.2000000      -0.12807109      -0.14363125       0.28441300E-02   0.49999817
  3.2500000      -0.12639515      -0.13415055       0.28069809E-02   0.74999788
  3.3000000      -0.12055245      -0.12348631       0.19685664E-02   0.93301117
  3.3500000      -0.11047164      -0.11079179       0.22661343E-02   1.00000000
  3.4000000      -0.95109564E-01  -0.97892269E-01   0.14978626E-02    1.0000000
  3.4500000      -0.89647682E-01  -0.84786857E-01   0.17973852E-02    1.0000000
  3.5000000      -0.75841804E-01  -0.71384527E-01   0.49874099E-03    1.0000000
  3.5500000      -0.61400237E-01  -0.58426993E-01   0.10248671E-02    1.0000000
  3.6000000      -0.48056136E-01  -0.46277479E-01   0.13012858E-02    1.0000000
  3.6500000      -0.32434779E-01  -0.33991331E-01   0.14002718E-02    1.0000000
  3.7000000      -0.21684289E-01  -0.21764124E-01   0.13094763E-02    1.0000000
  3.7500000      -0.13856656E-01  -0.10068890E-01   0.11639353E-02    1.0000000
  3.8000000       0.21313078E-02   0.14255955E-02   0.13859904E-02    1.0000000
  3.8500000       0.15158017E-01   0.12529654E-01   0.15773776E-02    1.0000000
  3.9000000       0.25941306E-01   0.22974766E-01   0.15985501E-02    1.0000000
  3.9500000       0.34973496E-01   0.33122417E-01   0.12642879E-02    1.0000000
  4.0000000       0.47614431E-01   0.42337921E-01   0.17979724E-02    1.0000000
  4.0500000       0.52113839E-01   0.50352594E-01   0.17104540E-02    1.0000000
  4.1000000       0.56816157E-01   0.57249988E-01   0.14924062E-02    1.0000000
  4.1500000       0.71448307E-01   0.63110361E-01   0.17999621E-02    1.0000000
  4.2000000       0.70961308E-01   0.67361439E-01   0.10459256E-02    1.0000000
  4.2500000       0.75698859E-01   0.69954472E-01   0.24758911E-02    1.0000000
  4.3000000       0.75155103E-01   0.71261806E-01   0.19303549E-02    1.0000000
  4.3500000       0.72803757E-01   0.71149131E-01   0.10439855E-02    1.0000000
  4.4000000       0.69783580E-01   0.69483728E-01   0.96005341E-03    1.0000000
  4.4500000       0.59359298E-01   0.66378739E-01   0.40247472E-04    1.0000000
  4.5000000       0.69170721E-01   0.62242750E-01   0.36344728E-03    1.0000000
  4.5500000       0.58935233E-01   0.56932675E-01   0.20326111E-02    1.0000000
  4.6000000       0.48443657E-01   0.50569387E-01   0.14475924E-02    1.0000000
  4.6500000       0.45955939E-01   0.43331758E-01   0.33273028E-03    1.0000000
  4.7000000       0.43714495E-01   0.35401091E-01   0.38046008E-03    1.0000000
  4.7500000       0.27476953E-01   0.26919351E-01   0.61067249E-03    1.0000000
  4.8000000       0.14955715E-01   0.18086257E-01   0.16802168E-02    1.0000000
  4.8500000       0.14882290E-01   0.90698025E-02   0.29217338E-02    1.0000000
  4.9000000      -0.92454828E-02  -0.24761939E-05   0.29557090E-02    1.0000000
  4.9500000       0.21595456E-02  -0.88560624E-02   0.12687505E-03    1.0000000
  5.0000000      -0.14696446E-01  -0.17288195E-01   0.49147746E-03    1.0000000
  5.0500000      -0.20641075E-01  -0.25163518E-01   0.12890380E-02    1.0000000
  5.1000000      -0.25517091E-01  -0.32313550E-01   0.21290008E-02    1.0000000
  5.1500000      -0.34950819E-01  -0.38519609E-01   0.16277175E-02    1.0000000
  5.2000000      -0.46011865E-01  -0.43644363E-01   0.64754597E-03    1.0000000
  5.2500000      -0.46403456E-01  -0.47637851E-01   0.39462241E-03    1.0000000
  5.3000000      -0.41011581E-01  -0.50389856E-01   0.53590949E-03    1.0000000
  5.3500000      -0.42874140E-01  -0.51821277E-01   0.12383375E-02    1.0000000
  5.4000000      -0.48721259E-01  -0.51919071E-01   0.22489772E-02    1.0000000
  5.4500000      -0.45334290E-01  -0.50693763E-01   0.15164455E-02    1.0000000
  5.5000000      -0.39362594E-01  -0.48192419E-01   0.29598005E-03    1.0000000
  5.5500000      -0.40772711E-01  -0.44509564E-01   0.10635533E-02    1.0000000
  5.6000000      -0.42950601E-01  -0.39772281E-01   0.20378999E-02    1.0000000
  5.6500000      -0.34103323E-01  -0.34105967E-01   0.14614028E-02    1.0000000
  5.7000000      -0.25146287E-01  -0.27704245E-01   0.92988890E-03    1.0000000
  5.7500000      -0.17943799E-01  -0.20769799E-01   0.13707029E-02    1.0000000
  5.8000000      -0.98699079E-02  -0.13511895E-01   0.15692653E-02    1.0000000
  5.8500000       0.11164493E-02  -0.61001888E-02   0.95815622E-03    1.0000000
  5.9000000       0.85484928E-02   0.11887103E-02   0.97060368E-03    1.0000000
  5.9500000       0.11912278E-01   0.81366895E-02   0.16967722E-02    1.0000000
  6.0000000       0.14936419E-01   0.14556153E-01   0.29607920E-02    1.0000000
  6.0500000       0.17819370E-01   0.20289378E-01   0.44483947E-02    1.0000000
  6.1000000       0.23068097E-01   0.25134398E-01   0.30973339E-02    1.0000000
  6.1500000       0.27834362E-01   0.28975536E-01   0.20189913E-02    1.0000000
  6.2000000       0.30179200E-01   0.31766442E-01   0.24993971E-02    1.0000000
  6.2500000       0.31093631E-01   0.33467861E-01   0.23500858E-02    1.0000000
  6.3000000       0.30163130E-01   0.34024098E-01   0.13885676E-02    1.0000000
  6.3500000       0.30102945E-01   0.33486784E-01   0.11139671E-02    1.0000000
  6.4000000       0.30227773E-01   0.31948331E-01   0.98539353E-03    1.0000000
  6.4500000       0.30352602E-01   0.29535049E-01   0.85681992E-03    1.0000000
  6.5000000       0.28158755E-01   0.26398843E-01   0.80610064E-03    1.0000000
  6.5500000       0.24545569E-01   0.22708103E-01   0.80303862E-03    1.0000000
  6.6000000       0.13362878E-01   0.18638452E-01   0.14559494E-02    1.0000000
  6.6500000       0.76136872E-02   0.14363951E-01   0.22603756E-02    1.0000000
  6.7000000       0.11749378E-01   0.10007708E-01   0.33206500E-02    1.0000000
  6.7500000       0.58032963E-02   0.56981094E-02   0.25967006E-02    1.0000000
  6.8000000      -0.20623681E-02   0.15951978E-02   0.16048735E-02    1.0000000
  6.8500000      -0.41084874E-02  -0.21777486E-02   0.19191468E-02    1.0000000
  6.9000000      -0.56228100E-02  -0.55240254E-02   0.16912976E-02    1.0000000
  6.9500000      -0.77789415E-02  -0.83748375E-02   0.15861029E-02    1.0000000
  7.0000000      -0.13042510E-01  -0.10688853E-01   0.27234569E-02    1.0000000
  7.0500000      -0.14416302E-01  -0.12450265E-01   0.38407148E-02    1.0000000
  7.1000000      -0.14288140E-01  -0.13665738E-01   0.45107975E-02    1.0000000
  7.1500000      -0.14803799E-01  -0.14360642E-01   0.30528591E-02    1.0000000
  7.2000000      -0.15319457E-01  -0.14720127E-01   0.15949207E-02    1.0000000
  7.2500000      -0.15965812E-01  -0.14656544E-01   0.74182370E-03    1.0000000
  7.3000000      -0.16980260E-01  -0.14191106E-01   0.15922114E-02    1.0000000
  7.3500000      -0.17994709E-01  -0.13374878E-01   0.24425992E-02    1.0000000
  7.4000000      -0.17432579E-01  -0.12264230E-01   0.27359728E-02    1.0000000
  7.4500000      -0.14538123E-01  -0.10918888E-01   0.22053226E-02    1.0000000
  7.5000000      -0.12894162E-01  -0.94001492E-02   0.26448456E-02    1.0000000
  7.5500000      -0.13306871E-01  -0.77692125E-02   0.19947211E-02    1.0000000
  7.6000000      -0.14913915E-01  -0.60855824E-02   0.55866028E-03    1.0000000
  7.6500000      -0.11357599E-01  -0.44088884E-02   0.14121763E-02    1.0000000
  7.7000000      -0.34298926E-02  -0.27994175E-02   0.23279345E-02    1.0000000
  7.7500000      -0.25581822E-02  -0.12318116E-02   0.19066981E-02    1.0000000
  7.8000000      -0.87450092E-02   0.25492609E-03   0.18159664E-03    1.0000000
  7.8500000       0.41281107E-02   0.16265439E-02   0.51637070E-03    1.0000000
  7.9000000       0.31118211E-02   0.28543191E-02   0.60372985E-03    1.0000000
  7.9500000       0.22906331E-02   0.39157022E-02   0.19955095E-02    1.0000000
  8.0000000       0.10968552E-01   0.47947601E-02   0.56340455E-02    1.0000000
  8.0500000       0.62662453E-02   0.54823625E-02   0.26686971E-02    1.0000000
  8.1000000       0.86981196E-02   0.59760722E-02   0.13037356E-02    1.0000000
  8.1500000       0.91067986E-02   0.63096456E-02   0.15946253E-02    1.0000000
  8.2000000       0.68041250E-02   0.65500844E-02   0.23383097E-02    1.0000000
  8.2500000       0.89230823E-02   0.66137559E-02   0.61265525E-03    1.0000000
  8.3000000       0.45010780E-02   0.65075513E-02   0.32672448E-03    1.0000000
  8.3500000       0.77861957E-02   0.62421491E-02   0.65957065E-03    1.0000000
  8.4000000       0.94889457E-02   0.58314196E-02   0.15426074E-02    1.0000000
  8.4500000       0.32019644E-02   0.52917848E-02   0.26009372E-02    1.0000000
  8.5000000       0.99819545E-02   0.46415832E-02   0.22934913E-02    1.0000000
  8.5500000       0.96192507E-02   0.39004853E-02   0.32870996E-02    1.0000000
  8.6000000       0.86656378E-02   0.30889910E-02   0.43883429E-02    1.0000000
  8.6500000       0.66921659E-02   0.22256971E-02   0.37689457E-02    1.0000000
  8.7000000       0.43156108E-02   0.13207842E-02   0.18146859E-02    1.0000000
  8.7500000       0.57582079E-02   0.39582767E-03   0.41954581E-02    1.0000000
  8.8000000      -0.29006059E-02  -0.52627165E-03   0.36238910E-02    1.0000000
  8.8500000      -0.28863884E-02  -0.14226720E-02   0.13058823E-02    1.0000000
  8.9000000      -0.81543731E-04  -0.22709202E-02   0.98242374E-03    1.0000000
  8.9500000       0.12063741E-02  -0.30492731E-02   0.11405926E-02    1.0000000
  9.0000000      -0.24199676E-02  -0.37370578E-02   0.70083346E-03    1.0000000
  9.0500000      -0.99868984E-02  -0.43151229E-02   0.11994083E-02    1.0000000
  9.1000000      -0.11144697E-03  -0.47664158E-02   0.44324430E-02    1.0000000
  9.1500000      -0.10176968E-01  -0.50722178E-02   0.55835327E-02    1.0000000
  9.2000000      -0.60643551E-02  -0.52260366E-02   0.24693792E-02    1.0000000
  9.2500000      -0.86213510E-02  -0.52265048E-02   0.76220305E-03    1.0000000
  9.3000000      -0.10978026E-01  -0.50720600E-02   0.52235836E-03    1.0000000
  9.3500000      -0.92372476E-02  -0.47657864E-02   0.93231774E-03    1.0000000
  9.4000000      -0.76615908E-02  -0.43157069E-02   0.14331145E-02    1.0000000
  9.4500000      -0.86309534E-02  -0.37348786E-02   0.13504504E-02    1.0000000
  9.5000000      -0.91033829E-02  -0.30412478E-02   0.70207649E-03    1.0000000
  9.5500000       0.15929684E-02  -0.22572421E-02   0.29645382E-02    1.0000000
  9.6000000      -0.69397386E-02  -0.14090922E-02   0.12404938E-02    1.0000000
  9.6500000      -0.44602403E-02  -0.53497865E-03   0.56257084E-03    1.0000000
  9.7000000      -0.11961109E-02   0.33371302E-03   0.18894193E-03    1.0000000
  9.7500000      -0.11662683E-02   0.11708476E-02   0.97998965E-03    1.0000000
  9.8000000      -0.24897158E-02   0.19483363E-02   0.22936409E-02    1.0000000
  9.8500000       0.12969072E-02   0.26403758E-02   0.27300644E-02    1.0000000
  9.9000000       0.24096852E-02   0.32245744E-02   0.14351760E-02    1.0000000
  9.9500000       0.19173878E-02   0.36829244E-02   0.62935783E-03    1.0000000
  10.000000       0.41699549E-02   0.40025592E-02   0.13232867E-02    1.0000000
  10.050000       0.51175056E-02   0.41762487E-02   0.12843972E-02    1.0000000
  10.100000       0.11044294E-01   0.42026056E-02   0.13673473E-02    1.0000000
  10.150000       0.98110057E-02   0.40743156E-02   0.73307698E-03    1.0000000
  10.200000       0.72211198E-02   0.38144121E-02   0.25890006E-02    1.0000000
  10.250000       0.28892068E-02   0.34420831E-02   0.38965801E-02    1.0000000
  10.300000       0.60798955E-02   0.29765577E-02   0.24532066E-02    1.0000000
  10.350000       0.46943094E-03   0.24395029E-02   0.12037295E-02    1.0000000
  10.400000       0.10783268E-01   0.18539540E-02   0.67863938E-03    1.0000000
  10.450000       0.99251513E-02   0.12432657E-02   0.30435451E-02    1.0000000
  10.500000       0.55475202E-02   0.63014109E-03   0.20949844E-02    1.0000000
  10.550000       0.27724839E-02   0.35779855E-04   0.12295412E-02    1.0000000
  10.600000       0.43817254E-02  -0.52082324E-03   0.31670158E-02    1.0000000
  10.650000       0.14931227E-03  -0.10234144E-02   0.15138200E-02    1.0000000
  10.700000      -0.16187591E-02  -0.14588476E-02   0.37722879E-02    1.0000000
  10.750000      -0.94099041E-02  -0.18172903E-02   0.33911256E-02    1.0000000
  10.800000      -0.57473043E-02  -0.20922826E-02   0.19784288E-02    1.0000000
  10.850000      -0.92783325E-03  -0.22806705E-02   0.11509496E-02    1.0000000
  10.900000      -0.15528355E-02  -0.23824357E-02   0.29401776E-02    1.0000000
  10.950000      -0.46336496E-02  -0.24004429E-02   0.13504595E-02    1.0000000
  11.000000      -0.23661066E-02  -0.23401248E-02   0.88133951E-03    1.0000000
  11.050000      -0.20355040E-02  -0.22091209E-02   0.15596265E-02    1.0000000
  11.100000      -0.28541559E-02  -0.20168829E-02   0.15301932E-02    1.0000000
  11.150000      -0.33381207E-02  -0.17829901E-02   0.12798895E-02    1.0000000
  11.200000      -0.34316339E-02  -0.15064527E-02   0.17011195E-02    1.0000000
  11.250000       0.11040887E-02  -0.11994252E-02   0.22006235E-02    1.0000000
  11.300000      -0.12235366E-02  -0.87420880E-03   0.38161875E-02    1.0000000
  11.350000       0.42584191E-02  -0.54277590E-03   0.14180322E-02    1.0000000
  11.400000       0.52985591E-03  -0.21640662E-03   0.13038565E-02    1.0000000
  11.450000       0.28020009E-02   0.94623747E-04   0.18897094E-02    1.0000000
  11.500000       0.51975770E-02   0.38130296E-03   0.23533606E-02    1.0000000
  11.550000       0.31790470E-02   0.63608327E-03   0.11523633E-02    1.0000000
  11.600000       0.23182528E-02   0.85302414E-03   0.46199462E-03    1.0000000
  11.650000       0.16552728E-02   0.10278749E-02   0.15159160E-02    1.0000000
  11.700000       0.23598544E-02   0.11580972E-02   0.20094877E-02    1.0000000
  11.750000       0.32923056E-02   0.12428273E-02   0.76795647E-03    1.0000000
  11.800000       0.51477100E-02   0.12827823E-02   0.19050746E-02    1.0000000
  11.850000      -0.26662559E-02   0.12801141E-02   0.18441394E-02    1.0000000
  11.900000      -0.61130353E-03   0.12382187E-02   0.72986951E-03    1.0000000
  11.950000      -0.19569345E-02   0.11615110E-02   0.14634462E-02    1.0000000
  12.000000       0.14402329E-02   0.10551762E-02   0.33476225E-03    1.0000000
  12.050000      -0.23874497E-02   0.92491114E-03   0.43258712E-03    1.0000000
  12.100000      -0.57336818E-02   0.77544091E-03   0.62526390E-03    1.0000000
  12.150000      -0.85679906E-02   0.60446419E-03   0.91879609E-03    1.0000000
  12.200000      -0.85667860E-02   0.42356933E-03   0.70831924E-03    1.0000000
  12.250000      -0.76139362E-03   0.24014483E-03   0.97782649E-03    1.0000000
  12.300000      -0.13585241E-02   0.60729255E-04   0.10807800E-02    1.0000000
  12.350000      -0.21174204E-02  -0.10916077E-03   0.10973798E-02    1.0000000
  12.400000      -0.32082541E-02  -0.26508772E-03   0.93678481E-03    1.0000000
  12.450000      -0.87446305E-02  -0.40365253E-03   0.10316600E-02    1.0000000
  12.500000      -0.59295141E-02  -0.52238171E-03   0.15471723E-02    1.0000000
  12.550000      -0.52158898E-03  -0.61957310E-03   0.12045190E-02    1.0000000
  12.600000       0.75417270E-03  -0.69413161E-03   0.17103753E-02    1.0000000
  12.650000      -0.16965308E-02  -0.74542318E-03   0.14916594E-02    1.0000000
  12.700000       0.16333589E-02  -0.77316862E-03   0.65818812E-03    1.0000000
  12.750000       0.57212449E-02  -0.77739016E-03   0.72424502E-03    1.0000000
  12.800000       0.48594355E-02  -0.75841352E-03   0.93287091E-03    1.0000000
  12.850000       0.39156763E-02  -0.71691877E-03   0.21068641E-02    1.0000000
  12.900000       0.46262863E-02  -0.65402503E-03   0.20898226E-02    1.0000000
  12.950000      -0.19290007E-02  -0.57138827E-03   0.12003894E-02    1.0000000
  13.000000       0.45410226E-02  -0.47128899E-03   0.31328634E-03    1.0000000
  13.050000       0.32474024E-02  -0.35668701E-03   0.14376442E-02    1.0000000
  13.100000       0.19981103E-02  -0.23191243E-03   0.12191863E-02    1.0000000
  13.150000       0.25969338E-02  -0.10429878E-03   0.32324447E-02    1.0000000
  13.200000      -0.15474228E-02   0.22365517E-04   0.19634893E-02    1.0000000
  13.250000       0.32077209E-03   0.14399912E-03   0.34090358E-02    1.0000000
  13.300000       0.31193309E-02   0.25671749E-03   0.91025517E-03    1.0000000
  13.350000       0.18370524E-02   0.35697007E-03   0.24722941E-02    1.0000000
  13.400000       0.63595998E-02   0.44167416E-03   0.79286162E-03    1.0000000
  13.450000       0.37842261E-02   0.50833694E-03   0.21910915E-02    1.0000000
  13.500000       0.20300681E-02   0.55515734E-03   0.28602703E-02    1.0000000
  13.550000       0.83198445E-03   0.58109985E-03   0.17080606E-03    1.0000000
  13.600000       0.59474977E-02   0.58593423E-03   0.11504948E-02    1.0000000
  13.650000       0.14156111E-02   0.57023722E-03   0.23096004E-02    1.0000000
  13.700000       0.13204040E-02   0.53535519E-03   0.14133436E-02    1.0000000
  13.750000       0.24642268E-02   0.48332941E-03   0.22659795E-02    1.0000000
  13.800000      -0.93279997E-03   0.41678848E-03   0.32514642E-02    1.0000000
  13.850000      -0.57529807E-02   0.33881482E-03   0.24688575E-02   1.00000000
  13.900000      -0.30048624E-02   0.25279358E-03   0.51768265E-03   0.93301117
  13.950000      -0.18547973E-02   0.16225364E-03   0.16731919E-02   0.74999788
  14.000000       0.12244974E-02   0.70710019E-04   0.10364995E-02   0.49999817
  14.050000       0.45357198E-05  -0.18483249E-04   0.15927620E-02   0.24999894
  14.100000       0.20027955E-02  -0.10158734E-03   0.21315021E-02   0.66986993E-01
  14.150000      -0.81094322E-03  -0.17585267E-03   0.19868073E-02    0.0000000
  14.200000      -0.41149924E-02  -0.24010097E-03   0.13484110E-02   0.38025635E-39
  14.250000      -0.61511143E-02  -0.29265612E-03   0.10307148E-02    0.0000000
  14.300000      -0.57916836E-02  -0.33236833E-03   0.10549539E-02    0.0000000
  14.350000      -0.54322528E-02  -0.35862587E-03   0.10791930E-02    0.0000000
  14.400000      -0.50728220E-02  -0.37134369E-03   0.11034320E-02    0.0000000
  14.450000      -0.47133912E-02  -0.37093145E-03   0.11276711E-02    0.0000000
  14.500000      -0.43539605E-02  -0.43539605E-02   0.11519102E-02    0.0000000
  14.550000      -0.39945297E-02  -0.39945297E-02   0.11761493E-02    0.0000000
  14.600000      -0.36350989E-02  -0.36350989E-02   0.12003883E-02    0.0000000
  14.650000      -0.32756681E-02  -0.32756681E-02   0.12246274E-02    0.0000000
  14.700000      -0.29162373E-02  -0.29162373E-02   0.12488665E-02    0.0000000
  14.750000      -0.25568066E-02  -0.25568066E-02   0.12731055E-02    0.0000000
  14.800000      -0.21973758E-02  -0.21973758E-02   0.12973446E-02    0.0000000
  14.850000      -0.18379450E-02  -0.18379450E-02   0.13215837E-02    0.0000000
  14.900000      -0.14785142E-02  -0.14785142E-02   0.13458227E-02    0.0000000
  14.950000      -0.11034208E-02  -0.11034208E-02   0.13708188E-02    0.0000000
  15.000000       0.53982107E-02   0.53982107E-02   0.16919316E-02    0.0000000
  15.050000       0.11899842E-01   0.11899842E-01   0.20130444E-02    0.0000000
  15.100000       0.15148508E-01   0.15148508E-01   0.18375813E-02    0.0000000
  15.150000       0.75642559E-02   0.75642559E-02   0.84381794E-05    0.0000000
  15.200000      -0.19996252E-04  -0.19996252E-04  -0.18207050E-02    0.0000000
  15.250000      -0.76042484E-02  -0.76042484E-02  -0.36498481E-02    0.0000000
  15.300000      -0.15188500E-01  -0.15188500E-01  -0.54789913E-02    0.0000000
  15.350000      -0.22772753E-01  -0.22772753E-01  -0.73081345E-02    0.0000000
  15.400000      -0.30357005E-01  -0.30357005E-01  -0.91372776E-02    0.0000000
  15.450000      -0.37941257E-01  -0.37941257E-01  -0.10966421E-01    0.0000000
  15.500000      -0.45525509E-01  -0.45525509E-01  -0.12795564E-01    0.0000000
  15.550000      -0.53109761E-01  -0.53109761E-01  -0.14624707E-01    0.0000000
  15.600000      -0.60694013E-01  -0.60694013E-01  -0.16453850E-01    0.0000000
  15.650000      -0.68278265E-01  -0.68278265E-01  -0.18282993E-01    0.0000000
  15.700000      -0.75862517E-01  -0.75862517E-01  -0.20112137E-01    0.0000000
  15.750000      -0.83446770E-01  -0.83446770E-01  -0.21941280E-01    0.0000000
  15.800000      -0.91031022E-01  -0.91031022E-01  -0.23770423E-01    0.0000000
  15.850000      -0.98615274E-01  -0.98615274E-01  -0.25599566E-01    0.0000000
  15.900000      -0.10619953      -0.10619953      -0.27428709E-01    0.0000000
  15.950000      -0.11378378      -0.11378378      -0.29257852E-01    0.0000000
  16.000000      -0.12136803      -0.12136803      -0.31086996E-01    0.0000000
  16.050000      -0.12895228      -0.12895228      -0.32916139E-01    0.0000000
  16.100000      -0.13653653      -0.13653653      -0.34745282E-01    0.0000000
  16.150000      -0.14412079      -0.14412079      -0.36574425E-01    0.0000000
  16.200000      -0.15170504      -0.15170504      -0.38403568E-01    0.0000000
  16.250000      -0.15928929      -0.15928929      -0.40232711E-01    0.0000000
  16.300000      -0.16687354      -0.16687354      -0.42061854E-01    0.0000000
  16.350000      -0.17445779      -0.17445779      -0.43890998E-01    0.0000000
  16.400000      -0.18204205      -0.18204205      -0.45720141E-01    0.0000000
  16.450000      -0.18962630      -0.18962630      -0.47549284E-01    0.0000000
  16.500000      -0.19721055      -0.19721055      -0.49378427E-01    0.0000000
  16.550000      -0.20479480      -0.20479480      -0.51207570E-01    0.0000000
  16.600000      -0.21237906      -0.21237906      -0.53036713E-01    0.0000000
  16.650000      -0.21996331      -0.21996331      -0.54865857E-01    0.0000000
  16.700000      -0.22754756      -0.22754756      -0.56695000E-01    0.0000000
  16.750000      -0.23513181      -0.23513181      -0.58524143E-01    0.0000000
  16.800000      -0.24271606      -0.24271606      -0.60353286E-01    0.0000000
  16.850000      -0.25030032      -0.25030032      -0.62182429E-01    0.0000000
  16.900000      -0.25788457      -0.25788457      -0.64011572E-01    0.0000000
  16.950000      -0.26546882      -0.26546882      -0.65840716E-01    0.0000000
  17.000000      -0.27305307      -0.27305307      -0.67669859E-01    0.0000000
  17.050000      -0.28063732      -0.28063732      -0.69499002E-01    0.0000000
  17.100000      -0.28822158      -0.28822158      -0.71328145E-01    0.0000000
  17.150000      -0.29580583      -0.29580583      -0.73157288E-01    0.0000000
  17.200000      -0.30339008      -0.30339008      -0.74986431E-01    0.0000000
  17.250000      -0.31097433      -0.31097433      -0.76815574E-01    0.0000000
  17.300000      -0.31855859      -0.31855859      -0.78644718E-01    0.0000000
  17.350000      -0.32614284      -0.32614284      -0.80473861E-01    0.0000000
  17.400000      -0.33372709      -0.33372709      -0.82303004E-01    0.0000000
  17.450000      -0.34131134      -0.34131134      -0.84132147E-01    0.0000000
  17.500000      -0.34889559      -0.34889559      -0.85961290E-01    0.0000000
  17.550000      -0.35647985      -0.35647985      -0.87790433E-01    0.0000000
  17.600000      -0.36406410      -0.36406410      -0.89619577E-01    0.0000000
  17.650000      -0.37164835      -0.37164835      -0.91448720E-01    0.0000000
  17.700000      -0.37923260      -0.37923260      -0.93277863E-01    0.0000000
  17.750000      -0.38681685      -0.38681685      -0.95107006E-01    0.0000000
  17.800000      -0.39440111      -0.39440111      -0.96936149E-01    0.0000000
  17.850000      -0.40198536      -0.40198536      -0.98765292E-01    0.0000000
  17.900000      -0.40956961      -0.40956961      -0.10059444        0.0000000
  17.950000      -0.41715386      -0.41715386      -0.10242358        0.0000000
  18.000000      -0.42473811      -0.42473811      -0.10425272        0.0000000
  18.050000      -0.43232237      -0.43232237      -0.10608186        0.0000000
  18.100000      -0.43990662      -0.43990662      -0.10791101        0.0000000
  18.150000      -0.44749087      -0.44749087      -0.10974015        0.0000000
  18.200000      -0.45507512      -0.45507512      -0.11156929        0.0000000
  18.250000      -0.46265938      -0.46265938      -0.11339844        0.0000000
  18.300000      -0.47024363      -0.47024363      -0.11522758        0.0000000
  18.350000      -0.47782788      -0.47782788      -0.11705672        0.0000000
  18.400000      -0.48541213      -0.48541213      -0.11888587        0.0000000
  18.450000      -0.49299638      -0.49299638      -0.12071501        0.0000000
  18.500000      -0.50058064      -0.50058064      -0.12254415        0.0000000
  18.550000      -0.50816489      -0.50816489      -0.12437330        0.0000000
  18.600000      -0.51574914      -0.51574914      -0.12620244        0.0000000
  18.650000      -0.52333339      -0.52333339      -0.12803158        0.0000000
  18.700000      -0.53091764      -0.53091764      -0.12986073        0.0000000
  18.750000      -0.53850190      -0.53850190      -0.13168987        0.0000000
  18.800000      -0.54608615      -0.54608615      -0.13351901        0.0000000
  18.850000      -0.55367040      -0.55367040      -0.13534816        0.0000000
  18.900000      -0.56125465      -0.56125465      -0.13717730        0.0000000
  18.950000      -0.56883891      -0.56883891      -0.13900644        0.0000000
  19.000000      -0.57642316      -0.57642316      -0.14083558        0.0000000
  19.050000      -0.58400741      -0.58400741      -0.14266473        0.0000000
  19.100000      -0.59159166      -0.59159166      -0.14449387        0.0000000
  19.150000      -0.59917591      -0.59917591      -0.14632301        0.0000000
  19.200000      -0.60676017      -0.60676017      -0.14815216        0.0000000
  19.250000      -0.61434442      -0.61434442      -0.14998130        0.0000000
  19.300000      -0.62192867      -0.62192867      -0.15181044        0.0000000
  19.350000      -0.62951292      -0.62951292      -0.15363959        0.0000000
  19.400000      -0.63709717      -0.63709717      -0.15546873        0.0000000
  19.450000      -0.64468143      -0.64468143      -0.15729787        0.0000000
  19.500000      -0.65226568      -0.65226568      -0.15912702        0.0000000
  19.550000      -0.65984993      -0.65984993      -0.16095616        0.0000000
  19.600000      -0.66743418      -0.66743418      -0.16278530        0.0000000
  19.650000      -0.67501843      -0.67501843      -0.16461445        0.0000000
  19.700000      -0.68260269      -0.68260269      -0.16644359        0.0000000
  19.750000      -0.69018694      -0.69018694      -0.16827273        0.0000000
  19.800000      -0.69777119      -0.69777119      -0.17010188        0.0000000
  19.850000      -0.70535544      -0.70535544      -0.17193102        0.0000000
  19.900000      -0.71293970      -0.71293970      -0.17376016        0.0000000
  19.950000      -0.72052395      -0.72052395      -0.17558930        0.0000000
  20.000000      -0.72810820      -0.72810820      -0.17741845        0.0000000
