 Ferrocene PUBLISHED DATA                                         Feff 8.10
 Abs   Z=26 Rmt= 1.252 Rnm= 1.298 K  shell
 Pot 1 Z= 6 Rmt= 0.847 Rnm= 1.042
 Pot 2 Z= 1 Rmt= 0.763 Rnm= 0.924
 Gam_ch=1.309E+00 H-L exch
 Mu= 5.790E+00 kf=2.396E+00 Vint=-1.609E+01 Rs_int= 1.513
 S02  1.000                                        Global sig2  0.00100
 Curved wave amplitude ratio filter   4.000%
    file         sig2 tot  cw amp ratio   deg  nlegs   reff  inp sig2
          1       0.00100    100.00     10.00     2   2.0648
          2       0.00100     33.07     20.00     3   2.7789
          3       0.00100      8.36     10.00     2   2.8339
          4       0.00100     12.47     20.00     3   2.9906
          5       0.00100      4.58     10.00     4   3.1472
          6       0.00100     11.85     20.00     3   3.2202
          7       0.00100     12.27     20.00     4   3.4929
          8       0.00100      6.18     40.00     4   3.7046
          9       0.00100      5.29     10.00     3   3.7343
         10       0.00100      5.94     40.00     5   3.8613
         11       0.00100     16.56     20.00     3   3.8806
         12       0.00100     12.71     40.00     4   3.9343
         13       0.00100     28.78     20.00     3   4.0951
         14       0.00100     13.78     20.00     4   4.1296
         16       0.00100      5.01     10.00     4   4.1296
         17       0.00100      7.09     20.00     4   4.1296
         18       0.00100      4.34     20.00     4   4.1296
         20       0.00100      4.29     40.00     5   4.2070
         21       0.00100      7.52     20.00     5   4.2070
         22       0.00100      4.37     40.00     4   4.2846
         23       0.00100      5.94     40.00     5   4.3026
         24       0.00100      7.92     20.00     4   4.3756
         25       0.00100      4.85     20.00     4   4.3756
         29       0.00100     10.50     40.00     4   4.5947
         31       0.00100      6.55     40.00     5   4.6483
         32       0.00100      8.42     40.00     4   4.8092
         33       0.00100     10.93     40.00     4   4.8092
         34       0.00100      5.51     40.00     3   4.8132
         35       0.00100      4.66     20.00     6   4.9211
         36       0.00100      5.57     40.00     4   4.9698
   30/  34 paths used
 xsedge+50, used to normalize mu           3.1306E-04
 -----------------------------------------------------------------------
  e, e(wrt edge), k, mu=(1+chi)*mu0, mu0, chi @#
    7115.674      5.790   0.000  1.00469E-01  5.19456E-01 -4.01516E-01
    7115.683      5.800   0.050  1.14826E-01  5.29042E-01 -3.96945E-01
    7115.712      5.828   0.100  1.29216E-01  5.38629E-01 -3.92341E-01
    7115.760      5.876   0.150  1.72011E-01  5.66855E-01 -3.78397E-01
    7115.826      5.942   0.200  2.15093E-01  5.95082E-01 -3.64178E-01
    7115.912      6.028   0.250  2.82352E-01  6.37076E-01 -3.39995E-01
    7116.017      6.133   0.300  3.50347E-01  6.79071E-01 -3.15103E-01
    7116.141      6.257   0.350  4.31909E-01  7.23306E-01 -2.79367E-01
    7116.284      6.400   0.400  5.14731E-01  7.67542E-01 -2.42410E-01
    7116.445      6.562   0.450  6.01717E-01  8.03662E-01 -1.93681E-01
    7116.626      6.743   0.500  6.90375E-01  8.39782E-01 -1.43326E-01
    7116.826      6.943   0.550  7.81555E-01  8.65488E-01 -8.05447E-02
    7117.046      7.162   0.600  8.74445E-01  8.91195E-01 -1.60796E-02
    7117.284      7.400   0.650  9.71939E-01  9.08634E-01  6.07991E-02
    7117.541      7.657   0.700  1.07051E+00  9.26073E-01  1.38788E-01
    7117.817      7.933   0.750  1.17506E+00  9.37835E-01  2.28097E-01
    7118.112      8.228   0.800  1.27911E+00  9.49596E-01  3.17034E-01
    7118.427      8.543   0.850  1.38830E+00  9.57574E-01  4.14763E-01
    7118.760      8.876   0.900  1.49427E+00  9.65553E-01  5.09560E-01
    7119.112      9.229   0.950  1.60218E+00  9.70922E-01  6.09021E-01
    7119.484      9.600   1.000  1.70310E+00  9.76291E-01  7.01936E-01
    7119.874      9.991   1.050  1.80082E+00  9.79807E-01  7.93939E-01
    7120.284     10.400   1.100  1.88707E+00  9.83323E-01  8.75061E-01
    7120.713     10.829   1.150  1.96390E+00  9.85480E-01  9.48802E-01
    7121.160     11.276   1.200  2.02477E+00  9.87637E-01  1.00727E+00
    7121.627     11.743   1.250  2.07004E+00  9.88759E-01  1.05197E+00
    7122.113     12.229   1.300  2.09588E+00  9.89881E-01  1.07789E+00
    7122.618     12.734   1.350  2.10127E+00  9.90202E-01  1.08496E+00
    7123.141     13.258   1.400  2.08583E+00  9.90523E-01  1.07168E+00
    7123.684     13.801   1.450  2.04777E+00  9.90192E-01  1.03702E+00
    7124.246     14.363   1.500  1.99033E+00  9.89861E-01  9.83154E-01
    7124.827     14.944   1.550  1.91167E+00  9.89048E-01  9.08813E-01
    7125.427     15.544   1.600  1.81817E+00  9.88235E-01  8.19461E-01
    7126.047     16.163   1.650  1.70841E+00  9.87016E-01  7.14098E-01
    7126.685     16.801   1.700  1.59087E+00  9.85796E-01  6.00482E-01
    7127.342     17.458   1.750  1.46474E+00  9.84273E-01  4.78100E-01
    7128.018     18.134   1.800  1.33917E+00  9.82750E-01  3.55624E-01
    7128.714     18.830   1.850  1.21368E+00  9.80997E-01  2.32805E-01
    7129.428     19.544   1.900  1.09665E+00  9.79243E-01  1.17797E-01
    7130.161     20.278   1.950  9.87353E-01  9.77338E-01  1.00775E-02
    7130.914     21.030   2.000  8.92352E-01  9.75432E-01 -8.38320E-02
    7131.685     21.802   2.050  8.08640E-01  9.73415E-01 -1.66741E-01
    7132.476     22.592   2.100  7.42274E-01  9.71399E-01 -2.32521E-01
    7133.286     23.402   2.150  6.92971E-01  9.69382E-01 -2.81313E-01
    7134.114     24.230   2.200  6.59672E-01  9.67365E-01 -3.14052E-01
    7134.962     25.078   2.250  6.38447E-01  9.65370E-01 -3.34590E-01
    7135.829     25.945   2.300  6.30624E-01  9.63375E-01 -3.41487E-01
    7136.715     26.831   2.350  6.33649E-01  9.61381E-01 -3.37259E-01
    7137.619     27.736   2.400  6.44876E-01  9.59386E-01 -3.24543E-01
    7138.543     28.660   2.450  6.60734E-01  9.56519E-01 -3.06314E-01
    7139.486     29.602   2.500  6.81193E-01  9.53653E-01 -2.83172E-01
    7140.448     30.565   2.550  7.04088E-01  9.50786E-01 -2.57322E-01
    7141.429     31.546   2.600  7.27611E-01  9.47919E-01 -2.30628E-01
    7142.430     32.546   2.650  7.58268E-01  9.50795E-01 -2.01550E-01
    7143.449     33.565   2.700  7.86679E-01  9.53670E-01 -1.74822E-01
    7144.487     34.603   2.750  8.11568E-01  9.56545E-01 -1.51779E-01
    7145.544     35.660   2.800  8.32274E-01  9.59421E-01 -1.33116E-01
    7146.621     36.737   2.850  8.48478E-01  9.62944E-01 -1.19504E-01
    7147.716     37.832   2.900  8.62062E-01  9.66468E-01 -1.08697E-01
    7148.830     38.946   2.950  8.73733E-01  9.69991E-01 -9.99352E-02
    7149.964     40.080   3.000  8.84359E-01  9.73515E-01 -9.23043E-02
    7151.116     41.232   3.050  8.95418E-01  9.75414E-01 -8.26288E-02
    7152.288     42.404   3.100  9.06129E-01  9.77313E-01 -7.33564E-02
    7153.478     43.595   3.150  9.16854E-01  9.79212E-01 -6.41136E-02
    7154.688     44.804   3.200  9.27834E-01  9.81111E-01 -5.46500E-02
    7155.917     46.033   3.250  9.37178E-01  9.83302E-01 -4.71841E-02
    7157.165     47.281   3.300  9.47455E-01  9.85493E-01 -3.88064E-02
    7158.431     48.548   3.350  9.58748E-01  9.87685E-01 -2.94407E-02
    7159.717     49.834   3.400  9.70954E-01  9.89876E-01 -1.91986E-02
    7161.022     51.138   3.450  9.83442E-01  9.91694E-01 -8.34533E-03
    7162.346     52.462   3.500  9.97263E-01  9.93512E-01  3.78032E-03
    7163.689     53.805   3.550  1.01190E+00  9.95331E-01  1.66431E-02
    7165.051     55.167   3.600  1.02670E+00  9.97149E-01  2.95965E-02
    7166.432     56.549   3.650  1.04266E+00  9.99205E-01  4.33814E-02
    7167.833     57.949   3.700  1.05814E+00  1.00126E+00  5.66007E-02
    7169.252     59.368   3.750  1.07242E+00  1.00332E+00  6.85410E-02
    7170.690     60.806   3.800  1.08485E+00  1.00537E+00  7.85938E-02
    7172.147     62.264   3.850  1.09642E+00  1.00730E+00  8.78501E-02
    7173.624     63.740   3.900  1.10550E+00  1.00922E+00  9.46062E-02
    7175.119     65.235   3.950  1.11183E+00  1.01114E+00  9.86285E-02
    7176.634     66.750   4.000  1.11533E+00  1.01306E+00  9.98620E-02
    7178.167     68.283   4.050  1.11726E+00  1.01499E+00  9.95675E-02
    7179.720     69.836   4.100  1.11647E+00  1.01692E+00  9.66470E-02
    7181.291     71.408   4.150  1.11320E+00  1.01884E+00  9.13389E-02
    7182.882     72.998   4.200  1.10779E+00  1.02077E+00  8.39938E-02
    7184.492     74.608   4.250  1.10080E+00  1.02245E+00  7.54471E-02
    7186.121     76.237   4.300  1.09220E+00  1.02412E+00  6.54046E-02
    7187.768     77.885   4.350  1.08240E+00  1.02580E+00  5.42442E-02
    7189.435     79.551   4.400  1.07177E+00  1.02748E+00  4.23500E-02
    7191.121     81.237   4.450  1.06013E+00  1.02866E+00  3.00370E-02
    7192.826     82.942   4.500  1.04829E+00  1.02985E+00  1.75687E-02
    7194.550     84.666   4.550  1.03656E+00  1.03104E+00  5.24637E-03
    7196.293     86.409   4.600  1.02522E+00  1.03223E+00 -6.66020E-03
    7198.055     88.171   4.650  1.01370E+00  1.03278E+00 -1.81036E-02
    7199.836     89.953   4.700  1.00306E+00  1.03333E+00 -2.86948E-02
    7201.637     91.753   4.750  9.93502E-01  1.03388E+00 -3.82495E-02
    7203.456     93.572   4.800  9.85182E-01  1.03443E+00 -4.66110E-02
    7205.294     95.410   4.850  9.77591E-01  1.03444E+00 -5.38045E-02
    7207.152     97.268   4.900  9.71459E-01  1.03445E+00 -5.96172E-02
    7209.028     99.144   4.950  9.66848E-01  1.03446E+00 -6.39913E-02
    7210.924    101.040   5.000  9.63792E-01  1.03447E+00 -6.68935E-02
    7212.838    102.954   5.050  9.61574E-01  1.03385E+00 -6.84717E-02
    7214.772    104.888   5.100  9.60859E-01  1.03323E+00 -6.86284E-02
    7216.724    106.840   5.150  9.61608E-01  1.03261E+00 -6.73966E-02
    7218.696    108.812   5.200  9.63761E-01  1.03200E+00 -6.48274E-02
    7220.687    110.803   5.250  9.66435E-01  1.03060E+00 -6.10604E-02
    7222.696    112.813   5.300  9.70358E-01  1.02920E+00 -5.60900E-02
    7224.725    114.841   5.350  9.75429E-01  1.02780E+00 -5.00065E-02
    7226.773    116.889   5.400  9.81523E-01  1.02640E+00 -4.29240E-02
    7228.840    118.956   5.450  9.88153E-01  1.02464E+00 -3.49761E-02
    7230.926    121.042   5.500  9.95534E-01  1.02288E+00 -2.62701E-02
    7233.031    123.147   5.550  1.00347E+00  1.02111E+00 -1.69942E-02
    7235.155    125.271   5.600  1.01172E+00  1.01935E+00 -7.36779E-03
    7237.298    127.414   5.650  1.01986E+00  1.01729E+00  2.48695E-03
    7239.460    129.576   5.700  1.02782E+00  1.01523E+00  1.22139E-02
    7241.642    131.758   5.750  1.03529E+00  1.01317E+00  2.15222E-02
    7243.842    133.958   5.800  1.04198E+00  1.01111E+00  3.01215E-02
    7246.061    136.177   5.850  1.04753E+00  1.00883E+00  3.78464E-02
    7248.299    138.416   5.900  1.05173E+00  1.00656E+00  4.43032E-02
    7250.557    140.673   5.950  1.05439E+00  1.00429E+00  4.92770E-02
    7252.833    142.950   6.000  1.05537E+00  1.00202E+00  5.26133E-02
    7255.129    145.245   6.050  1.05507E+00  1.00007E+00  5.43636E-02
    7257.443    147.560   6.100  1.05293E+00  9.98122E-01  5.43097E-02
    7259.777    149.893   6.150  1.04905E+00  9.96175E-01  5.25133E-02
    7262.130    152.246   6.200  1.04356E+00  9.94228E-01  4.91129E-02
    7264.501    154.618   6.250  1.03669E+00  9.92281E-01  4.43134E-02
    7266.892    157.008   6.300  1.02870E+00  9.90334E-01  3.83729E-02
    7269.302    159.418   6.350  1.01989E+00  9.88387E-01  3.15870E-02
    7271.731    161.847   6.400  1.01059E+00  9.86440E-01  2.42706E-02
    7274.179    164.295   6.450  1.00111E+00  9.84494E-01  1.67410E-02
    7276.646    166.762   6.500  9.91756E-01  9.82547E-01  9.30079E-03
    7279.132    169.248   6.550  9.83494E-01  9.81463E-01  2.05406E-03
    7281.637    171.753   6.600  9.75745E-01  9.80379E-01 -4.69162E-03
    7284.161    174.277   6.650  9.68718E-01  9.79295E-01 -1.07227E-02
    7286.704    176.820   6.700  9.62568E-01  9.78211E-01 -1.58779E-02
    7289.266    179.382   6.750  9.57397E-01  9.77128E-01 -2.00523E-02
    7291.848    181.964   6.800  9.53247E-01  9.76044E-01 -2.31974E-02
    7294.448    184.564   6.850  9.50111E-01  9.74960E-01 -2.53174E-02
    7297.067    187.183   6.900  9.47937E-01  9.73876E-01 -2.64626E-02
    7299.706    189.822   6.950  9.46635E-01  9.72792E-01 -2.67192E-02
    7302.363    192.479   7.000  9.46093E-01  9.71708E-01 -2.61987E-02
    7305.040    195.156   7.050  9.46709E-01  9.71467E-01 -2.53286E-02
    7307.735    197.851   7.100  9.47900E-01  9.71225E-01 -2.38701E-02
    7310.450    200.566   7.150  9.49557E-01  9.70983E-01 -2.19338E-02
    7313.184    203.300   7.200  9.51573E-01  9.70741E-01 -1.96281E-02
    7315.936    206.052   7.250  9.53849E-01  9.70500E-01 -1.70547E-02
    7318.708    208.824   7.300  9.56296E-01  9.70258E-01 -1.43054E-02
    7321.499    211.615   7.350  9.58833E-01  9.70016E-01 -1.14616E-02
    7324.309    214.425   7.400  9.61391E-01  9.69774E-01 -8.59449E-03
    7327.138    217.254   7.450  9.63908E-01  9.69532E-01 -5.76742E-03
    7329.986    220.102   7.500  9.66329E-01  9.69291E-01 -3.03765E-03
    7332.853    222.969   7.550  9.68691E-01  9.69106E-01 -4.25440E-04
    7335.739    225.855   7.600  9.70961E-01  9.68921E-01  2.09308E-03
    7338.644    228.760   7.650  9.73093E-01  9.68737E-01  4.47250E-03
    7341.568    231.684   7.700  9.75042E-01  9.68552E-01  6.66512E-03
    7344.511    234.627   7.750  9.76761E-01  9.68368E-01  8.62212E-03
    7347.473    237.590   7.800  9.78203E-01  9.68183E-01  1.02961E-02
    7350.455    240.571   7.850  9.79328E-01  9.67998E-01  1.16447E-02
    7353.455    243.571   7.900  9.80102E-01  9.67814E-01  1.26340E-02
    7356.474    246.591   7.950  9.80506E-01  9.67629E-01  1.32422E-02
    7359.513    249.629   8.000  9.80532E-01  9.67444E-01  1.34628E-02
    7362.570    252.687   8.050  9.79875E-01  9.66714E-01  1.35523E-02
    7365.647    255.763   8.100  9.78842E-01  9.65984E-01  1.32549E-02
    7368.743    258.859   8.150  9.77450E-01  9.65253E-01  1.25860E-02
    7371.857    261.973   8.200  9.75730E-01  9.64523E-01  1.15762E-02
    7374.991    265.107   8.250  9.73723E-01  9.63792E-01  1.02691E-02
    7378.144    268.260   8.300  9.71484E-01  9.63062E-01  8.71764E-03
    7381.316    271.432   8.350  9.69068E-01  9.62331E-01  6.98027E-03
    7384.506    274.623   8.400  9.66534E-01  9.61601E-01  5.11703E-03
    7387.716    277.832   8.450  9.63939E-01  9.60870E-01  3.18619E-03
    7390.945    281.061   8.500  9.61334E-01  9.60140E-01  1.24155E-03
    7394.193    284.309   8.550  9.57886E-01  9.58580E-01 -7.22579E-04
    7397.460    287.577   8.600  9.54494E-01  9.57020E-01 -2.63507E-03
    7400.746    290.863   8.650  9.51198E-01  9.55460E-01 -4.45382E-03
    7404.052    294.168   8.700  9.48034E-01  9.53900E-01 -6.14135E-03
    7407.376    297.492   8.750  9.45033E-01  9.52340E-01 -7.66379E-03
    7410.719    300.835   8.800  9.42224E-01  9.50780E-01 -8.98969E-03
    7414.081    304.198   8.850  9.39635E-01  9.49220E-01 -1.00891E-02
    7417.463    307.579   8.900  9.37292E-01  9.47660E-01 -1.09332E-02
    7420.863    310.979   8.950  9.35219E-01  9.46100E-01 -1.14948E-02
    7424.283    314.399   9.000  9.33438E-01  9.44540E-01 -1.17497E-02
    7427.721    317.837   9.050  9.31770E-01  9.42783E-01 -1.16785E-02
    7431.179    321.295   9.100  9.30409E-01  9.41026E-01 -1.12801E-02
    7434.655    324.771   9.150  9.29358E-01  9.39270E-01 -1.05507E-02
    7438.151    328.267   9.200  9.28609E-01  9.37513E-01 -9.49661E-03
    7441.666    331.782   9.250  9.28143E-01  9.35756E-01 -8.13593E-03
    7445.199    335.316   9.300  9.27930E-01  9.34000E-01 -6.49962E-03
    7448.752    338.868   9.350  9.27926E-01  9.32243E-01 -4.63156E-03
    7452.324    342.440   9.400  9.28079E-01  9.30486E-01 -2.58765E-03
    7455.915    346.031   9.450  9.28327E-01  9.28730E-01 -4.34085E-04
    7459.525    349.641   9.500  9.28599E-01  9.26973E-01  1.75526E-03
    7463.154    353.270   9.550  9.29182E-01  9.25614E-01  3.85601E-03
    7466.802    356.918   9.600  9.29641E-01  9.24255E-01  5.82877E-03
    7470.469    360.585   9.650  9.29911E-01  9.22896E-01  7.60196E-03
    7474.155    364.271   9.700  9.29932E-01  9.21537E-01  9.11057E-03
    7477.861    367.977   9.750  9.29656E-01  9.20178E-01  1.02993E-02
    7481.585    371.701   9.800  9.29043E-01  9.18819E-01  1.11253E-02
    7485.328    375.444   9.850  9.28069E-01  9.17460E-01  1.15599E-02
    7489.090    379.207   9.900  9.26723E-01  9.16101E-01  1.15902E-02
    7492.872    382.988   9.950  9.25010E-01  9.14743E-01  1.12196E-02
    7496.672    386.788  10.000  9.22950E-01  9.13384E-01  1.04678E-02
    7500.492    390.608  10.050  9.21922E-01  9.13366E-01  9.36805E-03
    7504.330    394.447  10.100  9.20635E-01  9.13349E-01  7.98325E-03
    7508.188    398.304  10.150  9.19145E-01  9.13331E-01  6.37328E-03
    7512.065    402.181  10.200  9.17512E-01  9.13314E-01  4.60560E-03
    7515.960    406.077  10.250  9.15804E-01  9.13296E-01  2.75198E-03
    7519.875    409.991  10.300  9.14085E-01  9.13279E-01  8.84942E-04
    7523.809    413.925  10.350  9.12419E-01  9.13261E-01 -9.25693E-04
    7527.762    417.878  10.400  9.10865E-01  9.13244E-01 -2.61607E-03
    7531.734    421.850  10.450  9.09472E-01  9.13226E-01 -4.13107E-03
    7535.725    425.841  10.500  9.08280E-01  9.13209E-01 -5.42639E-03
    7539.735    429.851  10.550  9.07319E-01  9.13191E-01 -6.46989E-03
    7543.764    433.880  10.600  9.06604E-01  9.13174E-01 -7.24197E-03
    7547.812    437.928  10.650  9.06144E-01  9.13156E-01 -7.73523E-03
    7551.879    441.995  10.700  9.05933E-01  9.13139E-01 -7.95336E-03
    7555.965    446.081  10.750  9.05960E-01  9.13121E-01 -7.90951E-03
    7560.070    450.187  10.800  9.06205E-01  9.13104E-01 -7.62441E-03
    7564.195    454.311  10.850  9.06643E-01  9.13086E-01 -7.12444E-03
    7568.338    458.454  10.900  9.07249E-01  9.13069E-01 -6.43984E-03
    7572.501    462.617  10.950  9.07990E-01  9.13052E-01 -5.60328E-03
    7576.682    466.798  11.000  9.08838E-01  9.13034E-01 -4.64877E-03
    7580.883    470.999  11.050  9.07133E-01  9.10410E-01 -3.63605E-03
    7585.102    475.218  11.100  9.05485E-01  9.07786E-01 -2.55713E-03
    7589.341    479.457  11.150  9.03864E-01  9.05162E-01 -1.44396E-03
    7593.598    483.714  11.200  9.02243E-01  9.02537E-01 -3.27981E-04
    7597.875    487.991  11.250  9.00594E-01  8.99913E-01  7.59740E-04
    7602.171    492.287  11.300  8.98889E-01  8.97289E-01  1.78863E-03
    7606.486    496.602  11.350  8.97102E-01  8.94665E-01  2.72901E-03
    7610.819    500.936  11.400  8.95208E-01  8.92041E-01  3.55300E-03
    7615.172    505.289  11.450  8.93187E-01  8.89417E-01  4.23570E-03
    7619.544    509.660  11.500  8.91020E-01  8.86792E-01  4.75663E-03
    7623.935    514.051  11.550  8.88695E-01  8.84168E-01  5.10124E-03
    7628.345    518.462  11.600  8.86206E-01  8.81544E-01  5.26210E-03
    7632.774    522.891  11.650  8.83555E-01  8.78920E-01  5.23970E-03
    7637.223    527.339  11.700  8.80749E-01  8.76296E-01  5.04264E-03
    7641.690    531.806  11.750  8.77805E-01  8.73672E-01  4.68710E-03
    7646.176    536.292  11.800  8.74741E-01  8.71047E-01  4.19567E-03
    7650.681    540.798  11.850  8.71584E-01  8.68423E-01  3.59567E-03
    7655.206    545.322  11.900  8.68359E-01  8.65799E-01  2.91713E-03
    7659.749    549.865  11.950  8.65095E-01  8.63175E-01  2.19067E-03
    7664.312    554.428  12.000  8.61816E-01  8.60551E-01  1.44562E-03
    7668.893    559.009  12.050  8.58564E-01  8.58005E-01  6.40176E-04
    7673.494    563.610  12.100  8.55336E-01  8.55460E-01 -1.41749E-04
    7678.113    568.229  12.150  8.52155E-01  8.52914E-01 -8.73406E-04
    7682.752    572.868  12.200  8.49036E-01  8.50369E-01 -1.53473E-03
    7687.410    577.526  12.250  8.45993E-01  8.47823E-01 -2.11216E-03
    7692.086    582.203  12.300  8.43031E-01  8.45278E-01 -2.59771E-03
    7696.782    586.898  12.350  8.40153E-01  8.42732E-01 -2.98761E-03
    7701.497    591.613  12.400  8.37360E-01  8.40187E-01 -3.28071E-03
    7706.231    596.347  12.450  8.34651E-01  8.37641E-01 -3.47703E-03
    7710.984    601.100  12.500  8.32026E-01  8.35096E-01 -3.57666E-03
    7715.756    605.872  12.550  8.29484E-01  8.32550E-01 -3.57917E-03
    7720.547    610.663  12.600  8.27026E-01  8.30005E-01 -3.48364E-03
    7725.357    615.473  12.650  8.24653E-01  8.27459E-01 -3.28917E-03
    7730.186    620.302  12.700  8.22362E-01  8.24913E-01 -2.99591E-03
    7735.034    625.151  12.750  8.20153E-01  8.22368E-01 -2.60620E-03
    7739.902    630.018  12.800  8.18019E-01  8.19822E-01 -2.12574E-03
    7744.788    634.904  12.850  8.15952E-01  8.17277E-01 -1.56459E-03
    7749.693    639.810  12.900  8.13939E-01  8.14731E-01 -9.37616E-04
    7754.618    644.734  12.950  8.11963E-01  8.12186E-01 -2.64599E-04
    7759.561    649.677  13.000  8.10002E-01  8.09640E-01  4.30388E-04
    7764.524    654.640  13.050  8.10338E-01  8.09426E-01  1.08601E-03
    7769.505    659.621  13.100  8.10638E-01  8.09211E-01  1.70042E-03
    7774.506    664.622  13.150  8.10884E-01  8.08997E-01  2.25094E-03
    7779.526    669.642  13.200  8.11057E-01  8.08782E-01  2.71729E-03
    7784.564    674.680  13.250  8.11145E-01  8.08567E-01  3.08259E-03
    7789.622    679.738  13.300  8.11137E-01  8.08353E-01  3.33413E-03
    7794.699    684.815  13.350  8.11027E-01  8.08138E-01  3.46396E-03
    7799.795    689.911  13.400  8.10813E-01  8.07924E-01  3.46910E-03
    7804.910    695.026  13.450  8.10497E-01  8.07709E-01  3.35160E-03
    7810.044    700.160  13.500  8.10085E-01  8.07495E-01  3.11822E-03
    7815.197    705.313  13.550  8.09587E-01  8.07280E-01  2.78008E-03
    7820.369    710.485  13.600  8.09015E-01  8.07065E-01  2.35200E-03
    7825.560    715.676  13.650  8.08383E-01  8.06851E-01  1.85181E-03
    7830.770    720.886  13.700  8.07710E-01  8.06636E-01  1.29954E-03
    7835.999    726.115  13.750  8.07013E-01  8.06422E-01  7.16587E-04
    7841.247    731.363  13.800  8.06310E-01  8.06207E-01  1.24840E-04
    7846.515    736.631  13.850  8.05619E-01  8.05993E-01 -4.54195E-04
    7851.801    741.917  13.900  8.04955E-01  8.05778E-01 -1.00022E-03
    7857.106    747.223  13.950  8.04336E-01  8.05563E-01 -1.49491E-03
    7862.431    752.547  14.000  8.03772E-01  8.05349E-01 -1.92254E-03
    7867.774    757.890  14.050  8.03020E-01  8.04876E-01 -2.26853E-03
    7873.137    763.253  14.100  8.02338E-01  8.04404E-01 -2.52903E-03
    7878.518    768.635  14.150  8.01733E-01  8.03932E-01 -2.69756E-03
    7883.919    774.035  14.200  8.01205E-01  8.03459E-01 -2.77127E-03
    7889.339    779.455  14.250  8.00753E-01  8.02987E-01 -2.75085E-03
    7894.778    784.894  14.300  8.00375E-01  8.02515E-01 -2.64044E-03
    7900.235    790.352  14.350  8.00063E-01  8.02042E-01 -2.44719E-03
    7905.712    795.828  14.400  7.99810E-01  8.01570E-01 -2.18091E-03
    7911.208    801.324  14.450  7.99605E-01  8.01098E-01 -1.85349E-03
    7916.723    806.839  14.500  7.99437E-01  8.00625E-01 -1.47833E-03
    7922.257    812.373  14.550  7.99295E-01  8.00153E-01 -1.06984E-03
    7927.810    817.926  14.600  7.99166E-01  7.99681E-01 -6.42891E-04
    7933.382    823.498  14.650  7.99039E-01  7.99208E-01 -2.12318E-04
    7938.973    829.090  14.700  7.98901E-01  7.98736E-01  2.07511E-04
    7944.584    834.700  14.750  7.98743E-01  7.98263E-01  6.03109E-04
    7950.213    840.329  14.800  7.98555E-01  7.97791E-01  9.62255E-04
    7955.861    845.977  14.850  7.98328E-01  7.97319E-01  1.27435E-03
    7961.528    851.645  14.900  7.98057E-01  7.96846E-01  1.53077E-03
    7967.215    857.331  14.950  7.97735E-01  7.96374E-01  1.72514E-03
    7972.920    863.036  15.000  7.97361E-01  7.95902E-01  1.85360E-03
    7978.645    868.761  15.050  7.96326E-01  7.94793E-01  1.95079E-03
    7984.388    874.505  15.100  7.95232E-01  7.93685E-01  1.97323E-03
    7990.151    880.267  15.150  7.94080E-01  7.92576E-01  1.92120E-03
    7995.933    886.049  15.200  7.92872E-01  7.91468E-01  1.79837E-03
    8001.733    891.850  15.250  7.91615E-01  7.90359E-01  1.61159E-03
    8007.553    897.669  15.300  7.90317E-01  7.89251E-01  1.37045E-03
    8013.392    903.508  15.350  7.88986E-01  7.88142E-01  1.08671E-03
    8019.250    909.366  15.400  7.87633E-01  7.87034E-01  7.73502E-04
    8025.127    915.243  15.450  7.86269E-01  7.85925E-01  4.44566E-04
    8031.023    921.139  15.500  7.84904E-01  7.84817E-01  1.13467E-04
    8036.938    927.054  15.550  7.83549E-01  7.83708E-01 -2.07117E-04
    8042.872    932.988  15.600  7.82211E-01  7.82600E-01 -5.05959E-04
    8048.825    938.941  15.650  7.80898E-01  7.81491E-01 -7.73682E-04
    8054.797    944.913  15.700  7.79616E-01  7.80383E-01 -1.00297E-03
    8060.788    950.904  15.750  7.78367E-01  7.79274E-01 -1.18863E-03
    8066.798    956.915  15.800  7.77155E-01  7.78166E-01 -1.32746E-03
    8072.828    962.944  15.850  7.75980E-01  7.77057E-01 -1.41808E-03
    8078.876    968.992  15.900  7.74841E-01  7.75949E-01 -1.46067E-03
    8084.943    975.060  15.950  7.73738E-01  7.74840E-01 -1.45665E-03
    8091.030    981.146  16.000  7.72668E-01  7.73732E-01 -1.40849E-03
    8097.135    987.252  16.050  7.71072E-01  7.72074E-01 -1.32878E-03
    8103.260    993.376  16.100  7.69510E-01  7.70415E-01 -1.20333E-03
    8109.403    999.520  16.150  7.67979E-01  7.68757E-01 -1.03586E-03
    8115.566   1005.682  16.200  7.66475E-01  7.67099E-01 -8.31484E-04
    8121.748   1011.864  16.250  7.64994E-01  7.65441E-01 -5.96729E-04
    8127.949   1018.065  16.300  7.63529E-01  7.63782E-01 -3.39441E-04
    8134.168   1024.285  16.350  7.62073E-01  7.62124E-01 -6.86374E-05
    8140.407   1030.523  16.400  7.60619E-01  7.60466E-01  2.05771E-04
    8146.665   1036.781  16.450  7.59159E-01  7.58808E-01  4.73333E-04
    8152.942   1043.058  16.500  7.57686E-01  7.57149E-01  7.23507E-04
    8159.238   1049.354  16.550  7.56192E-01  7.55491E-01  9.46143E-04
    8165.553   1055.669  16.600  7.54670E-01  7.53833E-01  1.13199E-03
    8171.887   1062.003  16.650  7.53114E-01  7.52175E-01  1.27318E-03
    8178.240   1068.357  16.700  7.51521E-01  7.50516E-01  1.36363E-03
    8184.613   1074.729  16.750  7.49887E-01  7.48858E-01  1.39942E-03
    8191.004   1081.120  16.800  7.48212E-01  7.47200E-01  1.37895E-03
    8197.414   1087.530  16.850  7.46496E-01  7.45542E-01  1.30308E-03
    8203.843   1093.960  16.900  7.44743E-01  7.43883E-01  1.17508E-03
    8210.292   1100.408  16.950  7.42955E-01  7.42225E-01  1.00051E-03
    8216.759   1106.875  17.000  7.41140E-01  7.40567E-01  7.86902E-04
    8223.246   1113.362  17.050  7.37803E-01  7.37393E-01  5.64743E-04
    8229.751   1119.868  17.100  7.34453E-01  7.34218E-01  3.22964E-04
    8236.276   1126.392  17.150  7.31095E-01  7.31044E-01  7.02256E-05
    8242.820   1132.936  17.200  7.27737E-01  7.27870E-01 -1.84177E-04
    8249.382   1139.498  17.250  7.24386E-01  7.24696E-01 -4.30699E-04
    8255.964   1146.080  17.300  7.21047E-01  7.21522E-01 -6.59985E-04
    8262.565   1152.681  17.350  7.17729E-01  7.18347E-01 -8.63335E-04
    8269.185   1159.301  17.400  7.14434E-01  7.15173E-01 -1.03315E-03
    8275.824   1165.940  17.450  7.11169E-01  7.11999E-01 -1.16330E-03
    8282.482   1172.598  17.500  7.07936E-01  7.08825E-01 -1.24944E-03
    8289.159   1179.275  17.550  7.04735E-01  7.05650E-01 -1.28913E-03
    8295.855   1185.971  17.600  7.01568E-01  7.02476E-01 -1.28187E-03
    8302.570   1192.686  17.650  6.98434E-01  6.99302E-01 -1.22903E-03
    8309.304   1199.420  17.700  6.95329E-01  6.96128E-01 -1.13367E-03
    8316.057   1206.173  17.750  6.92250E-01  6.92954E-01 -1.00027E-03
    8322.829   1212.945  17.800  6.89194E-01  6.89779E-01 -8.34524E-04
    8329.621   1219.737  17.850  6.86155E-01  6.86605E-01 -6.43037E-04
    8336.431   1226.547  17.900  6.83129E-01  6.83431E-01 -4.33099E-04
    8343.260   1233.376  17.950  6.80109E-01  6.80257E-01 -2.12444E-04
    8350.109   1240.225  18.000  6.77090E-01  6.77083E-01  1.09735E-05
    8356.976   1247.092  18.050  6.75717E-01  6.75566E-01  2.17877E-04
    8363.863   1253.979  18.100  6.74333E-01  6.74049E-01  4.09355E-04
    8370.768   1260.885  18.150  6.72934E-01  6.72533E-01  5.81518E-04
    8377.693   1267.809  18.200  6.71520E-01  6.71016E-01  7.31412E-04
    8384.637   1274.753  18.250  6.70088E-01  6.69500E-01  8.56642E-04
    8391.599   1281.716  18.300  6.68638E-01  6.67983E-01  9.55074E-04
    8398.581   1288.697  18.350  6.67168E-01  6.66467E-01  1.02466E-03
    8405.582   1295.698  18.400  6.65676E-01  6.64950E-01  1.06346E-03
    8412.602   1302.718  18.450  6.64162E-01  6.63433E-01  1.06977E-03
    8419.641   1309.757  18.500  6.62625E-01  6.61917E-01  1.04245E-03
    8426.699   1316.815  18.550  6.61066E-01  6.60400E-01  9.81276E-04
    8433.776   1323.892  18.600  6.59484E-01  6.58884E-01  8.87265E-04
    8440.872   1330.988  18.650  6.57882E-01  6.57367E-01  7.62920E-04
    8447.987   1338.103  18.700  6.56263E-01  6.55851E-01  6.12330E-04
    8455.121   1345.238  18.750  6.54630E-01  6.54334E-01  4.41080E-04
    8462.275   1352.391  18.800  6.52989E-01  6.52817E-01  2.55990E-04
    8469.447   1359.563  18.850  6.51344E-01  6.51301E-01  6.47068E-05
    8476.638   1366.754  18.900  6.49701E-01  6.49784E-01 -1.24799E-04
    8483.849   1373.965  18.950  6.48065E-01  6.48268E-01 -3.04758E-04
    8491.078   1381.194  19.000  6.46440E-01  6.46751E-01 -4.68090E-04
    8498.327   1388.443  19.050  6.45795E-01  6.46202E-01 -6.14480E-04
    8505.594   1395.710  19.100  6.45168E-01  6.45653E-01 -7.34107E-04
    8512.881   1402.997  19.150  6.44561E-01  6.45105E-01 -8.23442E-04
    8520.186   1410.303  19.200  6.43976E-01  6.44556E-01 -8.80298E-04
    8527.511   1417.627  19.250  6.43413E-01  6.44007E-01 -9.03769E-04
    8534.855   1424.971  19.300  6.42872E-01  6.43458E-01 -8.94105E-04
    8542.218   1432.334  19.350  6.42351E-01  6.42909E-01 -8.52580E-04
    8549.600   1439.716  19.400  6.41850E-01  6.42360E-01 -7.81383E-04
    8557.000   1447.117  19.450  6.41366E-01  6.41812E-01 -6.83559E-04
    8564.420   1454.537  19.500  6.40897E-01  6.41263E-01 -5.62985E-04
    8571.859   1461.976  19.550  6.40438E-01  6.40714E-01 -4.24353E-04
    8579.317   1469.434  19.600  6.39988E-01  6.40165E-01 -2.73111E-04
    8586.794   1476.911  19.650  6.39542E-01  6.39616E-01 -1.15313E-04
    8594.291   1484.407  19.700  6.39095E-01  6.39067E-01  4.26283E-05
    8601.806   1491.922  19.750  6.38643E-01  6.38518E-01  1.94301E-04
    8609.340   1499.456  19.800  6.38184E-01  6.37970E-01  3.33696E-04
    8616.893   1507.010  19.850  6.37712E-01  6.37421E-01  4.55608E-04
    8624.466   1514.582  19.900  6.37227E-01  6.36872E-01  5.55945E-04
    8632.057   1522.173  19.950  6.36726E-01  6.36323E-01  6.31908E-04
    8639.668   1529.784  20.000  6.36208E-01  6.35774E-01  6.81989E-04
