#       526                energy               denergy   muonrho              dmuonrho
     1.3506292507887149e+01            4.0571947e-04   3.7876376468536819e+01   2.5452277907257861e-02
     1.3806472896120725e+01            3.9661024e-04   3.5604913320929391e+01   3.1883805495684155e-02
     1.4106661892018405e+01            3.8702448e-04   3.3584679591694268e+01   2.3901524681043923e-02
     1.4406833375878826e+01            3.7702135e-04   3.1622162003980449e+01   2.0155777045400110e-02
     1.4707015693142978e+01            3.6666924e-04   2.9866073125739092e+01   1.8093456613522692e-02
     1.5007215593349958e+01            3.5605035e-04   2.8197921720888640e+01   3.0584347693599443e-02
     1.5337416746120644e+01            3.4418094e-04   2.6557204415530506e+01   1.4239383242545913e-02
     1.5637603442362485e+01            3.3334715e-04   2.5153024383559302e+01   1.6926282495796977e-02
     1.5937808387436862e+01            3.2261835e-04   2.3844686238852390e+01   2.6099892243526553e-02
     1.6237980872083888e+01            3.1216588e-04   2.2632181748340038e+01   1.3790004443928120e-02
     1.6538187470851991e+01            3.0218746e-04   2.1497374394998172e+01   2.4218053127568379e-02
     1.6838355185010741e+01            2.9291859e-04   2.0408739978236486e+01   2.0602694399437550e-02
     1.7138553605068957e+01            2.8462426e-04   1.9452256864637736e+01   2.1443757284072263e-02
     1.7438763066552262e+01            2.7760392e-04   1.8498035852069659e+01   1.6905160121389363e-02
     1.7738970364621977e+01            2.7218030e-04   1.7643863627129303e+01   1.1220241921941215e-02
     1.8039156342901052e+01            2.6868531e-04   1.6828943687624754e+01   1.8486742245447951e-02
     1.8339388140128253e+01            2.6743879e-04   1.6075777079849942e+01   1.8315179549111341e-02
     1.8639562936166051e+01            2.6872414e-04   1.5352650059318606e+01   1.6490464440982164e-02
     1.8939779879222630e+01            2.7276226e-04   1.4636469262776076e+01   9.2613012246676608e-03
     1.9239996900309698e+01            2.7969206e-04   1.4016934479480689e+01   1.0444791480674854e-02
     1.9540207621466600e+01            2.8956283e-04   1.3386126555180983e+01   9.4182425239843267e-03
     1.9560219050413139e+01            2.9032497e-04   1.3346023705117602e+01   1.1463246780350964e-02
     1.9580224381070671e+01            2.9109974e-04   1.3312287931806758e+01   6.8938977326083338e-03
     1.9600223443557660e+01            2.9188718e-04   1.3275243242385425e+01   9.4852580313537199e-03
     1.9620264196617750e+01            2.9268916e-04   1.3238696998135421e+01   1.3621436776279382e-02
     1.9640248647616666e+01            2.9350171e-04   1.3206557890435349e+01   7.7576956039033997e-03
     1.9660274639863715e+01            2.9432875e-04   1.3162830914231545e+01   6.4186512777595654e-03
     1.9680295542024332e+01            2.9516840e-04   1.3136252016968257e+01   1.0494359870011842e-02
     1.9700307844850560e+01            2.9602044e-04   1.3107342265726768e+01   1.1222839971697079e-02
     1.9720313041568449e+01            2.9688491e-04   1.3072452549616525e+01   1.0317517589230978e-02
     1.9740359689933044e+01            2.9776388e-04   1.3036013655151663e+01   4.3310522555508107e-03
     1.9760350252718425e+01            2.9865306e-04   1.3009021771460709e+01   3.0924662248813556e-03
     1.9780382119158730e+01            2.9955670e-04   1.2977804042090387e+01   4.0624052491837178e-03
     1.9800357347788925e+01            3.0047039e-04   1.2953577611618977e+01   3.8778155829360299e-03
     1.9820372035616309e+01            3.0139840e-04   1.2930859673266875e+01   1.2307579817998937e-02
     1.9840429694267293e+01            3.0234095e-04   1.2916312083162500e+01   3.5340981515468548e-03
     1.9860428382546246e+01            3.0329323e-04   1.2918817641778158e+01   4.5951486906164705e-03
     1.9880420456967379e+01            3.0425761e-04   1.2937901965072411e+01   4.2325978068923102e-03
     1.9900450165071216e+01            3.0523623e-04   1.2972598017882202e+01   4.6154965242485198e-03
     1.9920474816440404e+01            3.0622695e-04   1.3051335316863389e+01   8.6347943679714132e-03
     1.9974020648648384e+01            3.0893664e-04   1.4375666994177690e+01   2.9385963156748070e-03
     1.9974523248404275e+01            3.0896251e-04   1.4426157470798170e+01   4.7467114367996692e-03
     1.9975022431197967e+01            3.0898818e-04   1.4469074668376527e+01   3.3331370748477720e-03
     1.9975525082311343e+01            3.0901405e-04   1.4529272584166311e+01   1.5426165135587845e-02
     1.9976026037654496e+01            3.0903984e-04   1.4597115742395326e+01   1.7696441067169624e-02
     1.9976477091509505e+01            3.0906306e-04   1.4654843456694367e+01   4.4961989463554307e-02
     1.9976979817202228e+01            3.0908897e-04   1.4755137722873432e+01   8.0759754314103840e-03
     1.9977480846874997e+01            3.0911478e-04   1.4891333786304362e+01   3.8133761833886600e-03
     1.9977981902149100e+01            3.0914060e-04   1.4830552696327846e+01   2.0860048532110490e-02
     1.9978482983026495e+01            3.0916641e-04   1.4854778616532434e+01   4.8791697017164008e-02
     1.9978985811568680e+01            3.0919234e-04   1.4835111872320930e+01   2.8203982752602053e-02
     1.9979486943746508e+01            3.0921822e-04   1.4980970800223139e+01   2.0397887371204369e-02
     1.9979988101533483e+01            3.0924406e-04   1.5069842864299321e+01   1.5912378058829120e-02
     1.9980992216354576e+01            3.0929589e-04   1.5250935664698257e+01   1.8062932677075164e-02
     1.9981493451068722e+01            3.0932177e-04   1.5277514388847194e+01   1.1024670271057696e-02
     1.9981996433988090e+01            3.0934776e-04   1.5394093708893143e+01   1.6012473702456790e-02
     1.9982495997349840e+01            3.0937357e-04   1.5516374301086721e+01   2.2221021221267904e-02
     1.9982999031685065e+01            3.0939959e-04   1.5741377623295980e+01   2.6114137678377541e-02
     1.9983500368966812e+01            3.0942549e-04   1.5909534246455381e+01   1.3858839522241966e-02
     1.9984003454814097e+01            3.0945151e-04   1.6061162061780525e+01   1.1115006544878497e-02
     1.9984503120406565e+01            3.0947736e-04   1.6204244983354691e+01   9.1867240996554404e-03
     1.9985006257685392e+01            3.0950340e-04   1.6378234483793054e+01   7.0341134932171900e-03
     1.9985507697566014e+01            3.0952937e-04   1.6605766623741012e+01   1.9534174415140867e-02
     1.9986010886372611e+01            3.0955541e-04   1.6820424728914585e+01   1.9164239356025806e-02
     1.9986512377608463e+01            3.0958140e-04   1.7099502088383890e+01   1.2578409151399642e-02
     1.9987012171011237e+01            3.0960728e-04   1.7260362862550828e+01   2.7295884617051010e-02
     1.9988018728788941e+01            3.0965946e-04   1.7942423377326566e+01   1.2725431200429606e-02
     1.9988520322670642e+01            3.0968548e-04   1.8208952257778403e+01   4.0250832343638784e-02
     1.9991030400958312e+01            3.0981575e-04   2.0842552901748029e+01   3.0668288640528802e-02
     1.9991532148823431e+01            3.0984182e-04   2.1764929121212592e+01   2.9610563122161548e-02
     1.9992033922344611e+01            3.0986790e-04   2.3067916690346532e+01   4.0129201578201226e-02
     1.9992537445963848e+01            3.0989407e-04   2.4409406936422972e+01   3.2225322186596454e-02
     1.9992989259695658e+01            3.0991755e-04   2.6112422763726361e+01   3.9702751493015144e-02
     1.9993492832335402e+01            3.0994375e-04   2.8011966102567378e+01   5.3279699530542214e-02
     1.9993992981422981e+01            3.0996976e-04   3.0393948405364263e+01   5.9679000809318067e-02
     1.9994496605568465e+01            3.0999599e-04   3.2546466996344321e+01   9.4187052411117633e-02
     1.9994998530685432e+01            3.1002209e-04   3.4835783767876300e+01   7.4509007464322374e-02
     1.9995502206433024e+01            3.1004832e-04   3.6884077125539591e+01   6.0248154105999485e-02
     1.9996004182979313e+01            3.1007448e-04   3.8759965632726121e+01   4.9227217893251046e-02
     1.9996506185199088e+01            3.1010062e-04   4.0564745219398546e+01   4.3127798720617477e-02
     1.9997008213094311e+01            3.1012678e-04   4.2140130049479154e+01   6.7046491112252471e-02
     1.9997511991981224e+01            3.1015306e-04   4.3797743233279867e+01   3.9740793908010594e-02
     1.9998014071321467e+01            3.1017922e-04   4.5384948215678584e+01   5.6263992913514457e-02
     1.9998514450852245e+01            3.1020533e-04   4.7095811700916059e+01   5.9500188018160573e-02
     1.9999018307047876e+01            3.1023161e-04   4.8687862867500783e+01   4.0573618910107252e-02
     1.9999520463437975e+01            3.1025783e-04   5.0408100875764660e+01   3.1350914626824732e-02
     2.0000024371271163e+01            3.1028414e-04   5.2113476042584182e+01   2.2860489805313338e-02
     2.0000528304970384e+01            3.1031045e-04   5.3831874067931814e+01   4.2846198983136484e-02
     2.0001028812671766e+01            3.1033659e-04   5.5433550343014055e+01   2.8881318763832556e-02
     2.0001531071910708e+01            3.1036284e-04   5.7029384215042008e+01   2.6052153026937846e-02
     2.0002035082954066e+01            3.1038918e-04   5.8761612719497130e+01   5.5441680538992184e-02
     2.0002537393673371e+01            3.1041546e-04   6.0604233367919313e+01   3.5092806097991876e-02
     2.0003039730091643e+01            3.1044171e-04   6.2486844750262883e+01   5.8852257471172460e-02
     2.0003542092210843e+01            3.1046799e-04   6.4642723016964709e+01   2.6085567291110643e-02
     2.0004046206495882e+01            3.1049439e-04   6.7035587706726361e+01   9.2094995241976230e-02
     2.0004498550247117e+01            3.1051805e-04   6.9706877288109695e+01   8.7163279649540029e-02
     2.0005002713638401e+01            3.1054445e-04   7.2549957507340338e+01   5.7973748527575274e-02
     2.0005505176195491e+01            3.1057076e-04   7.5264149416994414e+01   4.6386202141550002e-02
     2.0006007664463130e+01            3.1059710e-04   7.8348162824602952e+01   3.8974578362707943e-02
     2.0006510178443271e+01            3.1062344e-04   8.1164329547051821e+01   1.4589825584455834e-01
     2.0007014445122760e+01            3.1064986e-04   8.3889083095831737e+01   1.0223611127631833e-01
     2.0007517010622184e+01            3.1067620e-04   8.5913270155979859e+01   6.8812259342915127e-02
     2.0008019601840012e+01            3.1070257e-04   8.7607355346309788e+01   6.0216415772639573e-02
     2.0008522218778200e+01            3.1072894e-04   8.8901614289662064e+01   5.1308319282215714e-02
     2.0009026588777434e+01            3.1075542e-04   8.9935440799142825e+01   4.2913170660561460e-02
     2.0009529257250641e+01            3.1078179e-04   9.0546974138068109e+01   3.8452966749292571e-02
     2.0010033678965932e+01            3.1080827e-04   9.0959360630520123e+01   3.3289032801826803e-02
     2.0010534671377780e+01            3.1083458e-04   9.1011225400370265e+01   2.7336350444683660e-02
     2.0011037417035638e+01            3.1086101e-04   9.0722121701285388e+01   2.4987208258742750e-02
     2.0011541916206752e+01            3.1088752e-04   9.0245280746031796e+01   4.2021760640487613e-02
     2.0012044713419300e+01            3.1091395e-04   8.9549929784025565e+01   3.9578107030242261e-02
     2.0012547536367929e+01            3.1094041e-04   8.8551736014131961e+01   4.0591645831785629e-02
     2.0013050385054598e+01            3.1096686e-04   8.7398634711920749e+01   3.2446464477605193e-02
     2.0013504871819251e+01            3.1099076e-04   8.6331380169797910e+01   2.3863646206221886e-02
     2.0014007769510918e+01            3.1101724e-04   8.5378291475525046e+01   1.5844214202803884e-02
     2.0014512421249943e+01            3.1104381e-04   8.4423415504825968e+01   5.0968229825620701e-02
     2.0019548260395208e+01            3.1130933e-04   8.5555013895186562e+01   4.4949739971071892e-02
     2.0020049738217534e+01            3.1133581e-04   8.6019442164710796e+01   3.3854733617662891e-02
     2.0020554700363498e+01            3.1136250e-04   8.6430983181038016e+01   3.1456176384782694e-02
     2.0021057959000647e+01            3.1138910e-04   8.6664216236509233e+01   3.0306835546356100e-02
     2.0021511086761990e+01            3.1141302e-04   8.6845150294399033e+01   2.8333156632914070e-02
     2.0022016123998991e+01            3.1143974e-04   8.6947750332329178e+01   2.6409070084301000e-02
     2.0022517727763294e+01            3.1146625e-04   8.7003551376074938e+01   2.4937689906954972e-02
     2.0023022816729483e+01            3.1149300e-04   8.6963276244276670e+01   2.3336571657526319e-02
     2.0023526201762206e+01            3.1151963e-04   8.6894598192674749e+01   2.1189307693510628e-02
     2.0024031342554377e+01            3.1154638e-04   8.6844037665283054e+01   1.8629555271389941e-02
     2.0024534779239552e+01            3.1157301e-04   8.6817058083294739e+01   4.3786744165954128e-02
     2.0025038241709602e+01            3.1159970e-04   8.6642680794019498e+01   6.3150923909454718e-02
     2.0025541729966505e+01            3.1162635e-04   8.6637664804415849e+01   5.9823628637606097e-02
     2.0026046974345512e+01            3.1165313e-04   8.6644976285896590e+01   5.5815431901504509e-02
     2.0026550514270649e+01            3.1167982e-04   8.6708093472855069e+01   5.2525617897635539e-02
     2.0027054079988559e+01            3.1170654e-04   8.6830775122643473e+01   4.8027437160202940e-02
     2.0027557671501196e+01            3.1173322e-04   8.7008996900754298e+01   4.3586681394847185e-02
     2.0028063019498692e+01            3.1176006e-04   8.7288896814042459e+01   3.9674163466911300e-02
     2.0028516470291514e+01            3.1178413e-04   8.7600665343041086e+01   3.3701824171606436e-02
     2.0029020136717556e+01            3.1181084e-04   8.8019013092445704e+01   2.5586534655134094e-02
     2.0029525559891631e+01            3.1183768e-04   8.8495647298728528e+01   2.7858602317079064e-02
     2.0030027546978868e+01            3.1186434e-04   8.8801227020480567e+01   3.6572125389130260e-02
     2.0030533021941071e+01            3.1189120e-04   8.9189627101547586e+01   3.5454244987126321e-02
     2.0031036791677316e+01            3.1191797e-04   8.9587604044479903e+01   3.4063633629043764e-02
     2.0031542318524551e+01            3.1194484e-04   8.9985422361678502e+01   3.2811904008160260e-02
     2.0032044408582717e+01            3.1197155e-04   9.0395149241554634e+01   3.0332241813661023e-02
     2.0032549987233910e+01            3.1199845e-04   9.0749578811326700e+01   2.8396368169072525e-02
     2.0033053860311956e+01            3.1202525e-04   9.1151746006456335e+01   2.7576557020890024e-02
     2.0033559490864043e+01            3.1205217e-04   9.1574090491693497e+01   2.6325810564467943e-02
     2.0034063415669205e+01            3.1207898e-04   9.2003904309598852e+01   2.2247402960234381e-02
     2.0034567366296521e+01            3.1210581e-04   9.2535432503165282e+01   3.1355760291935340e-02
     2.0035021117132015e+01            3.1213000e-04   9.2904179280802680e+01   4.0018555337993408e-02
     2.0035525116835736e+01            3.1215683e-04   9.3358580597252143e+01   3.8835943342549722e-02
     2.0036030874458366e+01            3.1218381e-04   9.3838102573252144e+01   3.6859666921695150e-02
     2.0036534925908580e+01            3.1221067e-04   9.4239058178224099e+01   3.5832249510223950e-02
     2.0037039003190625e+01            3.1223753e-04   9.4595594898087597e+01   3.2259566876366358e-02
     2.0037543106306476e+01            3.1226443e-04   9.4903805529529166e+01   3.0018897284695534e-02
     2.0038048967704544e+01            3.1229143e-04   9.5127882790292091e+01   2.7966289208418340e-02
     2.0038553122582712e+01            3.1231833e-04   9.5214784462886939e+01   2.5474680800704298e-02
     2.0039059035924947e+01            3.1234534e-04   9.5115877115205478e+01   2.9513486496069823e-02
     2.0039561509860217e+01            3.1237217e-04   9.5014190169193441e+01   2.6638384188499471e-02
     2.0040067475065456e+01            3.1239921e-04   9.4666700021806236e+01   9.4708069686933849e-02
     2.0040571733403219e+01            3.1242616e-04   9.4151923778443461e+01   9.0496114793741061e-02
     2.0041025761303963e+01            3.1245040e-04   9.3591391415953140e+01   8.7722559821786200e-02
     2.0041531801822693e+01            3.1247747e-04   9.2918964709276736e+01   8.3964979025511810e-02
     2.0042034402073032e+01            3.1250433e-04   9.2189324089301294e+01   8.2682500025072450e-02
     2.0042540494474203e+01            3.1253143e-04   9.1396640947175641e+01   7.8537700800644122e-02
     2.0043044879581991e+01            3.1255840e-04   9.0634965507277130e+01   7.6635825241962066e-02
     2.0043551023962696e+01            3.1258550e-04   8.9871765559964317e+01   7.1351751751745296e-02
     2.0044055460875970e+01            3.1261251e-04   8.9145995335763089e+01   6.6933633777593413e-02
     2.0044559923650525e+01            3.1263952e-04   8.8547253231314343e+01   4.1791041904226112e-02
     2.0049559143282593e+01            3.1290765e-04   8.5391879468975262e+01   3.7364791805681745e-02
     2.0050065622823571e+01            3.1293483e-04   8.5345370061643834e+01   5.9859176158529558e-02
     2.0050570393774883e+01            3.1296196e-04   8.5351515646592532e+01   5.8311833585090109e-02
     2.0051076925354678e+01            3.1298920e-04   8.5394390691032910e+01   5.8197962009522319e-02
     2.0051531438206116e+01            3.1301362e-04   8.5525926200283109e+01   5.8305397531760013e-02
     2.0052034549421759e+01            3.1304068e-04   8.5607181680022379e+01   5.8966577741598004e-02
     2.0052541156351460e+01            3.1306793e-04   8.5764817159072308e+01   5.9731852439184704e-02
     2.0053046054264946e+01            3.1309511e-04   8.5928038657736380e+01   5.9406310646328120e-02
     2.0053552713252973e+01            3.1312238e-04   8.6126140726613713e+01   5.9403145179972222e-02
     2.0054057663050482e+01            3.1314956e-04   8.6393466697251228e+01   6.0722136929174594e-02
     2.0054562638748475e+01            3.1317674e-04   8.6630791906838894e+01   5.2824736354534219e-02
     2.0059568678381684e+01            3.1344674e-04   8.7849710260984807e+01   2.9447070001973785e-02
     2.0060073936799604e+01            3.1347404e-04   8.7831792557236852e+01   6.7372860357643380e-02
     2.0060580957558617e+01            3.1350143e-04   8.7717630268544639e+01   7.2217253999497397e-02
     2.0061086267915787e+01            3.1352876e-04   8.7652919537891876e+01   9.7316352730664593e-02
     2.0061541243064319e+01            3.1355335e-04   8.7524134877224839e+01   1.1461737437539943e-01
     2.0062046602695403e+01            3.1358068e-04   8.7428297597335231e+01   1.0206014304388414e-01
     2.0062551988258317e+01            3.1360800e-04   8.7311307319161315e+01   6.5477570246051761e-02
     2.0063059136609024e+01            3.1363545e-04   8.7215430127574365e+01   6.5401349427887306e-02
     2.0063564574130673e+01            3.1366281e-04   8.7072263455565306e+01   6.8156999962954740e-02
     2.0064071774622661e+01            3.1369025e-04   8.6899510275121756e+01   6.5650157006522894e-02
     2.0064575526989305e+01            3.1371755e-04   8.6809849929425866e+01   2.7431571869723847e-02
     2.0069586659861635e+01            3.1398932e-04   8.5642132622658835e+01   4.0414713726507824e-02
     2.0070092432409627e+01            3.1401680e-04   8.5556641525400877e+01   7.4287092107469421e-02
     2.0070547823718982e+01            3.1404154e-04   8.5556630920341760e+01   7.1126192865223897e-02
     2.0071055383872409e+01            3.1406913e-04   8.5614083291043727e+01   7.1166624184926322e-02
     2.0071561231817952e+01            3.1409660e-04   8.5707600056845081e+01   6.7674878828304058e-02
     2.0072067105732675e+01            3.1412413e-04   8.5834141278066554e+01   6.8683933366049998e-02
     2.0072573005618569e+01            3.1415164e-04   8.5996778137128899e+01   6.5130346396640296e-02
     2.0073080670099252e+01            3.1417925e-04   8.6194216826118023e+01   6.3629853984691204e-02
     2.0073586622022727e+01            3.1420679e-04   8.6424843454923362e+01   6.3385129199634738e-02
     2.0074094338723803e+01            3.1423444e-04   8.6701322140868044e+01   6.1060306977813263e-02
     2.0074549915014913e+01            3.1425923e-04   8.7046008273733605e+01   4.4957180676244005e-02
     2.0079566124069483e+01            3.1453278e-04   9.0226445394202500e+01   6.6479728001842028e-02
     2.0080070669170510e+01            3.1456034e-04   9.0354561045592462e+01   8.6445419223438319e-02
     2.0080578719984910e+01            3.1458811e-04   9.0512791365354062e+01   8.5253260077579454e-02
     2.0081085056948567e+01            3.1461575e-04   9.0632361472197601e+01   8.4813112686030659e-02
     2.0081593160042619e+01            3.1464355e-04   9.0660218260170353e+01   8.2621767695798626e-02
     2.0082099549110882e+01            3.1467123e-04   9.0690817698726732e+01   7.6198311105603836e-02
     2.0082555495540714e+01            3.1469617e-04   9.0679503486872875e+01   7.6613749103565720e-02
     2.0083061934039769e+01            3.1472387e-04   9.0585966763029489e+01   7.6960712328583022e-02
     2.0083568398553226e+01            3.1475158e-04   9.0443434919658117e+01   7.3419550651087573e-02
     2.0084076629645203e+01            3.1477941e-04   9.0314077425142187e+01   7.6860629628680927e-02
     2.0084583146282828e+01            3.1480714e-04   9.0069371646287266e+01   4.6528173186270040e-02
     2.0089604464010701e+01            3.1508246e-04   8.6418927813544670e+01   4.4253726336927542e-02
     2.0090060757580918e+01            3.1510752e-04   8.6056112287445799e+01   6.4547971099902998e-02
     2.0090565839964221e+01            3.1513526e-04   8.5776816861304667e+01   6.4754556795065088e-02
     2.0091074431807726e+01            3.1516320e-04   8.5603167826042181e+01   6.3194308471780106e-02
     2.0091581307989010e+01            3.1519108e-04   8.5419338538794463e+01   6.2840748979501496e-02
     2.0092089952195177e+01            3.1521902e-04   8.5247737178377889e+01   6.4216137399372736e-02
     2.0092596880563804e+01            3.1524690e-04   8.5136315649466809e+01   6.4363645146924081e-02
     2.0093103834984340e+01            3.1527478e-04   8.5042927697537024e+01   6.4115146922964522e-02
     2.0093560290462534e+01            3.1529990e-04   8.4980020218587768e+01   6.4664551704653933e-02
     2.0094067294396147e+01            3.1532781e-04   8.4987065717814019e+01   6.3250256194304105e-02
     2.0094576066803498e+01            3.1535581e-04   8.5058278423911020e+01   6.8368173155746850e-02
     2.0099602475216024e+01            3.1563290e-04   8.5781821034851561e+01   6.0331719446310654e-02
     2.0100109789733235e+01            3.1566093e-04   8.5739290386485365e+01   6.6483315760389392e-02
     2.0100566569445789e+01            3.1568616e-04   8.5785006369771466e+01   6.7415515678561910e-02
     2.0101073933528518e+01            3.1571419e-04   8.5825270099241408e+01   6.8367273164745293e-02
     2.0101581323696543e+01            3.1574222e-04   8.5835320167561136e+01   6.6343097803605547e-02
     2.0102090483695317e+01            3.1577036e-04   8.5840110951628262e+01   6.5783807306740119e-02
     2.0102597926129590e+01            3.1579842e-04   8.5841365982306627e+01   6.5510207765915957e-02
     2.0103107138578252e+01            3.1582659e-04   8.5863773064260272e+01   6.5749265600195381e-02
     2.0103612889274046e+01            3.1585456e-04   8.5894299026374924e+01   6.5076947163086124e-02
     2.0104069831151790e+01            3.1587985e-04   8.5913814864952613e+01   6.5142550856503154e-02
     2.0104579119545591e+01            3.1590802e-04   8.5979427930119911e+01   6.3224615238096610e-02
     2.0109608881267373e+01            3.1618681e-04   8.6214335110425012e+01   5.2637242997991232e-02
     2.0110118455506584e+01            3.1621510e-04   8.6258621252972830e+01   6.5206900612643698e-02
     2.0110575698614387e+01            3.1624048e-04   8.6266876281022689e+01   6.6686953427902623e-02
     2.0111083577421706e+01            3.1626871e-04   8.6356323676914627e+01   6.4322690566311722e-02
     2.0111591482353777e+01            3.1629691e-04   8.6409149921665446e+01   6.4591129999726590e-02
     2.0112099413412604e+01            3.1632514e-04   8.6476219895578140e+01   6.3673087068059006e-02
     2.0112609116202595e+01            3.1635346e-04   8.6587135418648714e+01   6.4576697721852788e-02
     2.0113117099610747e+01            3.1638172e-04   8.6690235508175917e+01   6.3691445692750023e-02
     2.0113576227372235e+01            3.1640724e-04   8.6818585639049516e+01   6.4387884639249535e-02
     2.0114084260533168e+01            3.1643550e-04   8.6936195469555258e+01   6.3443102836609394e-02
     2.0114592319830692e+01            3.1646376e-04   8.7027502421051068e+01   6.8340030503727681e-02
     2.0119627185875466e+01            3.1674435e-04   8.8532833709104722e+01   8.3149821958181908e-02
     2.0120084869445371e+01            3.1676987e-04   8.8647014727947848e+01   7.3122476748427145e-02
     2.0120594984518256e+01            3.1679837e-04   8.8767859880407315e+01   7.5319433111656967e-02
     2.0121103378828948e+01            3.1682674e-04   8.8841741351436241e+01   7.4963095653231768e-02
     2.0121613546498445e+01            3.1685524e-04   8.8887587503033103e+01   7.3608870057897180e-02
     2.0122120245945219e+01            3.1688355e-04   8.8946111585441557e+01   7.5122255375927469e-02
     2.0122630466129173e+01            3.1691205e-04   8.8975540953245329e+01   7.6552601749408658e-02
     2.0123088288859854e+01            3.1693766e-04   8.8969334719034634e+01   7.3787527584353405e-02
     2.0123596811493698e+01            3.1696609e-04   8.8940484836845314e+01   7.5038765989701106e-02
     2.0124107107937210e+01            3.1699461e-04   8.8842014903152034e+01   7.3656909468722470e-02
     2.0124615683011289e+01            3.1702308e-04   8.8802471319914346e+01   6.6226842448334891e-02
     2.0129606699943253e+01            3.1730268e-04   8.7421783990207985e+01   4.8444710696338364e-02
     2.0130115558135902e+01            3.1733123e-04   8.7232964998069534e+01   6.3046573710811557e-02
     2.0130624442528433e+01            3.1735978e-04   8.7043490384646489e+01   6.1892251288007502e-02
     2.0131133353122859e+01            3.1738833e-04   8.6837838447726128e+01   6.2889307311841350e-02
     2.0131591569958108e+01            3.1741406e-04   8.6685838746982327e+01   6.3685858298883069e-02
     2.0132102279400666e+01            3.1744275e-04   8.6453428849676484e+01   6.4738737065418939e-02
     2.0132611266091047e+01            3.1747133e-04   8.6238031935483150e+01   6.6693094833105745e-02
     2.0133120278991179e+01            3.1749994e-04   8.6032435127701262e+01   6.7319006211370991e-02
     2.0133629318103072e+01            3.1752855e-04   8.5853097383330280e+01   6.7989724789264350e-02
     2.0134087650656639e+01            3.1755434e-04   8.5660124516253774e+01   6.9038737454307900e-02
     2.0134598489077128e+01            3.1758306e-04   8.5504075619007210e+01   7.3977517117528993e-02
     2.0139592800036414e+01            3.1786432e-04   8.3737153595050728e+01   5.0123319271344238e-02
     2.0140103922976461e+01            3.1789314e-04   8.3611269847291368e+01   6.3048480605807089e-02
     2.0140613321779949e+01            3.1792186e-04   8.3495199234292002e+01   6.1545909853431870e-02
     2.0141124497471598e+01            3.1795073e-04   8.3406830653772815e+01   6.1842477554530283e-02
     2.0141632198113104e+01            3.1797937e-04   8.3333738933390265e+01   6.0223617326557510e-02
     2.0142143426473961e+01            3.1800824e-04   8.3271117132347115e+01   6.2083652458198114e-02
     2.0142602153867827e+01            3.1803414e-04   8.3204558987315366e+01   6.2752370603417415e-02
     2.0143111681372613e+01            3.1806293e-04   8.3170960987349034e+01   6.3412561419451494e-02
     2.0143622986217771e+01            3.1809183e-04   8.3136033720996153e+01   6.2118255619366493e-02
     2.0144130815138027e+01            3.1812052e-04   8.3101285166983516e+01   6.2058972273823877e-02
     2.0144642172672231e+01            3.1814942e-04   8.3133012223414340e+01   5.1642762608361009e-02
     2.0149641559541440e+01            3.1843246e-04   8.2873318109891187e+01   3.8645236718616860e-02
     2.0150100634798086e+01            3.1845848e-04   8.2821399367542966e+01   6.5874585017386481e-02
     2.0150612301024488e+01            3.1848749e-04   8.2809895954845643e+01   6.6813498812401853e-02
     2.0151122241295418e+01            3.1851642e-04   8.2841473240628090e+01   6.6604329461495790e-02
     2.0151633960357032e+01            3.1854544e-04   8.2853391650421074e+01   6.4671858460420950e-02
     2.0152143953286274e+01            3.1857440e-04   8.2894159158457413e+01   6.3949584104978641e-02
     2.0152603144665896e+01            3.1860045e-04   8.2907654428425559e+01   6.2388525402529080e-02
     2.0153113187551252e+01            3.1862943e-04   8.2953243291362512e+01   6.0556991478836954e-02
     2.0153623256727478e+01            3.1865839e-04   8.2967676069426901e+01   6.0241590483359586e-02
     2.0154135105147319e+01            3.1868747e-04   8.3057735545826560e+01   5.7527460026563747e-02
     2.0154645227001701e+01            3.1871645e-04   8.3140243301169804e+01   4.0898157798033470e-02
     2.0155104534466734e+01            3.1874256e-04   8.3231470719819939e+01   6.3437072517101234e-02
     2.0160110965539385e+01            3.1902755e-04   8.4345405849237451e+01   4.3488601780287461e-02
     2.0165118175028383e+01            3.1931329e-04   8.4866697745010271e+01   3.7497148743963947e-02
     2.0165628863210351e+01            3.1934248e-04   8.4805851352823410e+01   6.2796015197971844e-02
     2.0166141332810920e+01            3.1937176e-04   8.4829826569004268e+01   5.9829933609704282e-02
     2.0166650318597704e+01            3.1940086e-04   8.4846163732248371e+01   5.9557143574324858e-02
     2.0167162841066347e+01            3.1943017e-04   8.4870429133906882e+01   5.8207340868941568e-02
     2.0167622729696653e+01            3.1945648e-04   8.4860398892344250e+01   5.6245627888600394e-02
     2.0168133547065864e+01            3.1948573e-04   8.4882181476777944e+01   5.6926330165256306e-02
     2.0168646146307609e+01            3.1951506e-04   8.4863693984573018e+01   5.5684438980892148e-02
     2.0169157016470212e+01            3.1954431e-04   8.4860209978414758e+01   5.5836500167686126e-02
     2.0169618753413545e+01            3.1957074e-04   8.4833927263886565e+01   5.4229277854724568e-02
     2.0170127917965868e+01            3.1959990e-04   8.4853153123551365e+01   3.7653683526777955e-02
     2.0180156769396518e+01            3.2017592e-04   8.6511738245266145e+01   1.7479376255247533e-02
     2.0180669991178210e+01            3.2020546e-04   8.6786898724904802e+01   1.9190025716259057e-01
     2.0181130507320280e+01            3.2023201e-04   8.6940052985156512e+01   1.9324564427904645e-01
     2.0181642021709603e+01            3.2026146e-04   8.7156835571490760e+01   1.8961194637554593e-01
     2.0182153562502943e+01            3.2029094e-04   8.7432691515547660e+01   1.9135055240233834e-01
     2.0182666887710749e+01            3.2032054e-04   8.7705788699316230e+01   1.9728822496156181e-01
     2.0183127496659758e+01            3.2034711e-04   8.7810178289374946e+01   2.0224983124395418e-01
     2.0183639114136085e+01            3.2037662e-04   8.7996389668532260e+01   1.9794071544794453e-01
     2.0184150758024359e+01            3.2040614e-04   8.8169780691154173e+01   1.9941866807856967e-01
     2.0184662428326618e+01            3.2043565e-04   8.8395827399502110e+01   1.9758653760707767e-01
     2.0185175883498410e+01            3.2046530e-04   8.8601879071719267e+01   2.1014071133849843e-02
     2.0190144760287840e+01            3.2075250e-04   8.9037862264928989e+01   1.6583116866636299e-02
     2.0190656740084627e+01            3.2078213e-04   8.8923480442550684e+01   8.6734027700000882e-02
     2.0191170505838453e+01            3.2081187e-04   8.8828639406738134e+01   8.7315811095277265e-02
     2.0191631510100862e+01            3.2083859e-04   8.8705336115176735e+01   8.3785833389980927e-02
     2.0192143566678766e+01            3.2086825e-04   8.8520148054139938e+01   8.3630745248856650e-02
     2.0192657409483488e+01            3.2089802e-04   8.8346498712197302e+01   8.3565174579183679e-02
     2.0193167759173850e+01            3.2092759e-04   8.8192877452214887e+01   8.0535262580855985e-02
     2.0193681655057976e+01            3.2095736e-04   8.7967383771263115e+01   8.0390309727144768e-02
     2.0194142776089691e+01            3.2098411e-04   8.7781743954488178e+01   8.2098359359086381e-02
     2.0194654962371235e+01            3.2101382e-04   8.7566139202792996e+01   8.3341549993400543e-02
     2.0195168935335357e+01            3.2104363e-04   8.7377414367363087e+01   3.2579132090604569e-02
     2.0200142823654271e+01            3.2133257e-04   8.4295591056632034e+01   5.0443765320317399e-02
     2.0200655319895784e+01            3.2136240e-04   8.3827978819343414e+01   6.2851694281359186e-02
     2.0201169603909026e+01            3.2139232e-04   8.3481381669984046e+01   6.4151294404828918e-02
     2.0201680391819671e+01            3.2142206e-04   8.3136039075936793e+01   6.1964854202816076e-02
     2.0202141884892150e+01            3.2144893e-04   8.2834331441317232e+01   5.8516424539732263e-02
     2.0202656245980862e+01            3.2147887e-04   8.2515776836771366e+01   6.2116947485387070e-02
     2.0203168872092082e+01            3.2150873e-04   8.2224746103647789e+01   5.8502690481529770e-02
     2.0203683286431364e+01            3.2153868e-04   8.1921778243566294e+01   5.8991881265027572e-02
     2.0204144872686410e+01            3.2156560e-04   8.1650972742676956e+01   5.6220083463310741e-02
     2.0204657575723274e+01            3.2159549e-04   8.1355532060738312e+01   5.5586580998725932e-02
     2.0205170305255681e+01            3.2162538e-04   8.1066547602164320e+01   2.6324403052909499e-02
     2.0210150974645611e+01            3.2191616e-04   7.9403170222352344e+01   3.1202536355044472e-02
     2.0210663988108820e+01            3.2194617e-04   7.9412276585111698e+01   4.6775804998230634e-02
     2.0212666933695122e+01            3.2206334e-04   7.9451887800540774e+01   6.8544811486389329e-02
     2.0214670283546258e+01            3.2218065e-04   7.9796383559675022e+01   4.4183437291136288e-02
     2.0216674037783896e+01            3.2229809e-04   8.0326056889066095e+01   4.5961794399521902e-02
     2.0218678196529734e+01            3.2241570e-04   8.0784595654535366e+01   5.9148487902580871e-02
     2.0228705062144691e+01            3.2300578e-04   8.1449479593706315e+01   3.4860762853839718e-02
     2.0230658654397882e+01            3.2312106e-04   8.1691539200328080e+01   5.3186042839240361e-02
     2.0232665637406196e+01            3.2323966e-04   8.1993290744016051e+01   5.2992464075284712e-02
     2.0234673025894825e+01            3.2335834e-04   8.2372748961442042e+01   5.2962839087620221e-02
     2.0236680819985910e+01            3.2347720e-04   8.2794851609145354e+01   5.6601567560041956e-02
     2.0238689019801622e+01            3.2359621e-04   8.3392044234029498e+01   5.0913029751740044e-02
     2.0248683016737939e+01            3.2419013e-04   8.5450580830939117e+01   6.1178893649610558e-02
     2.0250695412830957e+01            3.2431007e-04   8.5570005360659025e+01   6.4032623565224656e-02
     2.0252706445763675e+01            3.2443003e-04   8.5609182840403577e+01   6.1299245031633774e-02
     2.0254716114584792e+01            3.2455006e-04   8.5513788799945942e+01   5.8456237851222254e-02
     2.0256678368036475e+01            3.2466734e-04   8.5503787778471661e+01   5.7881748353717240e-02
     2.0258688839529636e+01            3.2478763e-04   8.5524763670029856e+01   5.1213830449318112e-02
     2.0268704735311513e+01            3.2538862e-04   8.4988324251183670e+01   5.2599332012116494e-02
     2.0270719411793138e+01            3.2550984e-04   8.4773831741980260e+01   5.6865920941213649e-02
     2.0272734496074573e+01            3.2563123e-04   8.4412274784493860e+01   4.9801578373815734e-02
     2.0274698531378384e+01            3.2574963e-04   8.4002123919417500e+01   4.7613249642741384e-02
     2.0276714421210471e+01            3.2587128e-04   8.3512732817616055e+01   7.7504294497810183e-02
     2.0278730719208571e+01            3.2599308e-04   8.2894163102510603e+01   4.0076418576720264e-02
     2.0288713500145352e+01            3.2659783e-04   8.0540757087425646e+01   2.8126843556381710e-02
     2.0290732228488594e+01            3.2672044e-04   8.0182717394284253e+01   5.1163756806843062e-02
     2.0292751365854986e+01            3.2684323e-04   7.9896188197043799e+01   4.0202001329943615e-02
     2.0294719351953312e+01            3.2696300e-04   7.9638377207610446e+01   3.8010053760726741e-02
     2.0296739297287296e+01            3.2708608e-04   7.9410464151849467e+01   3.5567583033196390e-02
     2.0298708070962128e+01            3.2720610e-04   7.9256145252727961e+01   3.4413918486197174e-02
     2.0308762523930824e+01            3.2782092e-04   8.0621813217987338e+01   3.0740238386398663e-02
     2.0310735453807229e+01            3.2794190e-04   8.0955291799274505e+01   3.6665627663451140e-02
     2.0312756865151062e+01            3.2806597e-04   8.1341321644359795e+01   3.8733300957888697e-02
     2.0314730585205268e+01            3.2818722e-04   8.1628580592305426e+01   3.9019029674569716e-02
     2.0316752806223793e+01            3.2831158e-04   8.1963332894168403e+01   3.9195155537576097e-02
     2.0318723752476977e+01            3.2843288e-04   8.2310346981891868e+01   3.2322438190416018e-02
     2.0328750238115735e+01            3.2905166e-04   8.3468295707936448e+01   3.2896254349267198e-02
     2.0330777086069475e+01            3.2917710e-04   8.3533874544206910e+01   4.1904323230032167e-02
     2.0332750803429960e+01            3.2929936e-04   8.3595517049751621e+01   4.8923473719747833e-02
     2.0334778463593548e+01            3.2942509e-04   8.3596598389450165e+01   5.9380030046675962e-02
     2.0336754757397284e+01            3.2954771e-04   8.3579964273073841e+01   6.5471807094767340e-02
     2.0338783230618649e+01            3.2967373e-04   8.3590624996518102e+01   3.0698771200186537e-02
     2.0348774469123551e+01            3.3029600e-04   8.2717611627318036e+01   4.5756685977267397e-02
     2.0350755321350277e+01            3.3041972e-04   8.2524952419312683e+01   3.9085974255705376e-02
     2.0352784850523097e+01            3.3054658e-04   8.2420511945515230e+01   3.8352187821066676e-02
     2.0354764708995901e+01            3.3067045e-04   8.2389943487192440e+01   4.0071581839132939e-02
     2.0356796841363625e+01            3.3079769e-04   8.2378045561904543e+01   3.8949671528260919e-02
     2.0358775705122582e+01            3.3092173e-04   8.2320777654103054e+01   3.4105526219117846e-02
     2.0368790535891293e+01            3.3155110e-04   8.1102433077382997e+01   2.8607749476653930e-02
     2.0370771774075770e+01            3.3167595e-04   8.0790385007063350e+01   4.2873195667239350e-02
     2.0372807161373682e+01            3.3180433e-04   8.0497517831336111e+01   3.7855610597613533e-02
     2.0374790987304760e+01            3.3192956e-04   8.0345663073292457e+01   3.4388019736930113e-02
     2.0376775206546967e+01            3.3205491e-04   8.0274834484423124e+01   4.3893798600755089e-02
     2.0378811815262381e+01            3.3218373e-04   8.0295853155018932e+01   2.4428475492307165e-02
     2.0388791088823297e+01            3.3281647e-04   8.0318972103834327e+01   4.7063732208527345e-02
     2.0390778084798313e+01            3.3294279e-04   8.0179512458521629e+01   6.7568624497461288e-02
     2.0392815748361070e+01            3.3307244e-04   8.0086245976918264e+01   4.3953366429778262e-02
     2.0394805338763625e+01            3.3319916e-04   7.9994316648750839e+01   3.8474326808369250e-02
     2.0396793528170040e+01            3.3332588e-04   7.9921453508066790e+01   4.1753209934151818e-02
     2.0398780315627828e+01            3.3345263e-04   7.9958826582230287e+01   2.9981732476308077e-02
     2.0408831662575555e+01            3.3409556e-04   8.0666757349513290e+01   2.8138166327448599e-02
     2.0410822636647897e+01            3.3422324e-04   8.0758657987059692e+01   4.1860168892739420e-02
     2.0414805771187638e+01            3.3447900e-04   8.0823195834853223e+01   6.0222743569758291e-02
     2.0418842692549223e+01            3.3473870e-04   8.0772258730204783e+01   4.1353601721662858e-02
     2.0422827213193234e+01            3.3499545e-04   8.0627814441074221e+01   4.0524688422139160e-02
     2.0426815118515041e+01            3.3525284e-04   8.0494653966824089e+01   3.2958269601004835e-02
     2.0446828990728413e+01            3.3655131e-04   8.1347936559369344e+01   2.0417467103230443e-02
     2.0450826443091454e+01            3.3681197e-04   8.1202487351221961e+01   4.2195560294637086e-02
     2.0454823679973781e+01            3.3707308e-04   8.0955625836033803e+01   4.0222879626274917e-02
     2.0458824314824589e+01            3.3733482e-04   8.0755189450755537e+01   4.1983656598844760e-02
     2.0462824734645196e+01            3.3759701e-04   8.0648076417397220e+01   4.1525936931913025e-02
     2.0466828555762884e+01            3.3785985e-04   8.0540910607650687e+01   4.8227740343133117e-02
     2.0486869791625384e+01            3.3918212e-04   7.9311474074290800e+01   5.2877122400971643e-02
     2.0490881382623556e+01            3.3944810e-04   7.9321206025753497e+01   5.6812817277486140e-02
     2.0494896386607110e+01            3.3971475e-04   7.9415587206503474e+01   4.2478428837340529e-02
     2.0498858555893300e+01            3.3997835e-04   7.9415909741317222e+01   4.4949832803449177e-02
     2.0502874926967817e+01            3.4024596e-04   7.9411475370428121e+01   7.0649665408932763e-02
     2.0506894716031891e+01            3.4051423e-04   7.9439490643728448e+01   3.7528812171448211e-02
     2.0526908570326459e+01            3.4185647e-04   7.8917537364025847e+01   2.9922103301345860e-02
     2.0530885167373413e+01            3.4212446e-04   7.8924262793661484e+01   4.1889866162898921e-02
     2.0534916142622773e+01            3.4239655e-04   7.9044975356458394e+01   4.4337374884905793e-02
     2.0538894076078808e+01            3.4266547e-04   7.9131733160066375e+01   4.2629841044971813e-02
     2.0542926430091832e+01            3.4293853e-04   7.9164233203737183e+01   4.5503629324737629e-02
     2.0546911168978955e+01            3.4320875e-04   7.9102198821652621e+01   2.8996581432430696e-02
     2.0566896845452266e+01            3.4457064e-04   7.8931457686287601e+01   2.5961725566197143e-02
     2.0570942224777220e+01            3.4484759e-04   7.9066200538365479e+01   4.4276699531020265e-02
     2.0574936203819071e+01            3.4512146e-04   7.9297790816779326e+01   4.2599989848000355e-02
     2.0578929932308089e+01            3.4539576e-04   7.9522237771276281e+01   4.2933184589948083e-02
     2.0582925238720478e+01            3.4567056e-04   7.9643366794464384e+01   4.6403976952599728e-02
     2.0586923954423437e+01            3.4594603e-04   7.9621965037406000e+01   3.1068612664857529e-02
     2.0606935767883719e+01            3.4733102e-04   7.8082059527530205e+01   2.2271680740643545e-02
     2.0610945817584238e+01            3.4760984e-04   7.7821577335698279e+01   1.0987837954588615e-01
     2.0614953784547691e+01            3.4788891e-04   7.7767884926498880e+01   1.0818772411239516e-01
     2.0618963337831044e+01            3.4816854e-04   7.7795392302645723e+01   1.0101765104444710e-01
     2.0622976315337183e+01            3.4844884e-04   7.7658096461215678e+01   9.8768229715940931e-02
     2.0626989044797643e+01            3.4872952e-04   7.7669781398545226e+01   3.5070135238544638e-02
     2.0646975274796983e+01            3.5013387e-04   7.7347212314520306e+01   3.3610743284138149e-02
     2.0650997512992124e+01            3.5041774e-04   7.7600983501217229e+01   1.1077182353252862e-01
     2.0654969748240394e+01            3.5069854e-04   7.7675800270109335e+01   1.1068977339638703e-01
     2.0658995156416292e+01            3.5098349e-04   7.7703038289870562e+01   1.1042541935673585e-01
     2.0662970522843334e+01            3.5126531e-04   7.7730445117908062e+01   1.0867730902807121e-01
     2.0666999104726798e+01            3.5155134e-04   7.7688863215021584e+01   2.5189711785258275e-02
     2.0687008879163397e+01            3.5297824e-04   7.7539036994639631e+01   2.9234180621132436e-02
     2.0690995222876076e+01            3.5326375e-04   7.7632930082848759e+01   1.0691934425754779e-01
     2.0695034931148371e+01            3.5355348e-04   7.7635293311622988e+01   1.0624932615201402e-01
     2.0699024422641170e+01            3.5384006e-04   7.7606176755750184e+01   1.0665089846780725e-01
     2.0703013627745712e+01            3.5412700e-04   7.7590232315304902e+01   1.0359608507120907e-01
     2.0707006249655947e+01            3.5441460e-04   7.7701364288291131e+01   2.2434589731138644e-02
     2.0727041134434323e+01            3.5586403e-04   7.7120478734697812e+01   2.7372780797544377e-02
     2.0731041334144543e+01            3.5615463e-04   7.7009533151848302e+01   1.3278595403643176e-01
     2.0735044962202078e+01            3.5644593e-04   7.6809452799873199e+01   1.3239510263100207e-01
     2.0739048305586863e+01            3.5673761e-04   7.6671337136313454e+01   1.2674439197089013e-01
     2.0743055080620664e+01            3.5702993e-04   7.6560041137701859e+01   1.3526527572201105e-01
     2.0747059711840027e+01            3.5732254e-04   7.6427799752764855e+01   2.3994992784342535e-02
     2.0767065495003262e+01            3.5879030e-04   7.5804673246716987e+01   3.6020696236109311e-02
     2.0771083291182766e+01            3.5908632e-04   7.5741242890677498e+01   1.1927814414890769e-01
     2.0775048594578841e+01            3.5937887e-04   7.5709140969399556e+01   1.2280052332776109e-01
     2.0779065803067077e+01            3.5967564e-04   7.5775518706124458e+01   1.2537400259617087e-01
     2.0783088324367977e+01            3.5997320e-04   7.5804743421669571e+01   1.3334906744357938e-01
     2.0787058292047920e+01            3.6026730e-04   7.5919615442042712e+01   3.5498940649218838e-02
     2.0807086543097789e+01            3.6175700e-04   7.6220411505386082e+01   1.4072345486717305e-02
     2.0811118236965910e+01            3.6205811e-04   7.6158331342514572e+01   1.4147689952607764e-01
     2.0831086829047958e+01            3.6355542e-04   7.6019406063804908e+01   1.2794154877045430e-01
     2.0851147034834003e+01            3.6506963e-04   7.5663838794672699e+01   1.2434606294249131e-01
     2.0871139287838382e+01            3.6658865e-04   7.5079815244182541e+01   2.9681173753862217e-02
     2.1191348943971459e+01            3.9222767e-04   7.1744192818437867e+01   2.1926353587368882e-02
     2.1211387981898451e+01            3.9391156e-04   7.1451889806212947e+01   5.1371386597089612e-02
     2.1231405165249178e+01            3.9560266e-04   7.1316747630394218e+01   4.0758299854045964e-02
     2.1251406114424782e+01            3.9730137e-04   7.1143662123382825e+01   3.7216120945605634e-02
     2.1271445402842897e+01            3.9901229e-04   7.0981224816179264e+01   3.6802825623345567e-02
     2.1291464337124456e+01            4.0073035e-04   7.0750782120747331e+01   3.3075754423180087e-02
     2.1391508890654077e+01            4.0944808e-04   6.9815369249091489e+01   4.1197939880668777e-02
     2.1411528283282884e+01            4.1121856e-04   6.9648888246891218e+01   4.2586182792900593e-02
     2.1431528183093011e+01            4.1299590e-04   6.9400523023731324e+01   4.1740991766205555e-02
     2.1451566084693720e+01            4.1478511e-04   6.9195419609615314e+01   3.8140600060059121e-02
     2.1471584271301374e+01            4.1658108e-04   6.9044261638405217e+01   3.5500335372964695e-02
     2.1491580523986606e+01            4.1838351e-04   6.8908199099692737e+01   3.9873198131224606e-02
     2.1591670280080780e+01            4.2753044e-04   6.8000792623877032e+01   2.0116046521602277e-02
     2.1611660160609699e+01            4.2938197e-04   6.7735092499706283e+01   3.8328870691992270e-02
     2.1911915668014462e+01            4.5814691e-04   6.5214780937552632e+01   3.0664405133139613e-02
     2.2011998152174698e+01            4.6811940e-04   6.4386860921301391e+01   2.9718516762896160e-02
     2.2212113313085165e+01            4.8860925e-04   6.2787600910210237e+01   2.4900973408106757e-02
     2.2312179480177331e+01            4.9912179e-04   6.2035953835109154e+01   1.7365872939689830e-02
     2.2412279488375979e+01            5.0981075e-04   6.1295609509015286e+01   2.6608104552390533e-02
     2.2612398936804119e+01            5.3168420e-04   5.9817161256745194e+01   2.2919921126863359e-02
     2.2812564395061433e+01            5.5421313e-04   5.8424980590211227e+01   1.8160818471769685e-02
     2.2912640604908020e+01            5.6571321e-04   5.7738677917363475e+01   2.6459669039049741e-02
     2.3112795027701509e+01            5.8917259e-04   5.6421480637332799e+01   3.1022463678258453e-02
     2.3312956350989591e+01            6.1322795e-04   5.5115899627527092e+01   2.8690831500916971e-02
     2.3513102240370820e+01            6.3785841e-04   5.3988812229872245e+01   4.4049083471759273e-02
     2.3713277972275552e+01            6.6305301e-04   5.2642941387879162e+01   3.9703299126138444e-02
     2.3913396277745260e+01            6.8878604e-04   5.1477292810936397e+01   1.8959566544071410e-02
     2.4013467919614087e+01            7.0185453e-04   5.0770950313384631e+01   4.2650354223379185e-02
     2.4213658503041010e+01            7.2839094e-04   4.9793351851025342e+01   2.4214589654906374e-02
     2.4413793145415230e+01            7.5543480e-04   4.8699062012715743e+01   2.2878819723939525e-02
     2.4420155767330272e+01            7.5913413e-04   4.8776647054558033e+01   2.3398544996775492e-02
     2.4613933036924358e+01            7.8298396e-04   4.7650386335965663e+01   1.9832816673068323e-02
     2.4720722172079178e+01            7.3769933e-04   4.7235440001269843e+01   4.4894726574884990e-02
     2.4820970538407309e+01            7.3059631e-04   4.6674205323921484e+01   2.7391482103149317e-02
     2.4921181425513623e+01            7.2352850e-04   4.6223804365794699e+01   1.5534706601204238e-02
     2.5021341026785912e+01            7.1650301e-04   4.5777523341713852e+01   5.1587528909704146e-02
     2.5522318397773624e+01            6.8217725e-04   4.3419332017719832e+01   3.4381965914903501e-02
     2.6023396630753233e+01            6.4990425e-04   4.1223795803609889e+01   7.1448414475830627e-02
     2.6524422951996410e+01            6.2082213e-04   3.9173820974369335e+01   5.7831253451744891e-02
     2.7025500931531912e+01            5.9626880e-04   3.7249875560698662e+01   2.7760394462535819e-02
     2.7526551373518025e+01            5.7776988e-04   3.5484152492069832e+01   2.9005572665854882e-02
     2.8027669610146635e+01            5.6691590e-04   3.3801021527199168e+01   3.0081576562534167e-02
     2.8528739582710369e+01            5.6519255e-04   3.2245562124525158e+01   2.3031465199929803e-02
     2.9029912054446939e+01            5.7374721e-04   3.0771025230352819e+01   9.7463839848618717e-03
     3.0032286922398754e+01            6.2358758e-04   2.8069592043618186e+01   1.1254549267565447e-01
     3.0533496782514590e+01            6.6442130e-04   2.6846246486656604e+01   1.5999119996799149e-02
     3.1034708473121846e+01            7.1488920e-04   2.5695859814249356e+01   1.3386861816577280e-02
     3.1536081001858378e+01            7.7405717e-04   2.4607645696198830e+01   1.4076667084000532e-02
     3.2538588137204748e+01            9.1470068e-04   2.2627295336935703e+01   1.4270095478056563e-02
     3.3039914211916816e+01            9.9460175e-04   2.1703966505192312e+01   8.3904372906028635e-03
     3.3541284049197898e+01            1.0800309e-03   2.0841229966689934e+01   9.1817106008879133e-03
     3.4042713474614423e+01            1.1704926e-03   2.0024350753630227e+01   6.3163925930520481e-03
     3.4544115020193892e+01            1.2655677e-03   1.9230504724077072e+01   1.7142043815290994e-02
     3.5045426916310383e+01            1.3649182e-03   1.8517366074075078e+01   6.8215357796347475e-03
     3.5546946335550025e+01            1.4683427e-03   1.7816043032207382e+01   6.7648994957143580e-03
     3.6048378570849344e+01            1.5755703e-03   1.7160023576095849e+01   5.3420353513647404e-03
     3.6549944821715144e+01            1.6864773e-03   1.6523913164752159e+01   4.0933556067508873e-03
     3.7051398191111822e+01            1.8008692e-03   1.5933101737562721e+01   3.8782250780700607e-03
     3.7552858224135591e+01            1.9186570e-03   1.5356501906216591e+01   3.8425169845183052e-03
     3.8054490352060746e+01            2.0397862e-03   1.4814893563122288e+01   4.2149148033711024e-03
     3.8555942620958639e+01            2.1640928e-03   1.4296047599921682e+01   6.2257983566332397e-03
     3.9057628902229297e+01            2.2916140e-03   1.3803531379883678e+01   5.4074295549839304e-03
     3.9559234372568774e+01            2.4222150e-03   1.3339760421349940e+01   3.9577130405112262e-03
     4.0060859308977712e+01            2.5558744e-03   1.2886150907159717e+01   2.9111498046008938e-03
     4.0562622938334314e+01            2.6925853e-03   1.2458158414937387e+01   3.2869271719530315e-03
     4.1064271897959003e+01            2.8322444e-03   1.2046020709721729e+01   2.2491950357202556e-03
     4.1565974996770294e+01            2.9748690e-03   1.1655529549372179e+01   3.0649617681546750e-03

