# data from ifeffit
#------------------------
#   pre         bkg         e0
  16.892204        16.892204        20006.008
  11.438516        11.438516        20006.008
  5.9736567        5.9736567        20006.008
  5.6113259        5.6113259        20006.008
  5.2554604        5.2554604        20006.008
  4.8963869        4.8963869        20006.008
  4.5371406        4.5371406        20006.008
  4.1832079        4.1832079        20006.008
  3.8170185        3.8170185        20006.008
  3.4680592        3.4680592        20006.008
  3.1169074        3.1169074        20006.008
  2.7598901        2.7598901        20006.008
  2.4006562        2.4006562        20006.008
  2.0517724        2.0517724        20006.008
  1.6979976        1.6979976        20006.008
  1.3521262        1.3521262        20006.008
  1.0071278        1.0071278        20006.008
  0.66960792       0.66960792        20006.008
  0.35009070       0.35009070        20006.008
  0.47258745E-01   0.47258744E-01    20006.008
  -0.24056747      -0.24056747        20006.008
  -0.48427100      -0.48427101        20006.008
  -0.22144751E-01  -0.22144752E-01    20006.008
  0.20252766E-01   0.20252766E-01    20006.008
  0.55132025E-01   0.55132025E-01    20006.008
  0.10723615       0.10723615        20006.008
  0.16701283       0.16701283        20006.008
  0.21747759       0.21747759        20006.008
  0.30967687       0.30967687        20006.008
  0.43780525       0.43780525        20006.008
  0.36895607       0.36895607        20006.008
  0.38511349       0.38511349        20006.008
  0.35735011       0.35735011        20006.008
  0.49513971       0.49513971        20006.008
  0.57594203       0.57594203        20006.008
  0.74086638       0.74086638        20006.008
  0.75937412       0.75937412        20006.008
  0.86785431       0.86785431        20006.008
  0.98209084       0.98209084        20006.008
  1.1989942        1.1989942        20006.008
  1.3590782        1.3590782        20006.008
  1.5026052        1.5026052        20006.008
  1.6376424        1.6376424        20006.008
  1.8035303        1.8035303        20006.008
  2.0229882        2.0229882        20006.008
  2.2295438        2.2295438        20006.008
  2.5005461        2.5005461        20006.008
  2.6533591        2.6533591        20006.008
  3.3192118        3.3192118        20006.008
  3.5776639        3.5776639        20006.008
  6.1708468        6.1708468        20006.008
  7.0851438        7.0851438        20006.008
  8.3800517        8.3800517        20006.008
  9.7134341        9.7134341        20006.008
  11.409175        11.409175        20006.008
  13.300609        13.300609        20006.008
  15.674538        15.674538        20006.008
  17.818947        17.818947        20006.008
  20.100182        20.100182        20006.008
  22.140365        22.140365        20006.008
  24.008171        24.008171        20006.008
  25.804867        25.804867        20006.008
  27.372168        27.372168        20006.008
  29.021669        29.021669        20006.008
  30.600790        30.600790        20006.008
  32.303596        32.303596        20006.008
  33.887534        33.887534        20006.008
  35.599686        35.599686        20006.008
  37.296947        37.296947        20006.008
  39.007231        39.007231        20006.008
  40.600848        40.600848        20006.008
  42.188594        42.188594        20006.008
  43.912707        43.912707        20006.008
  45.747239        45.747239        20006.008
  47.621762        47.621762        20006.008
  49.769551        49.769551        20006.008
  52.154299        52.154299        20006.008
  54.818304        54.818304        20006.008
  57.653267        57.653267        20006.008
  60.359368        60.359368        20006.008
  63.435290        63.435290        20006.008
  66.243365        73.749897        20006.008
  68.959999        73.736880        20006.008
  70.976093        73.723821        20006.008
  72.662086        73.710676        20006.008
  73.948252        73.697445        20006.008
  74.973957        73.684083        20006.008
  75.577396        73.670681        20006.008
  75.981660        73.657148        20006.008
  76.025458        73.643625        20006.008
  75.728259        73.629971        20006.008
  75.243294        73.616187        20006.008
  74.539847        73.602366        20006.008
  73.533557        73.588464        20006.008
  72.372359        73.574479        20006.008
  71.297786        73.561770        20006.008
  70.336599        73.547630        20006.008
  69.373597        73.533361        20006.008
  70.424108        73.386644        20006.008
  70.880461        73.371612        20006.008
  71.283871        73.356401        20006.008
  71.509001        73.341166        20006.008
  71.682638        73.327386        20006.008
  71.777106        73.311956        20006.008
  71.824830        73.296558        20006.008
  71.776422        73.280979        20006.008
  71.699638        73.265381        20006.008
  71.640944        73.249655        20006.008
  71.605858        73.233911        20006.008
  71.423374        73.218094        20006.008
  71.410251        73.202206        20006.008
  71.409427        73.186191        20006.008
  71.464436        73.170161        20006.008
  71.579009        73.154059        20006.008
  71.749122        73.137888        20006.008
  72.020884        73.121591        20006.008
  72.325351        73.106909        20006.008
  72.735589        73.090537        20006.008
  73.204085        73.074039        20006.008
  73.501581        73.057587        20006.008
  73.881842        73.040953        20006.008
  74.271707        73.024309        20006.008
  74.661385        73.007541        20006.008
  75.063028        72.990821        20006.008
  75.409316        72.973920        20006.008
  75.803370        72.957011        20006.008
  76.217573        72.939978        20006.008
  76.639272        72.922940        20006.008
  77.162686        72.905836        20006.008
  77.524126        72.890383        20006.008
  77.970412        72.873159        20006.008
  78.441790        72.855812        20006.008
  78.834629        72.838462        20006.008
  79.183049        72.821049        20006.008
  79.483143        72.803575        20006.008
  79.699075        72.785979        20006.008
  79.777858        72.768383        20006.008
  79.670805        72.750664        20006.008
  79.561027        72.733008        20006.008
  79.205389        72.715170        20006.008
  78.682493        72.697333        20006.008
  78.114650        72.681223        20006.008
  77.434075        72.663214        20006.008
  76.696342        72.645269        20006.008
  75.895509        72.627143        20006.008
  75.125712        72.609022        20006.008
  74.354362        72.590781        20006.008
  73.620469        72.572546        20006.008
  73.013604        72.554256        20006.008
  69.777732        72.370112        20006.008
  69.723067        72.351174        20006.008
  69.721085        72.332249        20006.008
  69.755804        72.313208        20006.008
  69.880021        72.296081        20006.008
  69.953175        72.277076        20006.008
  70.102653        72.257890        20006.008
  70.257744        72.238722        20006.008
  70.447688        72.219438        20006.008
  70.706883        72.200173        20006.008
  70.936077        72.180860        20006.008
  72.074387        71.986973        20006.008
  72.048334        71.967168        20006.008
  71.926008        71.947253        20006.008
  71.853160        71.927363        20006.008
  71.717049        71.909420        20006.008
  71.613075        71.889451        20006.008
  71.487947        71.869442        20006.008
  71.383903        71.849323        20006.008
  71.232598        71.829233        20006.008
  71.051678        71.809034        20006.008
  70.953906        71.788934        20006.008
  69.705498        71.587018        20006.008
  69.611863        71.566449        20006.008
  69.604520        71.547901        20006.008
  69.653799        71.527196        20006.008
  69.739171        71.506530        20006.008
  69.857566        71.485830        20006.008
  70.012057        71.465098        20006.008
  70.201321        71.444262        20006.008
  70.423801        71.423466        20006.008
  70.692104        71.402567        20006.008
  71.029455        71.383789        20006.008
  74.129120        71.175532        20006.008
  74.249111        71.154442        20006.008
  74.399161        71.133181        20006.008
  74.510578        71.111967        20006.008
  74.530253        71.090655        20006.008
  74.552698        71.069392        20006.008
  74.534042        71.050228        20006.008
  74.432351        71.028920        20006.008
  74.281664        71.007589        20006.008
  74.144123        70.986161        20006.008
  73.891261        70.964785        20006.008
  70.159963        70.751821        20006.008
  69.789800        70.732382        20006.008
  69.502372        70.710850        20006.008
  69.320533        70.689153        20006.008
  69.128542        70.667513        20006.008
  68.948751        70.645783        20006.008
  68.829166        70.624112        20006.008
  68.727615        70.602426        20006.008
  68.657358        70.582889        20006.008
  68.656239        70.561176        20006.008
  68.719260        70.539374        20006.008
  69.361866        70.323395        20006.008
  69.311167        70.301546        20006.008
  69.349528        70.281868        20006.008
  69.381622        70.260003        20006.008
  69.383502        70.238131        20006.008
  69.380094        70.216176        20006.008
  69.373178        70.194289        20006.008
  69.387386        70.172321        20006.008
  69.409768        70.150497        20006.008
  69.421926        70.130776        20006.008
  69.479338        70.108791        20006.008
  69.633255        69.891547        20006.008
  69.669336        69.869535        20006.008
  69.670229        69.849784        20006.008
  69.751498        69.827847        20006.008
  69.796146        69.805911        20006.008
  69.855037        69.783977        20006.008
  69.957745        69.761969        20006.008
  70.052666        69.740038        20006.008
  70.173623        69.720220        20006.008
  70.283052        69.698295        20006.008
  70.366178        69.676373        20006.008
  71.790437        69.459472        20006.008
  71.897248        69.439794        20006.008
  72.009880        69.417871        20006.008
  72.075575        69.396033        20006.008
  72.113206        69.374129        20006.008
  72.163571        69.352385        20006.008
  72.184785        69.330502        20006.008
  72.171207        69.310876        20006.008
  72.134169        69.289088        20006.008
  72.027482        69.267238        20006.008
  71.979749        69.245474        20006.008
  70.518695        69.032689        20006.008
  70.321683        69.011085        20006.008
  70.124014        68.989499        20006.008
  69.910167        68.967930        20006.008
  69.750789        68.948526        20006.008
  69.510156        68.926918        20006.008
  69.286563        68.905403        20006.008
  69.072770        68.883905        20006.008
  68.885236        68.862427        20006.008
  68.684883        68.843104        20006.008
  68.520608        68.821587        20006.008
  66.673267        68.612240        20006.008
  66.539153        68.590919        20006.008
  66.414880        68.569690        20006.008
  66.318280        68.548406        20006.008
  66.237013        68.527285        20006.008
  66.166160        68.506037        20006.008
  66.092215        68.486987        20006.008
  66.050412        68.465845        20006.008
  66.007252        68.444649        20006.008
  65.964326        68.423616        20006.008
  65.987819        68.402456        20006.008
  65.647624        68.196576        20006.008
  65.588313        68.177761        20006.008
  65.568571        68.156809        20006.008
  65.591937        68.135946        20006.008
  65.595616        68.115028        20006.008
  65.628171        68.094200        20006.008
  65.634273        68.075463        20006.008
  65.671649        68.054668        20006.008
  65.677868        68.033890        20006.008
  65.759686        68.013058        20006.008
  65.833979        67.992316        20006.008
  65.917811        67.973655        20006.008
  66.951132        67.771214        20006.008
  67.391796        67.570486        20006.008
  67.322727        67.550110        20006.008
  67.338450        67.529682        20006.008
  67.346592        67.509410        20006.008
  67.362604        67.489015        20006.008
  67.345169        67.470730        20006.008
  67.358726        67.450437        20006.008
  67.331985        67.430091        20006.008
  67.320274        67.409831        20006.008
  67.286557        67.391535        20006.008
  67.297584        67.371376        20006.008
  68.794683        66.977851        20006.008
  69.061579        66.957891        20006.008
  69.207318        66.939996        20006.008
  69.415864        66.920136        20006.008
  69.683483        66.900291        20006.008
  69.948315        66.880394        20006.008
  70.045287        66.862555        20006.008
  70.223261        66.842757        20006.008
  70.388413        66.822975        20006.008
  70.606221        66.803208        20006.008
  70.804005        66.783390        20006.008
  71.159978        66.592474        20006.008
  71.037352        66.572892        20006.008
  70.934238        66.553258        20006.008
  70.803512        66.535655        20006.008
  70.610079        66.516118        20006.008
  70.428155        66.496530        20006.008
  70.266316        66.477091        20006.008
  70.032548        66.457534        20006.008
  69.839483        66.439999        20006.008
  69.615631        66.420538        20006.008
  69.418630        66.401025        20006.008
  66.256716        66.213044        20006.008
  65.780851        66.193762        20006.008
  65.425973        66.174429        20006.008
  65.072406        66.155243        20006.008
  64.763267        66.137922        20006.008
  64.436430        66.118632        20006.008
  64.137145        66.099424        20006.008
  63.825894        66.080164        20006.008
  63.547656        66.062896        20006.008
  63.243960        66.043731        20006.008
  62.946719        66.024581        20006.008
  61.203142        65.839376        20006.008
  61.203988        65.820384        20006.008
  61.211347        65.746381        20006.008
  61.523585        65.672600        20006.008
  62.020993        65.599039        20006.008
  62.447260        65.525695        20006.008
  62.950690        65.162195        20006.008
  63.161292        65.092028        20006.008
  63.430727        65.020163        20006.008
  63.777862        64.948503        20006.008
  64.167635        64.877048        20006.008
  64.732491        64.805796        20006.008
  66.630102        64.454375        20006.008
  66.717123        64.384241        20006.008
  66.723918        64.314360        20006.008
  66.596164        64.244731        20006.008
  66.554566        64.176941        20006.008
  66.543169        64.107683        20006.008
  65.845452        63.765592        20006.008
  65.598519        63.697361        20006.008
  65.204514        63.629306        20006.008
  64.762738        63.563157        20006.008
  64.240887        63.495447        20006.008
  63.589850        63.427908        20006.008
  61.075700        63.096200        20006.008
  60.685154        63.029652        20006.008
  60.366112        62.963264        20006.008
  60.076612        62.898725        20006.008
  59.816174        62.832651        20006.008
  59.630153        62.768414        20006.008
  60.833923        62.442811        20006.008
  61.135633        62.379390        20006.008
  61.489113        62.314567        20006.008
  61.744591        62.251424        20006.008
  62.046781        62.186882        20006.008
  62.362059        62.124125        20006.008
  63.358559        61.807063        20006.008
  63.391501        61.743404        20006.008
  63.421362        61.681549        20006.008
  63.389794        61.618143        20006.008
  63.341337        61.556477        20006.008
  63.319335        61.493318        20006.008
  62.285441        61.184173        20006.008
  62.060886        61.123255        20006.008
  61.923765        61.060964        20006.008
  61.861317        61.000317        20006.008
  61.816697        60.938189        20006.008
  61.727565        60.877807        20006.008
  60.347960        60.573914        20006.008
  60.004009        60.514120        20006.008
  59.678368        60.452799        20006.008
  59.494569        60.393135        20006.008
  59.391790        60.333560        20006.008
  59.380015        60.272515        20006.008
  59.242446        59.974847        20006.008
  59.070991        59.915854        20006.008
  58.944914        59.855448        20006.008
