# data from ifeffit
#------------------------
#   k         chi         dchi         e0
  0.71652300E-01  -0.14225755E-01   0.81692937E-03    20006.008
  0.36983496       0.34031942E-02   0.69620215E-03    20006.008
  0.51853727       0.17505464E-01   0.58239404E-03    20006.008
  0.63288090       0.25881597E-01   0.52195753E-03    20006.008
  0.72983203       0.31558533E-01   0.45194572E-03    20006.008
  0.81478411       0.32342690E-01   0.37119779E-03    20006.008
  0.89193649       0.28497739E-01   0.33936192E-03    20006.008
  0.96316537       0.22102580E-01   0.57082230E-03    20006.008
  1.0292612       0.12737100E-01   0.53772873E-03    20006.008
  1.0913645      -0.74613539E-03   0.55160339E-03    20006.008
  1.1501221      -0.16338825E-01   0.44100162E-03    20006.008
  1.2007575      -0.30776640E-01   0.32440283E-03    20006.008
  1.2544067      -0.43659202E-01   0.21542794E-03    20006.008
  1.3060294      -0.56569743E-01   0.69313070E-03    20006.008
  1.7391619      -0.40368870E-01   0.61250573E-03    20006.008
  1.7765217      -0.33952520E-01   0.46141461E-03    20006.008
  1.8133636      -0.28252885E-01   0.42881297E-03    20006.008
  1.8493511      -0.24981411E-01   0.41323089E-03    20006.008
  1.8811649      -0.22430194E-01   0.38639256E-03    20006.008
  1.9160008      -0.20935874E-01   0.36022869E-03    20006.008
  1.9499840      -0.20079082E-01   0.34023003E-03    20006.008
  1.9836151      -0.20531350E-01   0.31845333E-03    20006.008
  2.0165748      -0.21370837E-01   0.28921310E-03    20006.008
  2.0491166      -0.21962033E-01   0.25432960E-03    20006.008
  2.0810424      -0.22230862E-01   0.59790258E-03    20006.008
  2.1124873      -0.24511981E-01   0.86250434E-03    20006.008
  2.1434726      -0.24479529E-01   0.81723806E-03    20006.008
  2.1741220      -0.24277325E-01   0.76264977E-03    20006.008
  2.2042441      -0.23311759E-01   0.71785571E-03    20006.008
  2.2339616      -0.21530599E-01   0.65652457E-03    20006.008
  2.2632905      -0.18988332E-01   0.59595215E-03    20006.008
  2.2923444      -0.15053103E-01   0.54257796E-03    20006.008
  2.3181047      -0.10690616E-01   0.46099369E-03    20006.008
  2.3463861      -0.48562757E-02   0.35006631E-03    20006.008
  2.3744277       0.17796410E-02   0.38123802E-03    20006.008
  2.4019546       0.60773230E-02   0.50059312E-03    20006.008
  2.4293575       0.11512570E-01   0.48540228E-03    20006.008
  2.4563640       0.17081959E-01   0.46646978E-03    20006.008
  2.4831693       0.22653069E-01   0.44943171E-03    20006.008
  2.5095091       0.28389962E-01   0.41556241E-03    20006.008
  2.5357554       0.33373518E-01   0.38913037E-03    20006.008
  2.5616456       0.39014195E-01   0.37798365E-03    20006.008
  2.5873657       0.44935498E-01   0.36092430E-03    20006.008
  2.6127472       0.50962464E-01   0.30508100E-03    20006.008
  2.6378857       0.58388321E-01   0.43008574E-03    20006.008
  2.6603169       0.63571393E-01   0.54902380E-03    20006.008
  2.6850124       0.69946923E-01   0.53292521E-03    20006.008
  2.7095679       0.76671689E-01   0.50592624E-03    20006.008
  2.7338211       0.82321447E-01   0.49194133E-03    20006.008
  2.7578623       0.87364848E-01   0.44299783E-03    20006.008
  2.7816968       0.91747796E-01   0.41232724E-03    20006.008
  2.8054110       0.94978392E-01   0.38422632E-03    20006.008
  2.8288474       0.96325841E-01   0.35007898E-03    20006.008
  2.8521719       0.95121332E-01   0.40567996E-03    20006.008
  2.8751506       0.93877856E-01   0.36624890E-03    20006.008
  2.8981049       0.89255377E-01   0.13024527E-02    20006.008
  2.9208022       0.82329851E-01   0.12448340E-02    20006.008
  2.9410888       0.74756954E-01   0.12069494E-02    20006.008
  2.9635357       0.65657180E-01   0.11555363E-02    20006.008
  2.9856630       0.55765125E-01   0.11381677E-02    20006.008
  3.0077795       0.45001994E-01   0.10813822E-02    20006.008
  3.0296608       0.34660850E-01   0.10554587E-02    20006.008
  3.0514607       0.24294835E-01   0.98293131E-03    20006.008
  3.0730331       0.14439662E-01   0.92229965E-03    20006.008
  3.0944563       0.63311049E-02   0.57599711E-03    20006.008
  3.2992484      -0.35821145E-01   0.51630142E-03    20006.008
  3.3192914      -0.36324309E-01   0.82734216E-03    20006.008
  3.3391471      -0.36099580E-01   0.80616647E-03    20006.008
  3.3589541      -0.35365659E-01   0.80480404E-03    20006.008
  3.3766281      -0.33418962E-01   0.80648075E-03    20006.008
  3.3960846      -0.32152668E-01   0.81584067E-03    20006.008
  3.4155643      -0.29827018E-01   0.82664816E-03    20006.008
  3.4348683      -0.27422651E-01   0.82236105E-03    20006.008
  3.4541313      -0.24532872E-01   0.82253679E-03    20006.008
  3.4732230      -0.20682634E-01   0.84102481E-03    20006.008
  3.4922113      -0.17245331E-01   0.73183855E-03    20006.008
  3.6751470       0.12143049E-02   0.40906109E-03    20006.008
  3.6931073       0.11278131E-02   0.93616105E-03    20006.008
  3.7110428      -0.29528896E-03   0.10037528E-02    20006.008
  3.7288320      -0.10316362E-02   0.13529810E-02    20006.008
  3.7447768      -0.26751763E-02   0.15939132E-02    20006.008
  3.7624082      -0.38444647E-02   0.14196818E-02    20006.008
  3.7799583      -0.53081678E-02   0.91106274E-03    20006.008
  3.7974881      -0.64777160E-02   0.91025701E-03    20006.008
  3.8148785      -0.83062933E-02   0.94887551E-03    20006.008
  3.8322503      -0.10546805E-01   0.91423257E-03    20006.008
  3.8494264      -0.11631709E-01   0.38211421E-03    20006.008
  4.0162898      -0.26282976E-01   0.56455367E-03    20006.008
  4.0327477      -0.27311485E-01   0.10380156E-02    20006.008
  4.0475090      -0.27161958E-01   0.99410593E-03    20006.008
  4.0638981      -0.26191396E-01   0.99495895E-03    20006.008
  4.0801664      -0.24716047E-01   0.94641537E-03    20006.008
  4.0963709      -0.22777430E-01   0.96080487E-03    20006.008
  4.1125124      -0.20332170E-01   0.91135881E-03    20006.008
  4.1286468      -0.17397348E-01   0.89062231E-03    20006.008
  4.1446642      -0.13996312E-01   0.88745524E-03    20006.008
  4.1606755      -0.99501054E-02   0.85515562E-03    20006.008
  4.1749903      -0.49637990E-02   0.62979538E-03    20006.008
  4.3294773       0.41497236E-01   0.93402502E-03    20006.008
  4.3447120       0.43492285E-01   0.12148984E-02    20006.008
  4.3599988       0.45913595E-01   0.11985020E-02    20006.008
  4.3751809       0.47792389E-01   0.11926700E-02    20006.008
  4.3903631       0.48383258E-01   0.11622029E-02    20006.008
  4.4054421       0.49012744E-01   0.10721678E-02    20006.008
  4.4189750       0.49033122E-01   0.10783041E-02    20006.008
  4.4339582       0.47916132E-01   0.10835124E-02    20006.008
  4.4488916       0.46108809E-01   0.10339677E-02    20006.008
  4.4638270       0.44487003E-01   0.10827551E-02    20006.008
  4.4786623       0.41238426E-01   0.65565158E-03    20006.008
  4.6231574      -0.83652705E-02   0.62547827E-03    20006.008
  4.6360646      -0.13326036E-01   0.91256605E-03    20006.008
  4.6503102      -0.17090423E-01   0.91576550E-03    20006.008
  4.6646107      -0.19361093E-01   0.89397462E-03    20006.008
  4.6788196      -0.21777628E-01   0.88924523E-03    20006.008
  4.6930348      -0.24021710E-01   0.90898755E-03    20006.008
  4.7071593      -0.25415481E-01   0.91135511E-03    20006.008
  4.7212422      -0.26554482E-01   0.90811535E-03    20006.008
  4.7338865      -0.27280422E-01   0.91615054E-03    20006.008
  4.7478916      -0.26996944E-01   0.89638892E-03    20006.008
  4.7619041      -0.25802810E-01   0.96922002E-03    20006.008
  4.8981866      -0.13672959E-01   0.85791818E-03    20006.008
  4.9117314      -0.14087594E-01   0.94568781E-03    20006.008
  4.9238952      -0.13265728E-01   0.95921634E-03    20006.008
  4.9373709      -0.12501870E-01   0.97306106E-03    20006.008
  4.9508106      -0.12167595E-01   0.94454532E-03    20006.008
  4.9642606      -0.11907257E-01   0.93687539E-03    20006.008
  4.9776290      -0.11697695E-01   0.93326976E-03    20006.008
  4.9910081      -0.11185828E-01   0.93696866E-03    20006.008
  5.0042608      -0.10559148E-01   0.92767621E-03    20006.008
  5.0162045      -0.10107546E-01   0.92887252E-03    20006.008
  5.0294829      -0.89782347E-02   0.90180723E-03    20006.008
  5.1587865      -0.36956091E-02   0.75312746E-03    20006.008
  5.1717061      -0.28653180E-02   0.93326657E-03    20006.008
  5.1832715      -0.25705890E-02   0.95471954E-03    20006.008
  5.1960875      -0.10933886E-02   0.92116102E-03    20006.008
  5.2088727      -0.13989227E-03   0.92529600E-03    20006.008
  5.2216272       0.10182904E-02   0.91243134E-03    20006.008
  5.2343949       0.28063521E-02   0.92567195E-03    20006.008
  5.2470887       0.44827568E-02   0.91326944E-03    20006.008
  5.2585352       0.65031771E-02   0.92351810E-03    20006.008
  5.2711721       0.83898390E-02   0.91025330E-03    20006.008
  5.2837794       0.99001314E-02   0.98082072E-03    20006.008
  5.4071287       0.33558643E-01   0.11970984E-02    20006.008
  5.4182023       0.35389717E-01   0.10530342E-02    20006.008
  5.4305178       0.37339209E-01   0.10850150E-02    20006.008
  5.4427641       0.38612323E-01   0.10802216E-02    20006.008
  5.4550254       0.39482690E-01   0.10610421E-02    20006.008
  5.4671762       0.40534817E-01   0.10831964E-02    20006.008
  5.4793841       0.41169230E-01   0.11041692E-02    20006.008
  5.4903153       0.41268140E-01   0.10645880E-02    20006.008
  5.5024315       0.41061013E-01   0.10829810E-02    20006.008
  5.5145632       0.39849197E-01   0.10633730E-02    20006.008
  5.5266276       0.39486690E-01   0.95640680E-03    20006.008
  5.6436552       0.21526124E-01   0.70176479E-03    20006.008
  5.6554507       0.18991115E-01   0.91357169E-03    20006.008
  5.6672222       0.16444754E-01   0.89712569E-03    20006.008
  5.6789700       0.13661967E-01   0.91186306E-03    20006.008
  5.6895267       0.11635685E-01   0.92367251E-03    20006.008
  5.7012698       0.84616839E-02   0.93923737E-03    20006.008
  5.7129493       0.55316499E-02   0.96789355E-03    20006.008
  5.7246056       0.27417818E-02   0.97728208E-03    20006.008
  5.7362388       0.33122566E-03   0.98732688E-03    20006.008
  5.7466930      -0.22982905E-02   0.10028417E-02    20006.008
  5.7583224      -0.43733135E-02   0.10749173E-02    20006.008
  5.8708067      -0.28259871E-01   0.73053029E-03    20006.008
  5.8821971      -0.29913092E-01   0.91919574E-03    20006.008
  5.8935272      -0.31425110E-01   0.89756728E-03    20006.008
  5.9048750      -0.32533585E-01   0.90217237E-03    20006.008
  5.9161241      -0.33421310E-01   0.87882684E-03    20006.008
  5.9274298      -0.34155779E-01   0.90625083E-03    20006.008
  5.9375561      -0.34966816E-01   0.91626707E-03    20006.008
  5.9487836      -0.35279386E-01   0.92619263E-03    20006.008
  5.9600290      -0.35611218E-01   0.90756920E-03    20006.008
  5.9711769      -0.35942121E-01   0.90698177E-03    20006.008
  5.9823814      -0.35300436E-01   0.75498404E-03    20006.008
  6.0908383      -0.37376541E-01   0.56667415E-03    20006.008
  6.1007008      -0.37980832E-01   0.96621807E-03    20006.008
  6.1116744      -0.37974752E-01   0.98029089E-03    20006.008
  6.1225915      -0.37337247E-01   0.97752117E-03    20006.008
  6.1335271      -0.36987618E-01   0.94945066E-03    20006.008
  6.1444064      -0.36214964E-01   0.93913408E-03    20006.008
  6.1541856      -0.35860059E-01   0.91646128E-03    20006.008
  6.1650295      -0.35016246E-01   0.88982863E-03    20006.008
  6.1758550      -0.34630121E-01   0.88546444E-03    20006.008
  6.1866991      -0.33131471E-01   0.84582963E-03    20006.008
  6.1974879      -0.31743824E-01   0.60151147E-03    20006.008
  6.2071858      -0.30244713E-01   0.93325970E-03    20006.008
  6.3119272      -0.12100745E-01   0.64169725E-03    20006.008
  6.4149745      -0.26444883E-02   0.55493383E-03    20006.008
  6.4253914      -0.33661471E-02   0.92962121E-03    20006.008
  6.4358278      -0.28318185E-02   0.88597979E-03    20006.008
  6.4461765      -0.24117911E-02   0.88220507E-03    20006.008
  6.4565803      -0.18730618E-02   0.86247133E-03    20006.008
  6.4659015      -0.18609761E-02   0.83363005E-03    20006.008
  6.4762392      -0.13596787E-02   0.84397274E-03    20006.008
  6.4865964      -0.14549325E-02   0.82580994E-03    20006.008
  6.4969022      -0.13285387E-02   0.82831390E-03    20006.008
  6.5062028      -0.15577353E-02   0.80468976E-03    20006.008
  6.5164433      -0.10953065E-02   0.55889735E-03    20006.008
  6.7149653       0.27125855E-01   0.26097249E-03    20006.008
  6.7249669       0.31418067E-01   0.28659842E-02    20006.008
  6.7339288       0.33870956E-01   0.28868487E-02    20006.008
  6.7438691       0.37294133E-01   0.28334065E-02    20006.008
  6.7537954       0.41602093E-01   0.28602350E-02    20006.008
  6.7637416       0.45871746E-01   0.29498664E-02    20006.008
  6.7726540       0.47601114E-01   0.30248594E-02    20006.008
  6.7825396       0.50573970E-01   0.29612889E-02    20006.008
  6.7924113       0.53356475E-01   0.29842830E-02    20006.008
  6.8022692       0.56928591E-01   0.29577403E-02    20006.008
  6.8121472       0.60203815E-01   0.31466015E-03    20006.008
  6.9070096       0.68588892E-01   0.24902389E-03    20006.008
  6.9167100       0.67061234E-01   0.13028430E-02    20006.008
  6.9264307       0.65826682E-01   0.13119690E-02    20006.008
  6.9351414       0.64143907E-01   0.12592622E-02    20006.008
  6.9448040       0.61548396E-01   0.12573004E-02    20006.008
  6.9544868       0.59125273E-01   0.12566847E-02    20006.008
  6.9640905       0.57000467E-01   0.12114739E-02    20006.008
  6.9737475       0.53793962E-01   0.12096493E-02    20006.008
  6.9824014       0.51166226E-01   0.12356767E-02    20006.008
  6.9920011       0.48103991E-01   0.12547557E-02    20006.008
  7.0016211       0.45445148E-01   0.49064200E-03    20006.008
  7.0940428       0.65956180E-03   0.76184030E-03    20006.008
  7.1034973      -0.62379081E-02   0.94951084E-03    20006.008
  7.1129722      -0.11310342E-01   0.96942725E-03    20006.008
  7.1223702      -0.16368118E-01   0.93665826E-03    20006.008
  7.1308506      -0.20784668E-01   0.88476358E-03    20006.008
  7.1402906      -0.25442179E-01   0.93947720E-03    20006.008
  7.1496864      -0.29686774E-01   0.88507111E-03    20006.008
  7.1591026      -0.34114173E-01   0.89273206E-03    20006.008
  7.1675412      -0.38073418E-01   0.85100846E-03    20006.008
  7.1769027      -0.42392690E-01   0.84166325E-03    20006.008
  7.1862525      -0.46616906E-01   0.39870610E-03    20006.008
  7.2764515      -0.70417342E-01   0.47391908E-03    20006.008
  7.2856786      -0.70136265E-01   0.71065835E-03    20006.008
  7.3215926      -0.68977703E-01   0.10425640E-02    20006.008
  7.3573385      -0.63177275E-01   0.67278343E-03    20006.008
  7.3929187      -0.54544182E-01   0.70064737E-03    20006.008
  7.4283356      -0.46980578E-01   0.90267623E-03    20006.008
  7.6030503      -0.33938469E-01   0.53498448E-03    20006.008
  7.6366258      -0.29661633E-01   0.81708996E-03    20006.008
  7.6709658      -0.24445274E-01   0.81501586E-03    20006.008
  7.7051596      -0.18024146E-01   0.81545896E-03    20006.008
  7.7392092      -0.10934735E-01   0.87244364E-03    20006.008
  7.7731166      -0.11311452E-02   0.78562464E-03    20006.008
  7.9397064       0.33756080E-01   0.94918140E-03    20006.008
  7.9728300       0.36233743E-01   0.99453877E-03    20006.008
  8.0057942       0.37465321E-01   0.95311910E-03    20006.008
  8.0386011       0.36601178E-01   0.90989933E-03    20006.008
  8.0705052       0.37047976E-01   0.90190881E-03    20006.008
  8.1030630       0.37990550E-01   0.79887196E-03    20006.008
  8.2633506       0.32617283E-01   0.82488582E-03    20006.008
  8.2952179       0.29846734E-01   0.89275161E-03    20006.008
  8.3269697       0.24756021E-01   0.78268303E-03    20006.008
  8.3578011       0.18872269E-01   0.74906993E-03    20006.008
  8.3893286       0.11740055E-01   0.12206276E-02    20006.008
  8.4207444       0.25531655E-02   0.63184203E-03    20006.008
  8.5745901      -0.32022540E-01   0.44577714E-03    20006.008
  8.6053666      -0.37196744E-01   0.81174107E-03    20006.008
  8.6360396      -0.41248689E-01   0.63849932E-03    20006.008
  8.6658311      -0.44867566E-01   0.60430563E-03    20006.008
  8.6963030      -0.48008113E-01   0.56606848E-03    20006.008
  8.7259006      -0.49997444E-01   0.54826809E-03    20006.008
  8.8755153      -0.25765787E-01   0.49229428E-03    20006.008
  8.9045784      -0.19938592E-01   0.58778433E-03    20006.008
  8.9342575      -0.13246556E-01   0.62157699E-03    20006.008
  8.9631416      -0.81417066E-02   0.62679738E-03    20006.008
  8.9926393      -0.22529065E-02   0.63028012E-03    20006.008
  9.0212962       0.38299756E-02   0.52028802E-03    20006.008
  9.1656910       0.25102238E-01   0.53224102E-03    20006.008
  9.1946048       0.26692688E-01   0.67868502E-03    20006.008
  9.2226735       0.28206378E-01   0.79316221E-03    20006.008
  9.2514207       0.28752098E-01   0.96367769E-03    20006.008
  9.2793540       0.28995495E-01   0.10636055E-02    20006.008
  9.3079375       0.29694568E-01   0.49922126E-03    20006.008
  9.4474639       0.17999232E-01   0.74785167E-03    20006.008
  9.4748822       0.15340002E-01   0.63946160E-03    20006.008
  9.5028923       0.14130164E-01   0.62809667E-03    20006.008
  9.5301374       0.14114680E-01   0.65690777E-03    20006.008
  9.5580212       0.14416373E-01   0.63916687E-03    20006.008
  9.5850961       0.13958428E-01   0.56022922E-03    20006.008
  9.7209629      -0.37302274E-02   0.47227837E-03    20006.008
  9.7476171      -0.84296110E-02   0.70848251E-03    20006.008
  9.7749241      -0.12810509E-01   0.62620112E-03    20006.008
  9.8014662      -0.14878611E-01   0.56940279E-03    20006.008
  9.8279418      -0.15609385E-01   0.72751879E-03    20006.008
  9.8550425      -0.14807742E-01   0.40530042E-03    20006.008
  9.9867713      -0.12211811E-01   0.78472450E-03    20006.008
  10.012793      -0.14100826E-01   0.11277253E-02    20006.008
  10.039409      -0.15212220E-01   0.73432524E-03    20006.008
  10.065328      -0.16315437E-01   0.64342046E-03    20006.008
  10.091163      -0.17103365E-01   0.69894135E-03    20006.008
  10.116914      -0.16047367E-01   0.50238207E-03    20006.008
  10.246198      -0.19558852E-02   0.47383668E-03    20006.008
  10.271613       0.33546555E-04   0.70560298E-03    20006.008
  10.322271       0.20065123E-02   0.10171219E-02    20006.008
  10.373361       0.20403537E-02   0.69982592E-03    20006.008
  10.423542       0.47266069E-03   0.68714614E-03    20006.008
  10.473525      -0.91299067E-03   0.55994726E-03    20006.008
  10.720854       0.18100421E-01   0.35032234E-03    20006.008
  10.769573       0.16502743E-01   0.72541922E-03    20006.008
  10.818071       0.13149009E-01   0.69287079E-03    20006.008
  10.866392       0.10581499E-01   0.72463195E-03    20006.008
  10.914498       0.96153803E-02   0.71815044E-03    20006.008
  10.962433       0.86431659E-02   0.83570539E-03    20006.008
  11.199289      -0.84343267E-02   0.92543506E-03    20006.008
  11.246100      -0.74105439E-02   0.99630750E-03    20006.008
  11.292757      -0.48949663E-02   0.74642593E-03    20006.008
  11.338612      -0.40370267E-02   0.79142124E-03    20006.008
  11.384906      -0.32478974E-02   0.12464205E-02    20006.008
  11.431051      -0.18809905E-02   0.66343252E-03    20006.008
  11.658083      -0.67977188E-02   0.53434548E-03    20006.008
  11.702668      -0.58092847E-02   0.74958123E-03    20006.008
  11.747690      -0.27606256E-02   0.79501153E-03    20006.008
  11.791951      -0.32094670E-03   0.76595117E-03    20006.008
  11.836648       0.11643386E-02   0.81927819E-03    20006.008
  11.880653       0.93981571E-03   0.52314431E-03    20006.008
  12.098946       0.23629134E-02   0.47325828E-03    20006.008
  12.142654       0.57479961E-02   0.80882525E-03    20006.008
  12.185653       0.10908474E-01   0.77981952E-03    20006.008
  12.228498       0.15959594E-01   0.78756201E-03    20006.008
  12.271210       0.19133174E-01   0.85301413E-03    20006.008
  12.313811       0.19695472E-01   0.57231481E-03    20006.008
  12.524830      -0.41276642E-02   0.41462961E-03    20006.008
  12.566689      -0.80652099E-02   0.20499633E-02    20006.008
  12.608387      -0.81538351E-02   0.20227390E-02    20006.008
  12.649964      -0.67210964E-02   0.18927335E-02    20006.008
  12.691440      -0.83759644E-02   0.18545673E-02    20006.008
  12.732779      -0.72346586E-02   0.65992992E-03    20006.008
  12.936707      -0.87206631E-02   0.63933009E-03    20006.008
  12.977360      -0.29488942E-02   0.21116671E-02    20006.008
  13.017384      -0.58280932E-03   0.21146715E-02    20006.008
  13.057818       0.89504949E-03   0.21142595E-02    20006.008
  13.097626       0.23704146E-02   0.20853167E-02    20006.008
  13.137845       0.25380725E-02   0.48441198E-03    20006.008
  13.335811       0.44797200E-02   0.56842487E-03    20006.008
  13.374900       0.72819177E-02   0.20835247E-02    20006.008
  13.414396       0.83216954E-02   0.20751219E-02    20006.008
  13.453287       0.87370885E-02   0.20875979E-02    20006.008
  13.492064       0.94122087E-02   0.20323218E-02    20006.008
  13.530762       0.12589237E-01   0.44109976E-03    20006.008
  13.723301       0.61007846E-02   0.54429249E-03    20006.008
  13.761421       0.48862184E-02   0.26463588E-02    20006.008
  13.799468       0.18858998E-02   0.26445664E-02    20006.008
  13.837408       0.11173720E-03   0.25374598E-02    20006.008
  13.875277      -0.11321941E-02   0.27142348E-02    20006.008
  13.913022      -0.28042988E-02   0.48258499E-03    20006.008
  14.100072      -0.10521623E-01   0.73280892E-03    20006.008
  14.137340      -0.10837036E-01   0.24322412E-02    20006.008
  14.174024      -0.10527250E-01   0.25098159E-02    20006.008
  14.211092      -0.81867890E-02   0.25683844E-02    20006.008
  14.248112      -0.65978773E-02   0.27381465E-02    20006.008
  14.284554      -0.32527613E-02   0.73060889E-03    20006.008
  14.467005       0.80425810E-02   0.29303841E-03    20006.008
  14.503455       0.77857264E-02   0.29530703E-02    20006.008
  14.682653       0.10038268E-01   0.27022856E-02    20006.008
  14.860498       0.77071958E-02   0.26580002E-02    20006.008
  15.035648       0.32460343E-03   0.64215191E-03    20006.008
  17.605085       0.48198481E-02   0.58371166E-03    20006.008
  17.753523       0.22375487E-02   0.13866599E-02    20006.008
  17.900571       0.38020525E-02   0.11156454E-02    20006.008
  18.046302       0.42803560E-02   0.10331225E-02    20006.008
  18.191142       0.50127444E-02   0.10362905E-02    20006.008
  18.334692       0.37521183E-02   0.94480879E-03    20006.008
  19.035868       0.26266956E-02   0.12673365E-02    20006.008
  19.173098       0.28804679E-02   0.13303260E-02    20006.008
  19.309221       0.50102040E-03   0.13243604E-02    20006.008
  19.444647      -0.58239853E-03   0.12293921E-02    20006.008
  19.579004       0.32080676E-04   0.11627480E-02    20006.008
  19.712299       0.11393923E-02   0.13273317E-02    20006.008
  20.366392      -0.11155261E-02   0.72921099E-03    20006.008
  20.494526      -0.47286062E-02   0.14145679E-02    20006.008
  22.330866       0.93204134E-03   0.15649621E-02    20006.008
  22.910279       0.11339756E-01   0.17501471E-02    20006.008
