# data from ifeffit
#------------------------
#   k         chi         e0
  0.0000000      -0.77117488E-01    8330.5100
  0.50000000E-01  -0.95181319E-01    8330.5100
  0.10000000      -0.11324515        8330.5100
  0.15000000      -0.13130898        8330.5100
  0.20000000      -0.14937281        8330.5100
  0.25000000      -0.16743664        8330.5100
  0.30000000      -0.18550047        8330.5100
  0.35000000      -0.20356431        8330.5100
  0.40000000      -0.17667852        8330.5100
  0.45000000      -0.14486114        8330.5100
  0.50000000      -0.11304375        8330.5100
  0.55000000      -0.77976868E-01    8330.5100
  0.60000000      -0.42366217E-01    8330.5100
  0.65000000      -0.12389721E-02    8330.5100
  0.70000000       0.45567021E-01    8330.5100
  0.75000000       0.89597665E-01    8330.5100
  0.80000000       0.12968696        8330.5100
  0.85000000       0.17189767        8330.5100
  0.90000000       0.20932659        8330.5100
  0.95000000       0.23746748        8330.5100
  1.0000000       0.26189043        8330.5100
  1.0500000       0.27780270        8330.5100
  1.1000000       0.28368262        8330.5100
  1.1500000       0.28147088        8330.5100
  1.2000000       0.27250865        8330.5100
  1.2500000       0.25286014        8330.5100
  1.3000000       0.23143351        8330.5100
  1.3500000       0.20199201        8330.5100
  1.4000000       0.17315772        8330.5100
  1.4500000       0.13747886        8330.5100
  1.5000000       0.10469106        8330.5100
  1.5500000       0.64507070E-01    8330.5100
  1.6000000       0.31271122E-01    8330.5100
  1.6500000       0.15517763E-02    8330.5100
  1.7000000      -0.24080349E-01    8330.5100
  1.7500000      -0.57291232E-01    8330.5100
  1.8000000      -0.11772418        8330.5100
  1.8500000      -0.13880044        8330.5100
  1.9000000      -0.10762107        8330.5100
  1.9500000      -0.73909750E-01    8330.5100
  2.0000000      -0.11304732        8330.5100
  2.0500000      -0.13463691        8330.5100
  2.1000000      -0.13969893        8330.5100
  2.1500000      -0.14379981        8330.5100
  2.2000000      -0.14697325        8330.5100
  2.2500000      -0.15148400        8330.5100
  2.3000000      -0.16082771        8330.5100
  2.3500000      -0.17244096        8330.5100
  2.4000000      -0.18280171        8330.5100
  2.4500000      -0.19155065        8330.5100
  2.5000000      -0.20133581        8330.5100
  2.5500000      -0.21244859        8330.5100
  2.6000000      -0.22046609        8330.5100
  2.6500000      -0.22304096        8330.5100
  2.7000000      -0.22202390        8330.5100
  2.7500000      -0.21779212        8330.5100
  2.8000000      -0.20949912        8330.5100
  2.8500000      -0.19671084        8330.5100
  2.9000000      -0.17843661        8330.5100
  2.9500000      -0.15567069        8330.5100
  3.0000000      -0.13242748        8330.5100
  3.0500000      -0.10782056        8330.5100
  3.1000000      -0.78225763E-01    8330.5100
  3.1500000      -0.49734005E-01    8330.5100
  3.2000000      -0.25647680E-01    8330.5100
  3.2500000      -0.92478487E-03    8330.5100
  3.3000000       0.22759790E-01    8330.5100
  3.3500000       0.39639600E-01    8330.5100
  3.4000000       0.54587610E-01    8330.5100
  3.4500000       0.68530858E-01    8330.5100
  3.5000000       0.78080156E-01    8330.5100
  3.5500000       0.85503445E-01    8330.5100
  3.6000000       0.92063735E-01    8330.5100
  3.6500000       0.97268992E-01    8330.5100
  3.7000000       0.10165711        8330.5100
  3.7500000       0.10558984        8330.5100
  3.8000000       0.10929768        8330.5100
  3.8500000       0.11182168        8330.5100
  3.9000000       0.11358540        8330.5100
  3.9500000       0.11494025        8330.5100
  4.0000000       0.11459942        8330.5100
  4.0500000       0.11363446        8330.5100
  4.1000000       0.11100454        8330.5100
  4.1500000       0.10628325        8330.5100
  4.2000000       0.10180817        8330.5100
  4.2500000       0.95470157E-01    8330.5100
  4.3000000       0.89228728E-01    8330.5100
  4.3500000       0.81882797E-01    8330.5100
  4.4000000       0.72822993E-01    8330.5100
  4.4500000       0.65302993E-01    8330.5100
  4.5000000       0.54586057E-01    8330.5100
  4.5500000       0.45723086E-01    8330.5100
  4.6000000       0.36483627E-01    8330.5100
  4.6500000       0.27891424E-01    8330.5100
  4.7000000       0.21286895E-01    8330.5100
  4.7500000       0.16044517E-01    8330.5100
  4.8000000       0.12150509E-01    8330.5100
  4.8500000       0.93861002E-02    8330.5100
  4.9000000       0.91053806E-02    8330.5100
  4.9500000       0.10394683E-01    8330.5100
  5.0000000       0.11962322E-01    8330.5100
  5.0500000       0.14402630E-01    8330.5100
  5.1000000       0.16577216E-01    8330.5100
  5.1500000       0.18783117E-01    8330.5100
  5.2000000       0.20706971E-01    8330.5100
  5.2500000       0.22201324E-01    8330.5100
  5.3000000       0.23011188E-01    8330.5100
  5.3500000       0.23624976E-01    8330.5100
  5.4000000       0.24360453E-01    8330.5100
  5.4500000       0.24647221E-01    8330.5100
  5.5000000       0.24687982E-01    8330.5100
  5.5500000       0.24465302E-01    8330.5100
  5.6000000       0.24742321E-01    8330.5100
  5.6500000       0.25348232E-01    8330.5100
  5.7000000       0.25872829E-01    8330.5100
  5.7500000       0.26518049E-01    8330.5100
  5.8000000       0.27429922E-01    8330.5100
  5.8500000       0.28039045E-01    8330.5100
  5.9000000       0.28556060E-01    8330.5100
  5.9500000       0.28870354E-01    8330.5100
  6.0000000       0.28809100E-01    8330.5100
  6.0500000       0.27849983E-01    8330.5100
  6.1000000       0.26265161E-01    8330.5100
  6.1500000       0.24134065E-01    8330.5100
  6.2000000       0.21183810E-01    8330.5100
  6.2500000       0.17889036E-01    8330.5100
  6.3000000       0.14404352E-01    8330.5100
  6.3500000       0.10549934E-01    8330.5100
  6.4000000       0.74662819E-02    8330.5100
  6.4500000       0.40273858E-02    8330.5100
  6.5000000       0.49509181E-03    8330.5100
  6.5500000      -0.17312766E-02    8330.5100
  6.6000000      -0.43600155E-02    8330.5100
  6.6500000      -0.90126324E-02    8330.5100
  6.7000000      -0.15223588E-01    8330.5100
  6.7500000      -0.18200523E-01    8330.5100
  6.8000000      -0.19109847E-01    8330.5100
  6.8500000      -0.18830592E-01    8330.5100
  6.9000000      -0.19889962E-01    8330.5100
  6.9500000      -0.21418072E-01    8330.5100
  7.0000000      -0.22695222E-01    8330.5100
  7.0500000      -0.23636371E-01    8330.5100
  7.1000000      -0.23742466E-01    8330.5100
  7.1500000      -0.23519480E-01    8330.5100
  7.2000000      -0.23109094E-01    8330.5100
  7.2500000      -0.22735073E-01    8330.5100
  7.3000000      -0.22620955E-01    8330.5100
  7.3500000      -0.22447368E-01    8330.5100
  7.4000000      -0.22159201E-01    8330.5100
  7.4500000      -0.21443952E-01    8330.5100
  7.5000000      -0.20519693E-01    8330.5100
  7.5500000      -0.19635146E-01    8330.5100
  7.6000000      -0.19009628E-01    8330.5100
  7.6500000      -0.18983943E-01    8330.5100
  7.7000000      -0.19108297E-01    8330.5100
  7.7500000      -0.19283325E-01    8330.5100
  7.8000000      -0.19127643E-01    8330.5100
  7.8500000      -0.18901526E-01    8330.5100
  7.9000000      -0.18792250E-01    8330.5100
  7.9500000      -0.19139722E-01    8330.5100
  8.0000000      -0.19974838E-01    8330.5100
  8.0500000      -0.20792252E-01    8330.5100
  8.1000000      -0.21257566E-01    8330.5100
  8.1500000      -0.20713762E-01    8330.5100
  8.2000000      -0.20122895E-01    8330.5100
  8.2500000      -0.19770663E-01    8330.5100
  8.3000000      -0.63189352E-01    8330.5100
  8.3500000      -0.81382953E-01    8330.5100
  8.4000000      -0.22051710E-01    8330.5100
  8.4500000       0.28115866E-01    8330.5100
  8.5000000       0.30578982E-01    8330.5100
  8.5500000      -0.74459888E-02    8330.5100
  8.6000000      -0.22169115E-01    8330.5100
  8.6500000      -0.22621227E-01    8330.5100
  8.7000000      -0.22871058E-01    8330.5100
  8.7500000      -0.22532809E-01    8330.5100
  8.8000000      -0.21829325E-01    8330.5100
  8.8500000      -0.21090817E-01    8330.5100
  8.9000000      -0.20875160E-01    8330.5100
  8.9500000      -0.20899469E-01    8330.5100
  9.0000000      -0.20762639E-01    8330.5100
  9.0500000      -0.19800740E-01    8330.5100
  9.1000000      -0.18429507E-01    8330.5100
  9.1500000      -0.17057558E-01    8330.5100
  9.2000000      -0.16392265E-01    8330.5100
  9.2500000      -0.15918333E-01    8330.5100
  9.3000000      -0.15352748E-01    8330.5100
  9.3500000      -0.14107916E-01    8330.5100
  9.4000000      -0.12750144E-01    8330.5100
  9.4500000      -0.11519343E-01    8330.5100
  9.5000000      -0.10711624E-01    8330.5100
  9.5500000      -0.98912564E-02    8330.5100
  9.6000000      -0.86941926E-02    8330.5100
  9.6500000      -0.71099370E-02    8330.5100
  9.7000000      -0.56452000E-02    8330.5100
  9.7500000      -0.49699950E-02    8330.5100
  9.8000000      -0.46928433E-02    8330.5100
  9.8500000      -0.43343496E-02    8330.5100
  9.9000000      -0.31566830E-02    8330.5100
  9.9500000      -0.19422002E-02    8330.5100
  10.000000      -0.11908001E-02    8330.5100
  10.050000      -0.10505557E-02    8330.5100
  10.100000      -0.89327684E-03    8330.5100
  10.150000       0.21477694E-04    8330.5100
  10.200000       0.11842631E-02    8330.5100
  10.250000       0.20011698E-02    8330.5100
  10.300000       0.19429587E-02    8330.5100
  10.350000       0.18428402E-02    8330.5100
  10.400000       0.24338926E-02    8330.5100
  10.450000       0.34533401E-02    8330.5100
  10.500000       0.43160508E-02    8330.5100
  10.550000       0.44681918E-02    8330.5100
  10.600000       0.46056602E-02    8330.5100
  10.650000       0.53194606E-02    8330.5100
  10.700000       0.63739138E-02    8330.5100
  10.750000       0.72247310E-02    8330.5100
  10.800000       0.74685902E-02    8330.5100
  10.850000       0.75601421E-02    8330.5100
  10.900000      -0.35860804E-01    8330.5100
  10.950000      -0.43307351E-01    8330.5100
  11.000000       0.97280998E-02    8330.5100
  11.050000       0.62649005E-01    8330.5100
  11.100000       0.10851781E-01    8330.5100
  11.150000       0.10805883E-01    8330.5100
  11.200000       0.11709082E-01    8330.5100
  11.250000       0.11990292E-01    8330.5100
  11.300000       0.11855180E-01    8330.5100
  11.350000       0.12015339E-01    8330.5100
  11.400000       0.12764237E-01    8330.5100
  11.450000       0.13429148E-01    8330.5100
  11.500000       0.13219222E-01    8330.5100
  11.550000       0.12969522E-01    8330.5100
  11.600000       0.13461788E-01    8330.5100
  11.650000       0.14244179E-01    8330.5100
  11.700000       0.14409110E-01    8330.5100
  11.750000       0.13876672E-01    8330.5100
  11.800000       0.13530886E-01    8330.5100
  11.850000       0.13875894E-01    8330.5100
  11.900000       0.14186067E-01    8330.5100
  11.950000       0.13737762E-01    8330.5100
  12.000000       0.13291614E-01    8330.5100
  12.050000       0.13621837E-01    8330.5100
  12.100000       0.14104679E-01    8330.5100
  12.150000       0.13754424E-01    8330.5100
  12.200000       0.12896475E-01    8330.5100
  12.250000       0.12627670E-01    8330.5100
  12.300000       0.13004050E-01    8330.5100
  12.350000       0.12990625E-01    8330.5100
  12.400000       0.12275818E-01    8330.5100
  12.450000       0.11863118E-01    8330.5100
  12.500000       0.12298509E-01    8330.5100
  12.550000       0.12470053E-01    8330.5100
  12.600000       0.11511173E-01    8330.5100
  12.650000       0.10644069E-01    8330.5100
  12.700000       0.11018036E-01    8330.5100
  12.750000       0.11401371E-01    8330.5100
  12.800000       0.10621272E-01    8330.5100
  12.850000       0.97364900E-02    8330.5100
  12.900000       0.96908638E-02    8330.5100
  12.950000       0.99037011E-02    8330.5100
  13.000000       0.98432729E-02    8330.5100
  13.050000       0.98110799E-02    8330.5100
  13.100000       0.10406503E-01    8330.5100
  13.150000       0.10719848E-01    8330.5100
  13.200000       0.93506156E-02    8330.5100
  13.250000       0.73368188E-02    8330.5100
  13.300000       0.67880567E-02    8330.5100
  13.350000       0.70024452E-02    8330.5100
  13.400000       0.75090853E-02    8330.5100
  13.450000       0.79862026E-02    8330.5100
  13.500000       0.69717109E-02    8330.5100
  13.550000       0.57057082E-02    8330.5100
  13.600000       0.44415471E-02    8330.5100
  13.650000       0.34331622E-02    8330.5100
  13.700000       0.35584344E-02    8330.5100
  13.750000       0.38343245E-02    8330.5100
  13.800000       0.40749724E-02    8330.5100
  13.850000       0.38659626E-02    8330.5100
  13.900000       0.27087373E-02    8330.5100
  13.950000       0.14355507E-02    8330.5100
  14.000000       0.23483266E-03    8330.5100
  14.050000      -0.28362267E-03    8330.5100
  14.100000      -0.10321633E-03    8330.5100
  14.150000       0.14933961E-03    8330.5100
  14.200000       0.28689417E-03    8330.5100
  14.250000      -0.51750774E-03    8330.5100
  14.300000      -0.17089773E-02    8330.5100
  14.350000      -0.28955631E-02    8330.5100
  14.400000      -0.37989984E-02    8330.5100
  14.450000      -0.36111646E-02    8330.5100
  14.500000      -0.32744901E-02    8330.5100
  14.550000      -0.29882722E-02    8330.5100
  14.600000      -0.33506701E-02    8330.5100
  14.650000      -0.44047575E-02    8330.5100
  14.700000      -0.55206749E-02    8330.5100
  14.750000      -0.65040108E-02    8330.5100
  14.800000      -0.65002010E-02    8330.5100
  14.850000      -0.62322727E-02    8330.5100
  14.900000      -0.59626707E-02    8330.5100
  14.950000      -0.61318531E-02    8330.5100
  15.000000      -0.69857792E-02    8330.5100
  15.050000      -0.78833151E-02    8330.5100
  15.100000      -0.86445487E-02    8330.5100
  15.150000      -0.85173366E-02    8330.5100
  15.200000      -0.81073621E-02    8330.5100
  15.250000      -0.76815884E-02    8330.5100
  15.300000      -0.76788602E-02    8330.5100
  15.350000      -0.82406609E-02    8330.5100
  15.400000      -0.88225769E-02    8330.5100
  15.450000      -0.92597573E-02    8330.5100
  15.500000      -0.87694657E-02    8330.5100
  15.550000      -0.81578485E-02    8330.5100
  15.600000      -0.76149952E-02    8330.5100
  15.650000      -0.77592078E-02    8330.5100
  15.700000      -0.83857924E-02    8330.5100
  15.750000      -0.90148953E-02    8330.5100
  15.800000      -0.92063321E-02    8330.5100
  15.850000      -0.86442466E-02    8330.5100
  15.900000      -0.80821610E-02    8330.5100
  15.950000      -0.75200754E-02    8330.5100
  16.000000      -0.72612927E-02    8330.5100
  16.050000      -0.70144692E-02    8330.5100
  16.100000      -0.67676458E-02    8330.5100
  16.150000      -0.65208223E-02    8330.5100
  16.200000      -0.62739988E-02    8330.5100
  16.250000      -0.60271754E-02    8330.5100
  16.300000      -0.57803519E-02    8330.5100
  16.350000      -0.55335284E-02    8330.5100
  16.400000      -0.52867050E-02    8330.5100
  16.450000      -0.50398815E-02    8330.5100
  16.500000      -0.47930580E-02    8330.5100
  16.550000      -0.45462346E-02    8330.5100
  16.600000      -0.42994111E-02    8330.5100
  16.650000      -0.40525876E-02    8330.5100
  16.700000      -0.38057642E-02    8330.5100
  16.750000      -0.35589407E-02    8330.5100
  16.800000      -0.33121172E-02    8330.5100
  16.850000      -0.30652938E-02    8330.5100
  16.900000      -0.28184703E-02    8330.5100
  16.950000      -0.25716468E-02    8330.5100
  17.000000      -0.23248234E-02    8330.5100
  17.050000      -0.20779999E-02    8330.5100
  17.100000      -0.18311764E-02    8330.5100
  17.150000      -0.15843530E-02    8330.5100
  17.200000      -0.13375295E-02    8330.5100
  17.250000      -0.10907060E-02    8330.5100
  17.300000      -0.84388256E-03    8330.5100
  17.350000      -0.59705909E-03    8330.5100
  17.400000      -0.35023562E-03    8330.5100
  17.450000      -0.10341215E-03    8330.5100
  17.500000       0.14341132E-03    8330.5100
  17.550000       0.45970844E-03    8330.5100
  17.600000       0.82301581E-03    8330.5100
  17.650000       0.11863232E-02    8330.5100
  17.700000       0.15496305E-02    8330.5100
  17.750000       0.19129379E-02    8330.5100
  17.800000       0.22762453E-02    8330.5100
  17.850000       0.26395526E-02    8330.5100
  17.900000       0.30028600E-02    8330.5100
  17.950000       0.33661674E-02    8330.5100
  18.000000       0.37294747E-02    8330.5100
  18.050000       0.40927821E-02    8330.5100
  18.100000       0.44560895E-02    8330.5100
  18.150000       0.48193968E-02    8330.5100
  18.200000       0.51827042E-02    8330.5100
  18.250000       0.55460116E-02    8330.5100
  18.300000       0.59093189E-02    8330.5100
  18.350000       0.62726263E-02    8330.5100
  18.400000       0.66359336E-02    8330.5100
  18.450000       0.69992410E-02    8330.5100
  18.500000       0.73625484E-02    8330.5100
  18.550000       0.77258557E-02    8330.5100
  18.600000       0.80891631E-02    8330.5100
  18.650000       0.84524705E-02    8330.5100
  18.700000       0.88157778E-02    8330.5100
  18.750000       0.91790852E-02    8330.5100
  18.800000       0.95423926E-02    8330.5100
  18.850000       0.99056999E-02    8330.5100
  18.900000       0.10269007E-01    8330.5100
  18.950000       0.10632315E-01    8330.5100
  19.000000       0.10029488E-01    8330.5100
  19.050000       0.92115295E-02    8330.5100
  19.100000       0.83935707E-02    8330.5100
  19.150000       0.75756119E-02    8330.5100
  19.200000       0.67576530E-02    8330.5100
  19.250000       0.59396942E-02    8330.5100
  19.300000       0.51217354E-02    8330.5100
  19.350000       0.43037766E-02    8330.5100
  19.400000       0.34858177E-02    8330.5100
  19.450000       0.26678589E-02    8330.5100
  19.500000       0.18499001E-02    8330.5100
  19.550000       0.10319412E-02    8330.5100
  19.600000       0.21398242E-03    8330.5100
  19.650000      -0.60397640E-03    8330.5100
  19.700000      -0.14219352E-02    8330.5100
  19.750000      -0.22398941E-02    8330.5100
  19.800000      -0.30578529E-02    8330.5100
  19.850000      -0.38758117E-02    8330.5100
  19.900000      -0.46937705E-02    8330.5100
  19.950000      -0.55117294E-02    8330.5100
  20.000000      -0.63296882E-02    8330.5100
  20.050000      -0.71476470E-02    8330.5100
  20.100000      -0.79656058E-02    8330.5100
  20.150000      -0.87835647E-02    8330.5100
  20.200000      -0.96015235E-02    8330.5100
  20.250000      -0.10419482E-01    8330.5100
