 Ferrocene eclipsed structure                           Feff 6L.02    potph 4.12
 Abs   Z=26 Rmt= 1.122 Rnm= 1.285 K shell
 Pot 1 Z= 6 Rmt= 0.730 Rnm= 1.074
 Gam_ch=1.325E+00 H-L exch
 Mu=-4.318E+00 kf=2.565E+00 Vint=-2.938E+01 Rs_int= 1.414
 Path    1      icalc       2                           Feff 6L.02   genfmt 1.44
 -------------------------------------------------------------------------------
   2  10.000   2.0592    2.0723   -4.31799 nleg, deg, reff, rnrmav(bohr), edge
        x         y         z   pot at#
     0.0000    0.0000    0.0000  0  26 Fe       absorbing atom
    -1.6680   -1.2074    0.0000  1   6 C     
    k   real[2*phc]   mag[feff]  phase[feff] red factor   lambda      real[p]@#
  0.000  2.3450E+00  0.0000E+00 -2.8717E+00  0.1016E+01  2.9501E+01  2.5649E+00
  0.200  2.3416E+00  7.4997E-02 -3.6645E+00  0.1016E+01  2.9584E+01  2.5724E+00
  0.400  2.3314E+00  1.4824E-01 -4.3963E+00  0.1016E+01  2.9802E+01  2.5945E+00
  0.600  2.3147E+00  2.1798E-01 -5.0688E+00  0.1015E+01  3.0065E+01  2.6311E+00
  0.800  2.2918E+00  2.8252E-01 -5.6851E+00  0.1015E+01  3.0234E+01  2.6815E+00
  1.000  2.2633E+00  3.4035E-01 -6.2485E+00  0.1015E+01  3.0144E+01  2.7451E+00
  1.200  2.2295E+00  3.9023E-01 -6.7627E+00  0.1016E+01  2.9650E+01  2.8213E+00
  1.400  2.1910E+00  4.3134E-01 -7.2311E+00  0.1016E+01  2.8678E+01  2.9094E+00
  1.600  2.1482E+00  4.6324E-01 -7.6568E+00  0.1018E+01  2.7256E+01  3.0087E+00
  1.800  2.1012E+00  4.8586E-01 -8.0418E+00  0.1020E+01  2.5514E+01  3.1188E+00
  2.000  2.0502E+00  4.9935E-01 -8.3879E+00  0.1023E+01  2.3632E+01  3.2393E+00
  2.200  1.9946E+00  5.0403E-01 -8.6958E+00  0.1026E+01  2.1797E+01  3.3700E+00
  2.400  1.9338E+00  5.0031E-01 -8.9660E+00  0.1031E+01  2.0159E+01  3.5108E+00
  2.600  1.8664E+00  4.8867E-01 -9.1984E+00  0.1035E+01  1.8829E+01  3.6616E+00
  2.800  1.8052E+00  4.6976E-01 -9.3929E+00  0.1030E+01  1.7882E+01  3.8225E+00
  3.000  1.6189E+00  4.4779E-01 -9.4615E+00  0.1059E+01  1.2746E+01  4.0313E+00
  3.200  1.6164E+00  4.5515E-01 -9.7432E+00  0.1133E+01  8.5930E+00  4.1596E+00
  3.400  1.6105E+00  4.3910E-01 -9.9819E+00  0.1171E+01  7.2220E+00  4.2943E+00
  3.600  1.5858E+00  4.1313E-01 -1.0202E+01  0.1189E+01  6.5889E+00  4.4348E+00
  3.800  1.5480E+00  3.8493E-01 -1.0413E+01  0.1195E+01  6.2670E+00  4.5807E+00
  4.000  1.4964E+00  3.5504E-01 -1.0616E+01  0.1194E+01  6.1095E+00  4.7314E+00
  4.200  1.4482E+00  3.2490E-01 -1.0816E+01  0.1188E+01  6.0516E+00  4.8866E+00
  4.400  1.3869E+00  2.9647E-01 -1.1007E+01  0.1181E+01  6.0600E+00  5.0458E+00
  4.600  1.3263E+00  2.7125E-01 -1.1189E+01  0.1173E+01  6.1157E+00  5.2086E+00
  4.800  1.2529E+00  2.4901E-01 -1.1363E+01  0.1161E+01  6.2070E+00  5.3746E+00
  5.000  1.1754E+00  2.3030E-01 -1.1529E+01  0.1151E+01  6.3263E+00  5.5436E+00
  5.200  1.1004E+00  2.1462E-01 -1.1689E+01  0.1142E+01  6.4684E+00  5.7152E+00
  5.400  1.0183E+00  2.0221E-01 -1.1841E+01  0.1130E+01  6.6294E+00  5.8892E+00
  5.600  9.3533E-01  1.9189E-01 -1.1986E+01  0.1120E+01  6.8067E+00  6.0653E+00
  5.800  8.5375E-01  1.8369E-01 -1.2125E+01  0.1111E+01  6.9981E+00  6.2433E+00
  6.000  7.7128E-01  1.7719E-01 -1.2252E+01  0.1101E+01  7.2021E+00  6.4230E+00
  6.500  5.7038E-01  1.6374E-01 -1.2533E+01  0.1078E+01  7.7595E+00  6.8786E+00
  7.000  3.8081E-01  1.4978E-01 -1.2771E+01  0.1058E+01  8.3744E+00  7.3419E+00
  7.500  2.0589E-01  1.3276E-01 -1.2982E+01  0.1040E+01  9.0380E+00  7.8110E+00
  8.000  3.8072E-02  1.1335E-01 -1.3184E+01  0.1025E+01  9.7447E+00  8.2848E+00
  8.500 -1.2539E-01  9.4351E-02 -1.3393E+01  0.1010E+01  1.0490E+01  8.7624E+00
  9.000 -2.9567E-01  7.8621E-02 -1.3603E+01  0.9964E+00  1.1272E+01  9.2430E+00
  9.500 -4.6649E-01  6.7437E-02 -1.3801E+01  0.9847E+00  1.2087E+01  9.7262E+00
 10.000 -6.2956E-01  6.0378E-02 -1.3964E+01  0.9750E+00  1.2935E+01  1.0211E+01
 11.000 -9.3141E-01  5.3064E-02 -1.4176E+01  0.9600E+00  1.4720E+01  1.1187E+01
 12.000 -1.2072E+00  4.6111E-02 -1.4362E+01  0.9509E+00  1.6617E+01  1.2167E+01
 13.000 -1.4688E+00  3.6989E-02 -1.4640E+01  0.9466E+00  1.8621E+01  1.3151E+01
 14.000 -1.7093E+00  3.0272E-02 -1.4936E+01  0.9435E+00  2.0726E+01  1.4137E+01
 15.000 -1.9288E+00  2.6718E-02 -1.5065E+01  0.9414E+00  2.2928E+01  1.5126E+01
 16.000 -2.1353E+00  2.4110E-02 -1.5103E+01  0.9411E+00  2.5222E+01  1.6117E+01
 17.000 -2.3276E+00  2.0941E-02 -1.5263E+01  0.9412E+00  2.7607E+01  1.7108E+01
 18.000 -2.5044E+00  1.8014E-02 -1.5533E+01  0.9411E+00  3.0078E+01  1.8101E+01
 19.000 -2.6709E+00  1.5448E-02 -1.5678E+01  0.9415E+00  3.2633E+01  1.9095E+01
 20.000 -2.8265E+00  1.2464E-02 -1.5605E+01  0.9418E+00  3.5270E+01  2.0089E+01
