# data from ifeffit
#------------------------
#   k         chi         chi       dchi         win
  0.0000000      -0.17199341      -0.20801736       0.34989638E-02    0.0000000
  0.50000000E-01  -0.19075042      -0.20799920       0.33399558E-02    0.0000000
  0.10000000      -0.20950742      -0.20794453       0.31809478E-02    0.0000000
  0.15000000      -0.22826443      -0.20785274       0.30219398E-02    0.0000000
  0.20000000      -0.24702143      -0.20772278       0.28629318E-02    0.0000000
  0.25000000      -0.26577844      -0.20755311       0.27039238E-02    0.0000000
  0.30000000      -0.28453544      -0.20734159       0.25449158E-02    0.0000000
  0.35000000      -0.30329245      -0.20708534       0.23859078E-02    0.0000000
  0.40000000      -0.29291359      -0.20678054       0.23192326E-02    0.0000000
  0.45000000      -0.24881631      -0.20642206       0.23532165E-02    0.0000000
  0.50000000      -0.20471902      -0.20600294       0.23872004E-02    0.0000000
  0.55000000      -0.15896328      -0.20551351       0.23942842E-02    0.0000000
  0.60000000      -0.11001450      -0.20493970       0.23541410E-02    0.0000000
  0.65000000      -0.61065721E-01  -0.20425990       0.23139978E-02    0.0000000
  0.70000000      -0.52055435E-02  -0.20343777       0.23337036E-02    0.0000000
  0.75000000       0.52996270E-01  -0.20240265       0.23710110E-02    0.0000000
  0.80000000       0.10208653      -0.20097192       0.24601787E-02    0.0000000
  0.85000000       0.14818145       0.19676964       0.24656612E-02    0.0000000
  0.90000000       0.19100701       0.18811604       0.23241546E-02    0.0000000
  0.95000000       0.22053440       0.17954788       0.23608067E-02    0.0000000
  1.0000000       0.24601545       0.17169703       0.24017123E-02    0.0000000
  1.0500000       0.26745934       0.16470807       0.24330440E-02    0.0000000
  1.1000000       0.28254340       0.15877645       0.24400149E-02    0.0000000
  1.1500000       0.30618480       0.15416861       0.24569264E-02    0.0000000
  1.2000000       0.31716821       0.15098097       0.24925508E-02    0.0000000
  1.2500000       0.31303209       0.14936362       0.30118564E-02    0.0000000
  1.3000000       0.31589663       0.14940051       0.39967082E-02    0.0000000
  1.3500000       0.31826956       0.15102956       0.38678301E-02    0.0000000
  1.4000000       0.31871843       0.15415638       0.39999895E-02    0.0000000
  1.4500000       0.30267449       0.15862091       0.39619293E-02    0.0000000
  1.5000000       0.30574526       0.16410740       0.27762946E-02    0.0000000
  1.5500000       0.27850602       0.17010679       0.25409572E-02    0.0000000
  1.6000000       0.25553825       0.17605460       0.31376637E-02    0.0000000
  1.6500000       0.24602262       0.18136129       0.28483839E-02    0.0000000
  1.7000000       0.21291375       0.18544416       0.26543699E-02    0.0000000
  1.7500000       0.20522444       0.18732986       0.25461267E-02    0.0000000
  1.8000000       0.17454237       0.18629081       0.27644769E-02    0.0000000
  1.8500000       0.14939334       0.18165331       0.43194797E-02    0.0000000
  1.9000000       0.13822814       0.17298689       0.26953145E-02    0.0000000
  1.9500000       0.11115845       0.15923185       0.26134926E-02    0.0000000
  2.0000000       0.10093323       0.14074953       0.28070906E-02    0.0000000
  2.0500000       0.65037763E-01   0.11701029       0.28062978E-02    0.0000000
  2.1000000       0.59816850E-01   0.88666357E-01   0.26906194E-02    0.0000000
  2.1500000       0.30446764E-01   0.56026110E-01   0.27353389E-02    0.0000000
  2.2000000      -0.62585206E-02   0.19711078E-01   0.28444246E-02    0.0000000
  2.2500000      -0.26256279E-01  -0.19023337E-01   0.28203521E-02    0.0000000
  2.3000000      -0.31745766E-01  -0.57802011E-01   0.26854953E-02    0.0000000
  2.3500000      -0.64665375E-01  -0.95071048E-01   0.27743024E-02    0.0000000
  2.4000000      -0.86693971E-01  -0.13120199       0.27841111E-02    0.0000000
  2.4500000      -0.10780865      -0.16282136       0.29785352E-02    0.0000000
  2.5000000      -0.11111953      -0.18821297       0.34054602E-02    0.0000000
  2.5500000      -0.13830605      -0.20644619       0.27809160E-02    0.0000000
  2.6000000      -0.15482422      -0.21605648       0.27805910E-02    0.0000000
  2.6500000      -0.16895580      -0.21812163       0.31285212E-02    0.0000000
  2.7000000      -0.18072988      -0.21348882       0.57170424E-02    0.0000000
  2.7500000      -0.17345908      -0.20286076       0.36691437E-02    0.0000000
  2.8000000      -0.17997797      -0.18695793       0.33005302E-02    0.0000000
  2.8500000      -0.17365806      -0.16831131       0.45983724E-02    0.0000000
  2.9000000      -0.15473065      -0.14826905       0.41778315E-02    0.0000000
  2.9500000      -0.13780525      -0.12973176       0.29021016E-02    0.0000000
  3.0000000      -0.11313291      -0.11165933       0.28384685E-02    0.0000000
  3.0500000      -0.86243943E-01  -0.91743484E-01   0.27953569E-02    0.0000000
  3.1000000      -0.60219492E-01  -0.70243022E-01   0.28178275E-02    0.0000000
  3.1500000      -0.29061276E-01  -0.49082853E-01   0.28169827E-02   0.54067422E-29
  3.2000000       0.48691028E-02  -0.28249594E-01   0.27881090E-02   0.66986993E-01
  3.2500000       0.22938447E-01  -0.75223317E-02   0.29145349E-02   0.24999894
  3.3000000       0.32941845E-01   0.12478232E-01   0.29856937E-02   0.49999817
  3.3500000       0.44081793E-01   0.31941418E-01   0.28177419E-02   0.74999788
  3.4000000       0.51454017E-01   0.49809063E-01   0.32256446E-02   0.93301117
  3.4500000       0.59444764E-01   0.65413307E-01   0.36478502E-02   1.00000000
  3.5000000       0.75071275E-01   0.78368768E-01   0.31144835E-02    1.0000000
  3.5500000       0.82345200E-01   0.88562493E-01   0.31014536E-02    1.0000000
  3.6000000       0.87517491E-01   0.95620433E-01   0.31727542E-02    1.0000000
  3.6500000       0.99071671E-01   0.99467731E-01   0.30556899E-02    1.0000000
  3.7000000       0.10168590       0.10017100       0.30341499E-02    1.0000000
  3.7500000       0.94019569E-01   0.97818420E-01   0.30290677E-02    1.0000000
  3.8000000       0.82948098E-01   0.92792905E-01   0.30081443E-02    1.0000000
  3.8500000       0.93095274E-01   0.85521507E-01   0.27484499E-02    1.0000000
  3.9000000       0.84287602E-01   0.76498552E-01   0.27838333E-02    1.0000000
  3.9500000       0.63729824E-01   0.66182436E-01   0.29219890E-02    1.0000000
  4.0000000       0.55490508E-01   0.55187414E-01   0.29733682E-02    1.0000000
  4.0500000       0.44726005E-01   0.44050610E-01   0.29825233E-02    1.0000000
  4.1000000       0.23526861E-01   0.33227048E-01   0.37517580E-02    1.0000000
  4.1500000       0.14439878E-01   0.23054667E-01   0.34643599E-02    1.0000000
  4.2000000       0.15715793E-01   0.13822349E-01   0.29875692E-02    1.0000000
  4.2500000       0.64996373E-02   0.56689963E-02   0.28633276E-02    1.0000000
  4.3000000      -0.83970808E-02  -0.14033296E-02   0.29897563E-02    1.0000000
  4.3500000      -0.16952635E-01  -0.74814876E-02   0.28867589E-02    1.0000000
  4.4000000      -0.14154437E-01  -0.12653203E-01   0.27281319E-02    1.0000000
  4.4500000      -0.12152303E-01  -0.17094172E-01   0.27912063E-02    1.0000000
  4.5000000      -0.26930313E-01  -0.20981591E-01   0.28342025E-02    1.0000000
  4.5500000      -0.30487665E-01  -0.24465764E-01   0.28606315E-02    1.0000000
  4.6000000      -0.17999734E-01  -0.27637217E-01   0.27486925E-02    1.0000000
  4.6500000      -0.25224117E-01  -0.30512988E-01   0.27532925E-02    1.0000000
  4.7000000      -0.32336652E-01  -0.33053694E-01   0.27770113E-02    1.0000000
  4.7500000      -0.41649173E-01  -0.35171048E-01   0.28238983E-02    1.0000000
  4.8000000      -0.51121094E-01  -0.36670516E-01   0.28414668E-02    1.0000000
  4.8500000      -0.49846498E-01  -0.37352351E-01   0.28401723E-02    1.0000000
  4.9000000      -0.43149995E-01  -0.37095365E-01   0.29012894E-02    1.0000000
  4.9500000      -0.36067232E-01  -0.35776201E-01   0.29687798E-02    1.0000000
  5.0000000      -0.40503772E-01  -0.33280016E-01   0.27728166E-02    1.0000000
  5.0500000      -0.35265118E-01  -0.29652795E-01   0.27297749E-02    1.0000000
  5.1000000      -0.31147621E-01  -0.25125853E-01   0.28185004E-02    1.0000000
  5.1500000      -0.27578737E-01  -0.19922461E-01   0.30755736E-02    1.0000000
  5.2000000      -0.18674778E-01  -0.14327579E-01   0.61215858E-02    1.0000000
  5.2500000      -0.67922917E-02  -0.87374817E-02   0.28744563E-02    1.0000000
  5.3000000       0.59889323E-02  -0.35693954E-02   0.28903628E-02    1.0000000
  5.3500000      -0.57189312E-02   0.84567079E-03   0.29076476E-02    1.0000000
  5.4000000      -0.46949771E-02   0.42424771E-02   0.29000967E-02    1.0000000
  5.4500000      -0.87879141E-03   0.64639873E-02   0.27866613E-02    1.0000000
  5.5000000       0.12040758E-02   0.75191508E-02   0.28855012E-02    1.0000000
  5.5500000       0.42552226E-02   0.75414354E-02   0.28082301E-02    1.0000000
  5.6000000       0.85516920E-02   0.67891614E-02   0.28191029E-02    1.0000000
  5.6500000       0.75952740E-02   0.56262608E-02   0.28628380E-02    1.0000000
  5.7000000       0.51299092E-02   0.44784424E-02   0.28050884E-02    1.0000000
  5.7500000       0.39830620E-02   0.37556043E-02   0.27464764E-02    1.0000000
  5.8000000       0.68858221E-02   0.37897806E-02   0.27015339E-02    1.0000000
  5.8500000       0.10018321E-01   0.47837013E-02   0.27580644E-02    1.0000000
  5.9000000       0.13457742E-01   0.68381015E-02   0.27797549E-02    1.0000000
  5.9500000       0.20567005E-01   0.98519520E-02   0.49999354E-02    1.0000000
  6.0000000       0.23573522E-01   0.13559273E-01   0.28486006E-02    1.0000000
  6.0500000       0.25682268E-01   0.17573428E-01   0.28505838E-02    1.0000000
  6.1000000       0.30083656E-01   0.21457553E-01   0.27552426E-02    1.0000000
  6.1500000       0.28834493E-01   0.24697121E-01   0.28222229E-02    1.0000000
  6.2000000       0.30392301E-01   0.26831441E-01   0.27460941E-02    1.0000000
  6.2500000       0.27257833E-01   0.27509472E-01   0.28394597E-02    1.0000000
  6.3000000       0.28217493E-01   0.26529701E-01   0.29097346E-02    1.0000000
  6.3500000       0.22097138E-01   0.23866852E-01   0.27385935E-02    1.0000000
  6.4000000       0.18222631E-01   0.19674793E-01   0.27775218E-02    1.0000000
  6.4500000       0.12065104E-01   0.14265794E-01   0.27903870E-02    1.0000000
  6.5000000       0.67191608E-02   0.80697277E-02   0.27624407E-02    1.0000000
  6.5500000       0.15843768E-02   0.15796208E-02   0.38655435E-02    1.0000000
  6.6000000       0.54502050E-02  -0.47567144E-02   0.54935170E-02    1.0000000
  6.6500000      -0.99615658E-03  -0.10468512E-01   0.28382001E-02    1.0000000
  6.7000000      -0.12953962E-01  -0.15200302E-01   0.21068146E-02    1.0000000
  6.7500000      -0.19449483E-01  -0.18728685E-01   0.22805393E-02    1.0000000
  6.8000000      -0.22778482E-01  -0.20969652E-01   0.24542640E-02    1.0000000
  6.8500000      -0.23631286E-01  -0.21970752E-01   0.26279886E-02    1.0000000
  6.9000000      -0.22698535E-01  -0.21886191E-01   0.27835995E-02    1.0000000
  6.9500000      -0.21587823E-01  -0.20939969E-01   0.28366565E-02    1.0000000
  7.0000000      -0.19677800E-01  -0.19383709E-01   0.28897136E-02    1.0000000
  7.0500000      -0.17264932E-01  -0.17456228E-01   0.29427706E-02    1.0000000
  7.1000000      -0.14686110E-01  -0.15423198E-01   0.29799236E-02    1.0000000
  7.1500000      -0.12669174E-01  -0.13324374E-01   0.29606596E-02    1.0000000
  7.2000000      -0.10738217E-01  -0.11204153E-01   0.29413956E-02    1.0000000
  7.2500000      -0.89392378E-02  -0.90490784E-02   0.29221315E-02    1.0000000
  7.3000000      -0.76462594E-02  -0.68090596E-02   0.29655492E-02    1.0000000
  7.3500000      -0.67148804E-02  -0.44268995E-02   0.30384311E-02    1.0000000
  7.4000000      -0.55922600E-02  -0.18679085E-02   0.31113130E-02    1.0000000
  7.4500000      -0.40213545E-02   0.85638072E-03   0.31711774E-02    1.0000000
  7.5000000      -0.72421861E-05   0.36750928E-02   0.31409224E-02    1.0000000
  7.5500000       0.41577814E-02   0.64614463E-02   0.31106675E-02    1.0000000
  7.6000000       0.77648234E-02   0.91265918E-02   0.30804125E-02    1.0000000
  7.6500000       0.91683010E-02   0.11402154E-01   0.30703813E-02    1.0000000
  7.7000000       0.77344402E-02   0.13080782E-01   0.30774636E-02    1.0000000
  7.7500000       0.57857617E-02   0.13993400E-01   0.30845460E-02    1.0000000
  7.8000000       0.42067644E-02   0.14039298E-01   0.31091859E-02    1.0000000
  7.8500000       0.54371943E-02   0.13206706E-01   0.31890899E-02    1.0000000
  7.9000000       0.68896103E-02   0.11580091E-01   0.32689938E-02    1.0000000
  7.9500000       0.79812770E-02   0.93326985E-02   0.33488977E-02    1.0000000
  8.0000000       0.67331755E-02   0.67053595E-02   0.32330770E-02    1.0000000
  8.0500000       0.41959742E-02   0.39750347E-02   0.30948009E-02    1.0000000
  8.1000000       0.13898351E-02   0.14081121E-02   0.29565248E-02    1.0000000
  8.1500000      -0.10166200E-02  -0.75793889E-03   0.29675348E-02    1.0000000
  8.2000000      -0.25297244E-02  -0.23405171E-02   0.31083881E-02    1.0000000
  8.2500000      -0.32738814E-02  -0.32470041E-02   0.32492414E-02    1.0000000
  8.3000000      -0.28511233E-02  -0.34831586E-02   0.37683215E-02    1.0000000
  8.3500000      -0.62496702E-03  -0.31463757E-02   0.49303580E-02    1.0000000
  8.4000000       0.21865057E-02  -0.24053306E-02   0.60923945E-02    1.0000000
  8.4500000       0.49968543E-02  -0.14697211E-02   0.67966018E-02    1.0000000
  8.5000000       0.56790277E-02  -0.55532636E-03   0.61913763E-02    1.0000000
  8.5500000       0.56642567E-02   0.14742837E-03   0.55861507E-02    1.0000000
  8.6000000       0.50663054E-02   0.48548899E-03   0.49809251E-02    1.0000000
  8.6500000       0.39989381E-02   0.40270036E-03   0.43756995E-02    1.0000000
  8.7000000       0.25759192E-02  -0.84469751E-04   0.37704739E-02    1.0000000
  8.7500000       0.91101282E-03  -0.88818320E-03   0.31993809E-02    1.0000000
  8.8000000      -0.91608104E-03  -0.18691836E-02   0.32417425E-02    1.0000000
  8.8500000      -0.27563366E-02  -0.28642747E-02   0.32841040E-02   1.00000000
  8.9000000      -0.44839854E-02  -0.37162005E-02   0.33264656E-02   0.93301117
  8.9500000      -0.59786102E-02  -0.43006032E-02   0.33688272E-02   0.74999788
  9.0000000      -0.71197938E-02  -0.45454764E-02   0.34111887E-02   0.49999817
  9.0500000      -0.77839705E-02  -0.44402590E-02   0.34434398E-02   0.24999894
  9.1000000      -0.61749060E-02  -0.40295536E-02   0.34332330E-02   0.66986993E-01
  9.1500000      -0.41900717E-02  -0.34046915E-02   0.34230262E-02    0.0000000
  9.2000000      -0.20250092E-02  -0.26819174E-02   0.34128194E-02   0.38025635E-39
  9.2500000       0.12474012E-03  -0.19753159E-02   0.34026126E-02    0.0000000
  9.3000000       0.20636347E-02  -0.13770621E-02   0.33924059E-02    0.0000000
  9.3500000       0.28537760E-02  -0.94256138E-03   0.34028429E-02    0.0000000
  9.4000000       0.18091987E-02  -0.68210070E-03   0.34305758E-02    0.0000000
  9.4500000       0.51220269E-03  -0.56018722E-03   0.34583086E-02    0.0000000
  9.5000000      -0.83012825E-03  -0.83012825E-03   0.34860415E-02    0.0000000
  9.5500000      -0.20107102E-02  -0.20107102E-02   0.35137744E-02    0.0000000
  9.6000000      -0.28224594E-02  -0.28224594E-02   0.35415073E-02    0.0000000
  9.6500000      -0.14164311E-02  -0.14164311E-02   0.35816510E-02    0.0000000
  9.7000000       0.10678235E-02   0.10678235E-02   0.36229922E-02    0.0000000
  9.7500000       0.36782479E-02   0.36782479E-02   0.36643334E-02    0.0000000
  9.8000000       0.61473261E-02   0.61473261E-02   0.37056745E-02    0.0000000
  9.8500000       0.82075421E-02   0.82075421E-02   0.37470157E-02    0.0000000
  9.9000000       0.86412203E-02   0.86412203E-02   0.38155485E-02    0.0000000
  9.9500000       0.69345118E-02   0.69345118E-02   0.39016494E-02    0.0000000
  10.000000       0.47401246E-02   0.47401246E-02   0.39877502E-02    0.0000000
  10.050000       0.23017189E-02   0.23017189E-02   0.40738511E-02    0.0000000
  10.100000      -0.13704547E-03  -0.13704547E-03   0.41599519E-02    0.0000000
  10.150000      -0.21133989E-02  -0.21133989E-02   0.41834200E-02    0.0000000
  10.200000      -0.22962977E-02  -0.22962977E-02   0.40899477E-02    0.0000000
  10.250000      -0.21764831E-02  -0.21764831E-02   0.39964755E-02    0.0000000
  10.300000      -0.18717995E-02  -0.18717995E-02   0.39030032E-02    0.0000000
  10.350000      -0.15000910E-02  -0.15000910E-02   0.38095309E-02    0.0000000
  10.400000      -0.11929258E-02  -0.11929258E-02   0.37056704E-02    0.0000000
  10.450000      -0.19347339E-02  -0.19347339E-02   0.35676534E-02    0.0000000
  10.500000      -0.27235389E-02  -0.27235389E-02   0.34296364E-02    0.0000000
  10.550000      -0.34543032E-02  -0.34543032E-02   0.32916194E-02    0.0000000
  10.600000      -0.40219892E-02  -0.40219892E-02   0.31536024E-02    0.0000000
  10.650000      -0.42338787E-02  -0.42338787E-02   0.32568736E-02    0.0000000
  10.700000      -0.30355240E-02  -0.30355240E-02   0.39306480E-02    0.0000000
  10.750000      -0.16651462E-02  -0.16651462E-02   0.46044225E-02    0.0000000
  10.800000      -0.30612038E-03  -0.30612038E-03   0.52781969E-02    0.0000000
  10.850000       0.85817835E-03   0.85817835E-03   0.59519714E-02    0.0000000
  10.900000       0.14741845E-02   0.14741845E-02   0.62404918E-02    0.0000000
  10.950000       0.43227492E-04   0.43227492E-04   0.57251077E-02    0.0000000
  11.000000      -0.15994736E-02  -0.15994736E-02   0.52097236E-02    0.0000000
  11.050000      -0.31847106E-02  -0.31847106E-02   0.46943395E-02    0.0000000
  11.100000      -0.44432752E-02  -0.44432752E-02   0.41789554E-02    0.0000000
  11.150000      -0.44019794E-02  -0.44019794E-02   0.39958946E-02    0.0000000
  11.200000      -0.24712090E-02  -0.24712090E-02   0.40358662E-02    0.0000000
  11.250000      -0.12262448E-03  -0.12262448E-03   0.40758379E-02    0.0000000
  11.300000       0.23894906E-02   0.23894906E-02   0.41158096E-02    0.0000000
  11.350000       0.48108526E-02   0.48108526E-02   0.41557812E-02    0.0000000
  11.400000       0.53983262E-02   0.53983262E-02   0.43274699E-02    0.0000000
  11.450000       0.45852272E-02   0.45852272E-02   0.45161386E-02    0.0000000
  11.500000       0.32984643E-02   0.32984643E-02   0.47048074E-02    0.0000000
  11.550000       0.16962275E-02   0.16962275E-02   0.48934762E-02    0.0000000
  11.600000      -0.63293455E-04  -0.63293455E-04   0.50821449E-02    0.0000000
  11.650000      -0.18219085E-02  -0.18219085E-02   0.52708137E-02    0.0000000
  11.700000      -0.34214276E-02  -0.34214276E-02   0.54594824E-02    0.0000000
  11.750000      -0.34596282E-02  -0.34596282E-02   0.52927380E-02    0.0000000
  11.800000      -0.27952209E-02  -0.27952209E-02   0.51257380E-02    0.0000000
  11.850000      -0.19058235E-02  -0.19058235E-02   0.49587381E-02    0.0000000
  11.900000      -0.85447041E-03  -0.85447041E-03   0.47917381E-02    0.0000000
  11.950000       0.29580409E-03   0.29580409E-03   0.46247381E-02    0.0000000
  12.000000       0.14819656E-02   0.14819656E-02   0.44577381E-02    0.0000000
  12.050000       0.26217958E-02   0.26217958E-02   0.42901226E-02    0.0000000
  12.100000       0.35608850E-02   0.35608850E-02   0.41215626E-02    0.0000000
  12.150000       0.43690756E-02   0.43690756E-02   0.39530027E-02    0.0000000
  12.200000       0.50022015E-02   0.50022015E-02   0.37844428E-02    0.0000000
  12.250000       0.54160963E-02   0.54160963E-02   0.36158828E-02    0.0000000
  12.300000       0.55665938E-02   0.55665938E-02   0.34473229E-02    0.0000000
  12.350000       0.54095278E-02   0.54095278E-02   0.32787629E-02    0.0000000
  12.400000       0.41542301E-02   0.41542301E-02   0.35919122E-02    0.0000000
  12.450000       0.22240505E-02   0.22240505E-02   0.39507113E-02    0.0000000
  12.500000       0.14744360E-03   0.14744360E-03   0.43095104E-02    0.0000000
  12.550000      -0.19491700E-02  -0.19491700E-02   0.46683095E-02    0.0000000
  12.600000      -0.39393699E-02  -0.39393699E-02   0.50271087E-02    0.0000000
  12.650000      -0.56967354E-02  -0.56967354E-02   0.53859078E-02    0.0000000
  12.700000      -0.66291704E-02  -0.66291704E-02   0.54379909E-02    0.0000000
  12.750000      -0.63659964E-02  -0.63659964E-02   0.53139212E-02    0.0000000
  12.800000      -0.57746562E-02  -0.57746562E-02   0.51898516E-02    0.0000000
  12.850000      -0.49273482E-02  -0.49273482E-02   0.50657820E-02    0.0000000
  12.900000      -0.38962709E-02  -0.38962709E-02   0.49417124E-02    0.0000000
  12.950000      -0.27536227E-02  -0.27536227E-02   0.48176428E-02    0.0000000
  13.000000      -0.16622487E-02  -0.16622487E-02   0.47795215E-02    0.0000000
  13.050000      -0.83386513E-03  -0.83386513E-03   0.48148840E-02    0.0000000
  13.100000      -0.38869489E-04  -0.38869489E-04   0.48502466E-02    0.0000000
  13.150000       0.70604802E-03   0.70604802E-03   0.48856091E-02    0.0000000
  13.200000       0.13841971E-02   0.13841971E-02   0.49209716E-02    0.0000000
  13.250000       0.19788877E-02   0.19788877E-02   0.49563341E-02    0.0000000
  13.300000       0.24225725E-02   0.24225725E-02   0.49739779E-02    0.0000000
  13.350000       0.25829302E-02   0.25829302E-02   0.49749929E-02    0.0000000
  13.400000       0.26271131E-02   0.26271131E-02   0.49760079E-02    0.0000000
  13.450000       0.25656255E-02   0.25656255E-02   0.49770229E-02    0.0000000
  13.500000       0.24089721E-02   0.24089721E-02   0.49780379E-02    0.0000000
  13.550000       0.21676572E-02   0.21676572E-02   0.49790529E-02    0.0000000
  13.600000       0.18521854E-02   0.18521854E-02   0.49800679E-02    0.0000000
  13.650000       0.14730611E-02   0.14730611E-02   0.49810829E-02    0.0000000
  13.700000       0.99531472E-03   0.99531472E-03   0.53661989E-02    0.0000000
  13.750000       0.41523698E-03   0.41523698E-03   0.59167291E-02    0.0000000
  13.800000      -0.18047926E-03  -0.18047926E-03   0.64672594E-02    0.0000000
  13.850000      -0.77016968E-03  -0.77016968E-03   0.70177897E-02    0.0000000
  13.900000      -0.13321699E-02  -0.13321699E-02   0.75683200E-02    0.0000000
  13.950000      -0.18448157E-02  -0.18448157E-02   0.81188503E-02    0.0000000
  14.000000      -0.22864427E-02  -0.22864427E-02   0.86693805E-02    0.0000000
  14.050000      -0.26353865E-02  -0.26353865E-02   0.91341072E-02    0.0000000
  14.100000      -0.25477786E-02  -0.25477786E-02   0.86477950E-02    0.0000000
  14.150000      -0.22746707E-02  -0.22746707E-02   0.81614827E-02    0.0000000
  14.200000      -0.19265212E-02  -0.19265212E-02   0.76751705E-02    0.0000000
  14.250000      -0.15258897E-02  -0.15258897E-02   0.71888582E-02    0.0000000
  14.300000      -0.10953356E-02  -0.10953356E-02   0.67025460E-02    0.0000000
  14.350000      -0.65741846E-03  -0.65741846E-03   0.62162337E-02    0.0000000
  14.400000      -0.23469779E-03  -0.23469779E-03   0.57299215E-02    0.0000000
  14.450000       0.44286712E-04   0.44286712E-04   0.57589933E-02    0.0000000
  14.500000       0.12144609E-03   0.12144609E-03   0.59991600E-02    0.0000000
  14.550000       0.15872375E-03   0.15872375E-03   0.62393267E-02    0.0000000
  14.600000       0.16305109E-03   0.16305109E-03   0.64794934E-02    0.0000000
  14.650000       0.14135947E-03   0.14135947E-03   0.67196602E-02    0.0000000
  14.700000       0.10058029E-03   0.10058029E-03   0.69598269E-02    0.0000000
  14.750000       0.47644915E-04   0.47644915E-04   0.71999936E-02    0.0000000
  14.800000      -0.80670983E-02  -0.80670983E-02   0.71553362E-02    0.0000000
  14.850000      -0.70620764E-02  -0.70620764E-02   0.68141084E-02    0.0000000
  14.900000      -0.59409275E-02  -0.59409275E-02   0.64728805E-02    0.0000000
  14.950000      -0.47585334E-02  -0.47585334E-02   0.61316527E-02    0.0000000
  15.000000      -0.35697757E-02  -0.35697757E-02   0.57904249E-02    0.0000000
  15.050000      -0.24295359E-02  -0.24295359E-02   0.54491971E-02    0.0000000
  15.100000      -0.13926956E-02  -0.13926956E-02   0.51079693E-02    0.0000000
  15.150000      -0.67985550E-03  -0.67985550E-03   0.53888229E-02    0.0000000
  15.200000      -0.10542913E-02  -0.10542913E-02   0.63654948E-02    0.0000000
  15.250000      -0.15339541E-02  -0.15339541E-02   0.73421667E-02    0.0000000
  15.300000      -0.20392524E-02  -0.20392524E-02   0.83188387E-02    0.0000000
  15.350000      -0.24905944E-02  -0.24905944E-02   0.92955106E-02    0.0000000
  15.400000      -0.28083887E-02  -0.28083887E-02   0.10272183E-01    0.0000000
  15.450000      -0.29130436E-02  -0.29130436E-02   0.11248855E-01    0.0000000
  15.500000      -0.22418854E-02  -0.22418854E-02   0.11207512E-01    0.0000000
  15.550000      -0.14996381E-03  -0.14996381E-03   0.10555753E-01    0.0000000
  15.600000       0.21075686E-02   0.21075686E-02   0.99039939E-02    0.0000000
  15.650000       0.43987823E-02   0.43987823E-02   0.92522346E-02    0.0000000
  15.700000       0.65917476E-02   0.65917476E-02   0.86004754E-02    0.0000000
  15.750000       0.85545349E-02   0.85545349E-02   0.79487161E-02    0.0000000
  15.800000       0.10155215E-01   0.10155215E-01   0.72969569E-02    0.0000000
  15.850000       0.97015977E-02   0.97015977E-02   0.75711012E-02    0.0000000
  15.900000       0.81299225E-02   0.81299225E-02   0.79045359E-02    0.0000000
  15.950000       0.65582472E-02   0.65582472E-02   0.82379705E-02    0.0000000
  16.000000       0.49865720E-02   0.49865720E-02   0.85714052E-02    0.0000000
  16.050000       0.34148967E-02   0.34148967E-02   0.89048398E-02    0.0000000
  16.100000       0.18432215E-02   0.18432215E-02   0.92382745E-02    0.0000000
  16.150000       0.35021815E-03   0.35021815E-03   0.93742081E-02    0.0000000
  16.200000       0.98318743E-03   0.98318743E-03   0.91811636E-02    0.0000000
  16.250000       0.16161567E-02   0.16161567E-02   0.89881191E-02    0.0000000
  16.300000       0.22491260E-02   0.22491260E-02   0.87950747E-02    0.0000000
  16.350000       0.28820953E-02   0.28820953E-02   0.86020302E-02    0.0000000
  16.400000       0.35150646E-02   0.35150646E-02   0.84089857E-02    0.0000000
  16.450000       0.41480338E-02   0.41480338E-02   0.82159412E-02    0.0000000
  16.500000       0.34414537E-02   0.34414537E-02   0.82852198E-02    0.0000000
  16.550000       0.18766878E-02   0.18766878E-02   0.83666526E-02    0.0000000
  16.600000       0.31192187E-03   0.31192187E-03   0.84480854E-02    0.0000000
  16.650000      -0.12528440E-02  -0.12528440E-02   0.85295182E-02    0.0000000
  16.700000      -0.28176099E-02  -0.28176099E-02   0.86109510E-02    0.0000000
  16.750000      -0.43823758E-02  -0.43823758E-02   0.86923838E-02    0.0000000
  16.800000      -0.55839295E-02  -0.55839295E-02   0.92756766E-02    0.0000000
  16.850000      -0.56492362E-02  -0.56492362E-02   0.10200393E-01    0.0000000
  16.900000      -0.57145429E-02  -0.57145429E-02   0.11125109E-01    0.0000000
  16.950000      -0.57798496E-02  -0.57798496E-02   0.12049825E-01    0.0000000
  17.000000      -0.58451563E-02  -0.58451563E-02   0.12974541E-01    0.0000000
  17.050000      -0.59104630E-02  -0.59104630E-02   0.13899257E-01    0.0000000
  17.100000      -0.59757697E-02  -0.59757697E-02   0.14823973E-01    0.0000000
