# data from ifeffit
#------------------------
#   k         chi         dchi         e0
  55.608573       0.47220530E-10   0.54825891E-03    20006.008
  56.311147       0.56459757E-10   0.91312469E-03    20006.008
  57.005048       0.82692765E-10   0.15766294E-02    20006.008
  57.051002       0.86228552E-10   0.20428767E-02    20006.008
  57.096905       0.90142127E-10   0.13117590E-02    20006.008
  57.142757       0.94686922E-10   0.19371954E-02    20006.008
  57.188667       0.99949961E-10   0.30022073E-02    20006.008
  57.234412       0.10599032E-09   0.18544848E-02    20006.008
  57.280216       0.11350514E-09   0.16815877E-02    20006.008
  57.325971       0.12200631E-09   0.30260037E-02    20006.008
  57.371670       0.13250423E-09   0.36006331E-02    20006.008
  57.417316       0.14597874E-09   0.37383798E-02    20006.008
  57.463020       0.16359955E-09   0.18041118E-02    20006.008
  57.508561       0.18649033E-09   0.15072170E-02    20006.008
  57.554159       0.21937828E-09   0.23924682E-02    20006.008
  57.599593       0.26802306E-09   0.28679391E-02    20006.008
  57.645080       0.34978478E-09   0.12220474E-01    20006.008
  57.690630       0.51094592E-09   0.52778620E-02    20006.008
  57.736009       0.94837891E-09   0.13125595E-01    20006.008
  57.781338       0.68115891E-08   0.89562215E-01    20006.008
  57.826716      -0.12960050E-08  -0.19185872E-01    20006.008
  57.872048      -0.62289235E-09  -0.17830500E-01    20006.008
  57.993090      -0.12398723E-07  -0.13269945        20006.008
  57.994225       0.13544444E-07   0.23437349        20006.008
  57.995352       0.49709761E-08   0.60457368E-01    20006.008
  57.996487       0.25532969E-08   0.14385228        20006.008
  57.997618       0.16379123E-08   0.10595857        20006.008
  57.998637       0.12567926E-08   0.20674309        20006.008
  57.999772       0.88179015E-09   0.26078717E-01    20006.008
  58.000903       0.62314602E-09   0.87102111E-02    20006.008
  58.002034       0.73874158E-09   0.56538027E-01    20006.008
  58.003166       0.70708956E-09   0.12669433        20006.008
  58.004301       0.76131343E-09   0.78925352E-01    20006.008
  58.005432       0.54893996E-09   0.41196226E-01    20006.008
  58.006564       0.47148573E-09   0.27628437E-01    20006.008
  58.008831       0.36584281E-09   0.24380824E-01    20006.008
  58.009962       0.35659257E-09   0.14518101E-01    20006.008
  58.011098       0.31172595E-09   0.18450647E-01    20006.008
  58.012225       0.27520878E-09   0.22626238E-01    20006.008
  58.013361       0.22521006E-09   0.21780037E-01    20006.008
  58.014493       0.19849629E-09   0.10197235E-01    20006.008
  58.015628       0.17936682E-09   0.73971569E-02    20006.008
  58.016756       0.16442224E-09   0.56097252E-02    20006.008
  58.017892       0.14915766E-09   0.39001914E-02    20006.008
  58.019024       0.13285150E-09   0.96560991E-02    20006.008
  58.020159       0.12042917E-09   0.85955876E-02    20006.008
  58.021291       0.10727598E-09   0.50302649E-02    20006.008
  58.022419       0.10100248E-09   0.10287294E-01    20006.008
  58.024691       0.80587482E-10   0.38338714E-02    20006.008
  58.025823       0.74694803E-10   0.11250591E-01    20006.008
  58.031488       0.43099960E-10   0.49698671E-02    20006.008
  58.032620       0.37502432E-10   0.41792466E-02    20006.008
  58.033753       0.31677038E-10   0.47886580E-02    20006.008
  58.034889       0.27302516E-10   0.33176034E-02    20006.008
  58.035908       0.23224471E-10   0.34798969E-02    20006.008
  58.037045       0.19902699E-10   0.40058089E-02    20006.008
  58.038173       0.16872317E-10   0.38073849E-02    20006.008
  58.039310       0.14827574E-10   0.52857809E-02    20006.008
  58.040442       0.13132019E-10   0.37068822E-02    20006.008
  58.041579       0.11910380E-10   0.27211906E-02    20006.008
  58.042711       0.10973261E-10   0.20504360E-02    20006.008
  58.043844       0.10199459E-10   0.16713048E-02    20006.008
  58.044976       0.96061040E-11   0.24494403E-02    20006.008
  58.046113       0.90513090E-11   0.13693490E-02    20006.008
  58.047246       0.85759831E-11   0.18386451E-02    20006.008
  58.048375       0.81160023E-11   0.18419060E-02    20006.008
  58.049511       0.77291037E-11   0.11973022E-02    20006.008
  58.050644       0.73501903E-11   0.88065143E-03    20006.008
  58.051781       0.70088490E-11   0.61293193E-03    20006.008
  58.052918       0.66949863E-11   0.10984168E-02    20006.008
  58.054047       0.64260773E-11   0.71134768E-03    20006.008
  58.055180       0.61781720E-11   0.61751650E-03    20006.008
  58.056317       0.59297778E-11   0.12625430E-02    20006.008
  58.057450       0.56863934E-11   0.76710216E-03    20006.008
  58.058583       0.54573392E-11   0.12358270E-02    20006.008
  58.059716       0.52166899E-11   0.52412703E-03    20006.008
  58.060853       0.49732530E-11   0.17658179E-02    20006.008
  58.061873       0.47274200E-11   0.15900397E-02    20006.008
  58.063010       0.44905236E-11   0.10055588E-02    20006.008
  58.064144       0.42849613E-11   0.76850047E-03    20006.008
  58.065277       0.40731549E-11   0.61439899E-03    20006.008
  58.066410      -0.73775025E-01   0.20399720E-02    20006.008
  58.067548      -0.36178402E-01   0.14289062E-02    20006.008
  58.068681      -0.83912820E-02   0.96137774E-03    20006.008
  58.069815       0.14770539E-01   0.84095913E-03    20006.008
  58.070948       0.32339486E-01   0.71627933E-03    20006.008
  58.072085       0.46265789E-01   0.59885571E-03    20006.008
  58.073219       0.54299281E-01   0.53641614E-03    20006.008
  58.074356       0.59554919E-01   0.46421147E-03    20006.008
  58.075486       0.59791291E-01   0.38106743E-03    20006.008
  58.076620       0.55281116E-01   0.34819933E-03    20006.008
  58.077757       0.48163877E-01   0.58537697E-03    20006.008
  58.078891       0.38016794E-01   0.55115138E-03    20006.008
  58.080025       0.23667050E-01   0.56507984E-03    20006.008
  58.081159       0.71772449E-02   0.45154450E-03    20006.008
  58.082184      -0.80607407E-02   0.33200593E-03    20006.008
  58.083317      -0.21736964E-01   0.22036620E-03    20006.008
  58.084455      -0.35425003E-01   0.70866557E-03    20006.008
  58.095808      -0.23464600E-01   0.62329526E-03    20006.008
  58.096938      -0.17369010E-01   0.46933541E-03    20006.008
  58.098077      -0.12005947E-01   0.43598243E-03    20006.008
  58.099211      -0.91092438E-02   0.41995781E-03    20006.008
  58.100232      -0.68999935E-02   0.39253100E-03    20006.008
  58.101371      -0.58053486E-02   0.36579569E-03    20006.008
  58.102501      -0.53513776E-02   0.34534351E-03    20006.008
  58.103640      -0.62243590E-02   0.32310494E-03    20006.008
  58.104774      -0.74834778E-02   0.29331721E-03    20006.008
  58.105913      -0.84868279E-02   0.25783370E-03    20006.008
  58.107047      -0.91569228E-02   0.60589725E-03    20006.008
  58.108182      -0.11860519E-01   0.87369047E-03    20006.008
  58.109317      -0.12215006E-01   0.82751261E-03    20006.008
  58.110455      -0.12394410E-01   0.77193776E-03    20006.008
  58.111590      -0.11795716E-01   0.72631988E-03    20006.008
  58.112725      -0.10368326E-01   0.66401413E-03    20006.008
  58.113860      -0.81682710E-02   0.60252520E-03    20006.008
  58.114999      -0.45590778E-02   0.54835880E-03    20006.008
  58.116020      -0.47919607E-03   0.46575196E-03    20006.008
  58.117155       0.50519836E-02   0.35355179E-03    20006.008
  58.118294       0.11391443E-01   0.38489590E-03    20006.008
  58.119425       0.15373254E-01   0.50521849E-03    20006.008
  58.120564       0.20501720E-01   0.48971597E-03    20006.008
  58.121699       0.25767362E-01   0.47045322E-03    20006.008
  58.122839       0.31034155E-01   0.45311500E-03    20006.008
  58.123970       0.36471087E-01   0.41882792E-03    20006.008
  58.125109       0.41147226E-01   0.39205766E-03    20006.008
  58.126244       0.46487533E-01   0.38070238E-03    20006.008
  58.127383       0.52109968E-01   0.36340239E-03    20006.008
  58.128519       0.57840529E-01   0.30707761E-03    20006.008
  58.129654       0.64979269E-01   0.43276403E-03    20006.008
  58.130676       0.69894687E-01   0.55228794E-03    20006.008
  58.131812       0.75977223E-01   0.53592882E-03    20006.008
  58.132951       0.82410239E-01   0.50862277E-03    20006.008
  58.134086       0.87764313E-01   0.49441524E-03    20006.008
  58.135222       0.92510194E-01   0.44509407E-03    20006.008
  58.136358       0.96594120E-01   0.41415758E-03    20006.008
  58.137497       0.99521673E-01   0.38582055E-03    20006.008
  58.138633       0.10056241       0.35143180E-03    20006.008
  58.139772       0.99044592E-01   0.40713330E-03    20006.008
  58.140904       0.97494763E-01   0.36745990E-03    20006.008
  58.142044       0.92558583E-01   0.13064024E-02    20006.008
  58.143179       0.85320767E-01   0.12482740E-02    20006.008
  58.144202       0.77470071E-01   0.12099962E-02    20006.008
  58.145342       0.68067373E-01   0.11581497E-02    20006.008
  58.146474       0.57881502E-01   0.11404493E-02    20006.008
  58.147614       0.46830238E-01   0.10832741E-02    20006.008
  58.148750       0.36211886E-01   0.10570409E-02    20006.008
  58.149889       0.25576777E-01   0.98416149E-03    20006.008
  58.151025       0.15462784E-01   0.92322984E-03    20006.008
  58.152161       0.71052426E-02   0.57644021E-03    20006.008
  58.163419      -0.37178407E-01   0.51557463E-03    20006.008
  58.164559      -0.37874941E-01   0.82601090E-03    20006.008
  58.165695      -0.37840758E-01   0.80471022E-03    20006.008
  58.166836      -0.37295881E-01   0.80319364E-03    20006.008
  58.167859      -0.35519080E-01   0.80472849E-03    20006.008
  58.168992      -0.34436481E-01   0.81391554E-03    20006.008
  58.170132      -0.32295737E-01   0.82454466E-03    20006.008
  58.171269      -0.30073543E-01   0.82011959E-03    20006.008
  58.172410      -0.27365639E-01   0.82014814E-03    20006.008
  58.173546      -0.23697501E-01   0.83843568E-03    20006.008
  58.174683      -0.20439151E-01   0.72946018E-03    20006.008
  58.185951      -0.35710212E-02   0.40710598E-03    20006.008
  58.187089      -0.37951162E-02   0.93155759E-03    20006.008
  58.188230      -0.53465686E-02   0.99868103E-03    20006.008
  58.189367      -0.62110699E-02   0.13459660E-02    20006.008
  58.190391      -0.79621624E-02   0.15854636E-02    20006.008
  58.191528      -0.92513106E-02   0.14119761E-02    20006.008
  58.192665      -0.10830113E-01   0.90600505E-03    20006.008
  58.193807      -0.12113673E-01   0.90509339E-03    20006.008
  58.194944      -0.14048967E-01   0.94338079E-03    20006.008
  58.196086      -0.16390969E-01   0.90883269E-03    20006.008
  58.197219      -0.17580308E-01   0.37981442E-03    20006.008
  58.208494      -0.33088974E-01   0.56060760E-03    20006.008
  58.209632      -0.34191910E-01   0.10306731E-02    20006.008
  58.210657      -0.34114857E-01   0.98700103E-03    20006.008
  58.211799      -0.33228603E-01   0.98776890E-03    20006.008
  58.212937      -0.31838743E-01   0.93950351E-03    20006.008
  58.214075      -0.29986884E-01   0.95371654E-03    20006.008
  58.215213      -0.27630084E-01   0.90456976E-03    20006.008
  58.216355      -0.24785640E-01   0.88392563E-03    20006.008
  58.217493      -0.21476355E-01   0.88072281E-03    20006.008
  58.218635      -0.17525189E-01   0.84861264E-03    20006.008
  58.219660      -0.12633076E-01   0.62494121E-03    20006.008
  58.230942       0.32949154E-01   0.92635902E-03    20006.008
  58.232077       0.34887597E-01   0.12048803E-02    20006.008
  58.233219       0.37250512E-01   0.11885751E-02    20006.008
  58.234358       0.39077529E-01   0.11827502E-02    20006.008
  58.235500       0.39629262E-01   0.11524985E-02    20006.008
  58.236639       0.40221476E-01   0.10631824E-02    20006.008
  58.237665       0.40214640E-01   0.10692395E-02    20006.008
  58.238803       0.39078994E-01   0.10743750E-02    20006.008
  58.239942       0.37260949E-01   0.10252225E-02    20006.008
  58.241085       0.35628869E-01   0.10735724E-02    20006.008
  58.242224       0.32385992E-01   0.65007734E-03    20006.008
  58.253513      -0.16904731E-01   0.62009196E-03    20006.008
  58.254539      -0.21824279E-01   0.90470610E-03    20006.008
  58.255674      -0.25556367E-01   0.90787788E-03    20006.008
  58.256818      -0.27806000E-01   0.88627604E-03    20006.008
  58.257957      -0.30198678E-01   0.88159014E-03    20006.008
  58.259101      -0.32418836E-01   0.90116680E-03    20006.008
  58.260240      -0.33794503E-01   0.90351970E-03    20006.008
  58.261380      -0.34916104E-01   0.90031490E-03    20006.008
  58.262406      -0.35627698E-01   0.90828870E-03    20006.008
  58.263545      -0.35336252E-01   0.88870625E-03    20006.008
  58.264689      -0.34140454E-01   0.96092497E-03    20006.008
  58.275985      -0.21921003E-01   0.85074394E-03    20006.008
  58.277125      -0.22305622E-01   0.93780508E-03    20006.008
  58.278152      -0.21465651E-01   0.95124509E-03    20006.008
  58.279292      -0.20679274E-01   0.96500321E-03    20006.008
  58.280432      -0.20317722E-01   0.93675234E-03    20006.008
  58.281576      -0.20028226E-01   0.92917537E-03    20006.008
  58.282716      -0.19788055E-01   0.92562991E-03    20006.008
  58.283860      -0.19246810E-01   0.92933033E-03    20006.008
  58.284997      -0.18590802E-01   0.92014592E-03    20006.008
  58.286023      -0.18110833E-01   0.92136258E-03    20006.008
  58.287168      -0.16953917E-01   0.89454954E-03    20006.008
  58.298467      -0.11297322E-01   0.74738116E-03    20006.008
  58.299612      -0.10426375E-01   0.92618981E-03    20006.008
  58.300639      -0.10091034E-01   0.94752112E-03    20006.008
  58.301780      -0.85765868E-02   0.91426024E-03    20006.008
  58.302921      -0.75810602E-02   0.91840975E-03    20006.008
  58.304062      -0.63815465E-02   0.90568636E-03    20006.008
  58.305207      -0.45557887E-02   0.91887610E-03    20006.008
  58.306348      -0.28401889E-02   0.90661147E-03    20006.008
  58.307379      -0.78729315E-03   0.91682872E-03    20006.008
  58.308520       0.11386360E-02   0.90370779E-03    20006.008
  58.309661       0.26916938E-02   0.97381985E-03    20006.008
  58.320968       0.26753886E-01   0.11892169E-02    20006.008
  58.321995       0.28627169E-01   0.10461564E-02    20006.008
  58.323141       0.30624850E-01   0.10779921E-02    20006.008
  58.324282       0.31950833E-01   0.10732933E-02    20006.008
  58.325428       0.32877289E-01   0.10542997E-02    20006.008
  58.326565       0.33984313E-01   0.10763773E-02    20006.008
  58.327711       0.34677027E-01   0.10972841E-02    20006.008
  58.328739       0.34831415E-01   0.10580071E-02    20006.008
  58.329881       0.34688049E-01   0.10763514E-02    20006.008
  58.331026       0.33546453E-01   0.10569277E-02    20006.008
  58.332168       0.33248861E-01   0.95066752E-03    20006.008
  58.343372       0.16003574E-01   0.69797093E-03    20006.008
  58.344514       0.13543799E-01   0.90868792E-03    20006.008
  58.345657       0.11072283E-01   0.89238388E-03    20006.008
  58.346799       0.83651049E-02   0.90709814E-03    20006.008
  58.347827       0.64039708E-02   0.91889570E-03    20006.008
  58.348973       0.33068106E-02   0.93443634E-03    20006.008
  58.350116       0.45159845E-03   0.96300365E-03    20006.008
  58.351258      -0.22646949E-02   0.97240271E-03    20006.008
  58.352401      -0.46040767E-02   0.98245573E-03    20006.008
  58.353429      -0.71676831E-02   0.99794725E-03    20006.008
  58.354576      -0.91738916E-02   0.10697345E-02    20006.008
  58.365783      -0.32395615E-01   0.72742114E-03    20006.008
  58.366930      -0.33986697E-01   0.91533583E-03    20006.008
  58.368073      -0.35437729E-01   0.89384883E-03    20006.008
  58.369219      -0.36487042E-01   0.89848573E-03    20006.008
  58.370358      -0.37317181E-01   0.87528466E-03    20006.008
  58.371505      -0.37994594E-01   0.90264887E-03    20006.008
  58.372535      -0.38754072E-01   0.91267119E-03    20006.008
  58.373678      -0.39011927E-01   0.92260915E-03    20006.008
  58.374825      -0.39289013E-01   0.90410809E-03    20006.008
  58.375964      -0.39565766E-01   0.90357265E-03    20006.008
  58.377111      -0.38873395E-01   0.75218781E-03    20006.008
  58.388325      -0.40433969E-01   0.56487431E-03    20006.008
  58.389355      -0.40990659E-01   0.96319511E-03    20006.008
  58.390503      -0.40933865E-01   0.97727559E-03    20006.008
  58.391646      -0.40247916E-01   0.97456558E-03    20006.008
  58.392794      -0.39848939E-01   0.94662963E-03    20006.008
  58.393938      -0.39028495E-01   0.93639251E-03    20006.008
  58.394967      -0.38629678E-01   0.91382862E-03    20006.008
  58.396111      -0.37738501E-01   0.88731839E-03    20006.008
  58.397255      -0.37303844E-01   0.88301203E-03    20006.008
  58.398403      -0.35759667E-01   0.84353045E-03    20006.008
  58.399547      -0.34326403E-01   0.59990709E-03    20006.008
  58.400577      -0.32786915E-01   0.93081317E-03    20006.008
  58.411802      -0.14208022E-01   0.64032846E-03    20006.008
  58.423027      -0.43036162E-02   0.55401069E-03    20006.008
  58.424172      -0.49773994E-02   0.92811829E-03    20006.008
  58.425321      -0.43972675E-02   0.88458890E-03    20006.008
  58.426462      -0.39317240E-02   0.88086093E-03    20006.008
  58.427610      -0.33474896E-02   0.86119729E-03    20006.008
  58.428641      -0.32940196E-02   0.83243319E-03    20006.008
  58.429786      -0.27476165E-02   0.84279976E-03    20006.008
  58.430935      -0.27969526E-02   0.82470007E-03    20006.008
  58.432080      -0.26252866E-02   0.82723836E-03    20006.008
  58.433115      -0.28132905E-02   0.80367785E-03    20006.008
  58.434256      -0.23065105E-02   0.55821967E-03    20006.008
  58.456727       0.26750276E-01   0.26087706E-03    20006.008
  58.457877       0.31083565E-01   0.28650547E-02    20006.008
  58.458909       0.33573846E-01   0.28860191E-02    20006.008
  58.460055       0.37038408E-01   0.28327080E-02    20006.008
  58.461201       0.41387654E-01   0.28596461E-02    20006.008
  58.462351       0.45698897E-01   0.29493788E-02    20006.008
  58.463382       0.47465979E-01   0.30244692E-02    20006.008
  58.464528       0.50480589E-01   0.29610257E-02    20006.008
  58.465674       0.53304897E-01   0.29841369E-02    20006.008
  58.466820       0.56918832E-01   0.29577129E-02    20006.008
  58.467971       0.60236093E-01   0.31466973E-03    20006.008
  58.479099       0.69021218E-01   0.24912464E-03    20006.008
  58.480245       0.67532997E-01   0.13034190E-02    20006.008
  58.481396       0.66337845E-01   0.13125982E-02    20006.008
  58.482428       0.64689879E-01   0.12599083E-02    20006.008
  58.483575       0.62132311E-01   0.12579920E-02    20006.008
  58.484725       0.59746976E-01   0.12574224E-02    20006.008
  58.485868       0.57659503E-01   0.12122293E-02    20006.008
  58.487019       0.54489530E-01   0.12104478E-02    20006.008
  58.488051       0.51894379E-01   0.12365327E-02    20006.008
  58.489198       0.48867845E-01   0.12556702E-02    20006.008
  58.490349       0.46244727E-01   0.49101726E-03    20006.008
  58.501484       0.17640459E-02   0.76268118E-03    20006.008
  58.502632      -0.51073195E-02   0.95059108E-03    20006.008
  58.503783      -0.10152045E-01   0.97056298E-03    20006.008
  58.504926      -0.15182847E-01   0.93778692E-03    20006.008
  58.505959      -0.19575282E-01   0.88585631E-03    20006.008
  58.507110      -0.24206063E-01   0.94066882E-03    20006.008
  58.508258      -0.28423990E-01   0.88622296E-03    20006.008
  58.509409      -0.32825313E-01   0.89392331E-03    20006.008
  58.510442      -0.36761540E-01   0.85216907E-03    20006.008
  58.511590      -0.41055576E-01   0.84283847E-03    20006.008
  58.512738      -0.45254875E-01   0.39927570E-03    20006.008
  58.523884      -0.68806276E-01   0.47474043E-03    20006.008
  58.525032      -0.68496456E-01   0.71191159E-03    20006.008
  58.529513      -0.67227007E-01   0.10445245E-02    20006.008
  58.533996      -0.61308701E-01   0.67412535E-03    20006.008
  58.538479      -0.52552998E-01   0.70212298E-03    20006.008
  58.542962      -0.44869803E-01   0.90467551E-03    20006.008
  58.565387      -0.31312126E-01   0.53643889E-03    20006.008
  58.569756      -0.26935930E-01   0.81938519E-03    20006.008
  58.574243      -0.21616836E-01   0.81737885E-03    20006.008
  58.578731      -0.15090978E-01   0.81789474E-03    20006.008
  58.583219      -0.78962118E-02   0.87512388E-03    20006.008
  58.587708       0.20199439E-02   0.78810302E-03    20006.008
  58.610043       0.37402679E-01   0.95252965E-03    20006.008
  58.614540       0.39959089E-01   0.99811422E-03    20006.008
  58.619032       0.41262565E-01   0.95660763E-03    20006.008
  58.623522       0.40460079E-01   0.91328657E-03    20006.008
  58.627905       0.40969415E-01   0.90531924E-03    20006.008
  58.632396       0.41975494E-01   0.80193891E-03    20006.008
  58.654763       0.36841993E-01   0.82826064E-03    20006.008
  58.659261       0.34105117E-01   0.89644311E-03    20006.008
  58.663759       0.29035783E-01   0.78595181E-03    20006.008
  58.668144       0.23166331E-01   0.75222690E-03    20006.008
  58.672643       0.16041408E-01   0.12258170E-02    20006.008
  58.677143       0.68502197E-02   0.63455018E-03    20006.008
  58.699419      -0.27739010E-01   0.44774981E-03    20006.008
  58.703923      -0.32915225E-01   0.81535082E-03    20006.008
  58.708427      -0.36966418E-01   0.64135118E-03    20006.008
  58.712817      -0.40585162E-01   0.60701508E-03    20006.008
  58.717322      -0.43725074E-01   0.56861524E-03    20006.008
  58.721713      -0.45710925E-01   0.55074194E-03    20006.008
  58.744132      -0.21333840E-01   0.49453380E-03    20006.008
  58.748530      -0.15478597E-01   0.59045917E-03    20006.008
  58.753036      -0.87563827E-02   0.62440545E-03    20006.008
  58.757435      -0.36303828E-02   0.62964828E-03    20006.008
  58.761942       0.22812167E-02   0.63314434E-03    20006.008
  58.766334       0.83860505E-02   0.52264945E-03    20006.008
  58.788673       0.29698257E-01   0.53462731E-03    20006.008
  58.793188       0.31279041E-01   0.68171678E-03    20006.008
  58.797584       0.32781440E-01   0.79669143E-03    20006.008
  58.802100       0.33309336E-01   0.96794666E-03    20006.008
  58.806502       0.33532437E-01   0.10682950E-02    20006.008
  58.811019       0.34210986E-01   0.50141093E-03    20006.008
  58.833263       0.22326107E-01   0.75103032E-03    20006.008
  58.837672       0.19623815E-01   0.64215955E-03    20006.008
  58.842189       0.18374914E-01   0.63072563E-03    20006.008
  58.846595       0.18324840E-01   0.65963496E-03    20006.008
  58.851117       0.18590927E-01   0.64179718E-03    20006.008
  58.855521       0.18093873E-01   0.56251413E-03    20006.008
  58.877800       0.12877954E-03   0.47410772E-03    20006.008
  58.882207      -0.46326409E-02   0.71119547E-03    20006.008
  58.886733      -0.90763240E-02   0.62856982E-03    20006.008
  58.891145      -0.11198120E-01   0.57153012E-03    20006.008
  58.895557      -0.11978551E-01   0.73020217E-03    20006.008
  58.900086      -0.11223257E-01   0.40677505E-03    20006.008
  58.922269      -0.88753657E-02   0.78737506E-03    20006.008
  58.926685      -0.10824774E-01   0.11314726E-02    20006.008
  58.931214      -0.11996107E-01   0.73672340E-03    20006.008
  58.935635      -0.13158654E-01   0.64548529E-03    20006.008
  58.940053      -0.14005586E-01   0.70114419E-03    20006.008
  58.944467      -0.13003562E-01   0.50393616E-03    20006.008
  58.966794       0.82586975E-03   0.47515736E-03    20006.008
  58.971216       0.27580714E-02   0.70752535E-03    20006.008
  58.980060       0.46086911E-02   0.10197633E-02    20006.008
  58.989023       0.45107890E-02   0.70155128E-03    20006.008
  58.997868       0.28071869E-02   0.68874954E-03    20006.008
  59.006720       0.12844353E-02   0.56117883E-03    20006.008
  59.051121       0.19633880E-01   0.35084999E-03    20006.008
  59.059986       0.17890439E-01   0.72640954E-03    20006.008
  59.068849       0.14388927E-01   0.69371874E-03    20006.008
  59.077718       0.11675229E-01   0.72541620E-03    20006.008
  59.086585       0.10565312E-01   0.71882613E-03    20006.008
  59.095458       0.94498330E-02   0.83637375E-03    20006.008
  59.139854      -0.83277431E-02   0.92553454E-03    20006.008
  59.148736      -0.74368859E-02   0.99628106E-03    20006.008
  59.157625      -0.50527790E-02   0.74630756E-03    20006.008
  59.166395      -0.43224741E-02   0.79119441E-03    20006.008
  59.175285      -0.36603459E-02   0.12459048E-02    20006.008
  59.184180      -0.24182138E-02   0.66307544E-03    20006.008
  59.228449      -0.79018994E-02   0.53375143E-03    20006.008
  59.237240      -0.70188320E-02   0.74866928E-03    20006.008
  59.246151      -0.40768818E-02   0.79396220E-03    20006.008
  59.254944      -0.17393488E-02   0.76486439E-03    20006.008
  59.263855      -0.35360485E-03   0.81803602E-03    20006.008
  59.272659      -0.67110733E-03   0.52230235E-03    20006.008
  59.316800       0.32450134E-03   0.47229586E-03    20006.008
  59.325730       0.36250685E-02   0.80711799E-03    20006.008
  59.334546       0.87004663E-02   0.77811626E-03    20006.008
  59.343360       0.13668828E-01   0.78578623E-03    20006.008
  59.352176       0.16766092E-01   0.85103288E-03    20006.008
  59.360999       0.17260629E-01   0.57094823E-03    20006.008
  59.405131      -0.67899516E-02   0.41352117E-03    20006.008
  59.413971      -0.10765778E-01   0.20443822E-02    20006.008
  59.422804      -0.10900336E-01   0.20171378E-02    20006.008
  59.431640      -0.95152361E-02   0.18874092E-02    20006.008
  59.440482      -0.11206519E-01   0.18492735E-02    20006.008
  59.449322      -0.10107036E-01   0.65802054E-03    20006.008
  59.493333      -0.11743345E-01   0.63738060E-03    20006.008
  59.502186      -0.60130880E-02   0.21051774E-02    20006.008
  59.510928      -0.36755613E-02   0.21081275E-02    20006.008
  59.519785      -0.22214803E-02   0.21076763E-02    20006.008
  59.528531      -0.76735116E-03   0.20787890E-02    20006.008
  59.537393      -0.61472318E-03   0.48288860E-03    20006.008
  59.581390       0.12831552E-02   0.56661597E-03    20006.008
  59.590152       0.40756369E-02   0.20768927E-02    20006.008
  59.599029       0.51135221E-02   0.20685195E-02    20006.008
  59.607795       0.55311715E-02   0.20809632E-02    20006.008
  59.616558       0.62098678E-02   0.20258743E-02    20006.008
  59.625328       0.93846884E-02   0.43970381E-03    20006.008
  59.669316       0.29870932E-02   0.54260801E-03    20006.008
  59.678094       0.17963357E-02   0.26382216E-02    20006.008
  59.686879      -0.11728061E-02   0.26364927E-02    20006.008
  59.695662      -0.29177257E-02   0.25297735E-02    20006.008
  59.704452      -0.41321816E-02   0.27060829E-02    20006.008
  59.713235      -0.57717534E-02   0.48114891E-03    20006.008
  59.757094      -0.13303015E-01   0.73074902E-03    20006.008
  59.765898      -0.13579615E-01   0.24254975E-02    20006.008
  59.774586      -0.13231607E-01   0.25029563E-02    20006.008
  59.783387      -0.10856222E-01   0.25614716E-02    20006.008
  59.792198      -0.92285213E-02   0.27308956E-02    20006.008
  59.800892      -0.58480473E-02   0.72870656E-03    20006.008
  59.844736       0.56665137E-02   0.29234768E-03    20006.008
  59.853558       0.54647377E-02   0.29462692E-02    20006.008
  59.897233       0.80027783E-02   0.26968398E-02    20006.008
  59.941076       0.59987157E-02   0.26534938E-02    20006.008
  59.984739      -0.10259712E-02   0.64128492E-03    20006.008
  60.679793       0.82480323E-02   0.58570313E-03    20006.008
  60.723025       0.56097235E-02   0.13913255E-02    20006.008
  60.766180       0.70775480E-02   0.11192858E-02    20006.008
  60.809269       0.74035318E-02   0.10363354E-02    20006.008
  60.852411       0.79346491E-02   0.10393034E-02    20006.008
  60.895477       0.64211631E-02   0.94732110E-03    20006.008
  61.110249       0.34800938E-02   0.12684152E-02    20006.008
  61.153135       0.32847399E-02   0.13308623E-02    20006.008
  61.195950       0.43791484E-03   0.13242769E-02    20006.008
  61.238815      -0.11259540E-02   0.12287234E-02    20006.008
  61.281609      -0.10006991E-02   0.11615472E-02    20006.008
  61.324326      -0.38649324E-03   0.13253087E-02    20006.008
  61.537697      -0.49246877E-02   0.72643020E-03    20006.008
  61.580223      -0.88964044E-02   0.14086442E-02    20006.008
  62.215479       0.36326104E-02   0.15691845E-02    20006.008
  62.425789       0.29018200E-01   0.17807400E-02    20006.008
