# name:     copper                                               Feff 8.20   
# formula:  Cu
# sites:    Cu1
# refer1:   Kittel, ISSP
# refer2:
# schoen:
# notes1:   metal, fcc
# POT  SCF  20  4.0000   0, core-hole, AFOLP (folp(0)= 1.150)
# Abs   Z=29 Rmt= 1.411 Rnm= 1.456 K  shell
# Pot 1 Z=29 Rmt= 1.358 Rnm= 1.395
# Gam_ch=1.729E+00 H-L exch
# Mu=-7.652E+00 kf=1.985E+00 Vint=-1.668E+01 Rs_int= 1.827
# PATH  Rmax= 6.000,  Keep_limit= 0.00, Heap_limit 0.00  Pwcrit= 2.50%
#  S02=0.950  Temp= 293.00  Debye_temp= 340.00  Global_sig2= 0.00000
#  Curved wave amplitude ratio filter   4.000%
#     file         sig2 tot  cw amp ratio   deg  nlegs   reff  inp sig2
#           1       0.00764    100.00     12.00     2   2.5527
#           2       0.00944     22.94      6.00     2   3.6100
#           3       0.00860      9.37     48.00     3   3.8290
#           4       0.00952      6.73     48.00     3   4.3577
#           5       0.00972     55.47     24.00     2   4.4213
#           6       0.00976     10.64     48.00     3   4.7633
#           7       0.00976     16.26     96.00     3   4.7633
#           8       0.00985     18.93     12.00     2   5.1053
#           9       0.00985      8.22     12.00     3   5.1053
#          10       0.00985     43.98     24.00     3   5.1053
#          11       0.00985      9.05     12.00     4   5.1053
#          14       0.00985     36.87     12.00     4   5.1053
#          16       0.01007     27.78     24.00     2   5.7079
#          17       0.01021      8.55     48.00     3   5.9353
#          18       0.01021      5.48     48.00     3   5.9353
#          19       0.01021      5.92     48.00     3   5.9353
#    16/  17 paths used
#  -----------------------------------------------------------------------
#       k          chi          mag           phase @#
    -1.5000    1.208140E+00  1.665760E+00  8.114389E-01
    -1.4500    1.077649E+00  1.292544E+00  9.858509E-01
    -1.4000    8.562596E-01  9.498727E-01  1.123100E+00
    -1.3500    8.106196E-01  8.632674E-01  1.219750E+00
    -1.3000    7.512792E-01  7.779117E-01  1.308373E+00
    -1.2500    7.063092E-01  7.157782E-01  1.407958E+00
    -1.2000    7.512109E-01  7.512125E-01  1.568682E+00
    -1.1500    7.992371E-01  8.075764E-01  1.714631E+00
    -1.1000    8.408404E-01  9.015074E-01  1.939751E+00
    -1.0500    7.677900E-01  1.017091E+00  2.286109E+00
    -1.0000    5.585655E-01  1.122674E+00  2.620842E+00
    -0.9500    1.939215E-01  1.059935E+00  2.957600E+00
    -0.9000   -1.431435E-01  9.073166E-01  3.300020E+00
    -0.8500   -3.793604E-01  7.668563E-01  3.659077E+00
    -0.8000   -4.157920E-01  6.435654E-01  3.844025E+00
    -0.7500   -3.923665E-01  5.304309E-01  3.974236E+00
    -0.7000   -3.441934E-01  4.243137E-01  4.087754E+00
    -0.6500   -3.182044E-01  3.798276E-01  4.134761E+00
    -0.6000   -2.896821E-01  3.373752E-01  4.174193E+00
    -0.5500   -2.627456E-01  3.011905E-01  4.201595E+00
    -0.5000   -2.478817E-01  2.814945E-01  4.218702E+00
    -0.4500   -2.330265E-01  2.628365E-01  4.231499E+00
    -0.4000   -2.208237E-01  2.481483E-01  4.238688E+00
    -0.3500   -2.120646E-01  2.378848E-01  4.242149E+00
    -0.3000   -1.441090E-01  1.935178E-01  3.981650E+00
    -0.2500   -1.123651E-01  2.442037E-01  3.619733E+00
    -0.2000   -1.715292E-01  3.395937E-01  3.671092E+00
    -0.1500   -2.710628E-01  3.945716E-01  3.898918E+00
    -0.1000   -3.233969E-01  3.808380E-01  4.156008E+00
    -0.0500   -2.833884E-01  3.046226E-01  4.336804E+00
     0.0000   -1.900680E-01  2.137168E-01  4.237503E+00
     0.0500   -1.894243E-01  2.130538E-01  4.236949E+00
     0.1000   -1.887881E-01  2.124053E-01  4.236337E+00
     0.1500   -1.870280E-01  2.106108E-01  4.234628E+00
     0.2000   -1.853434E-01  2.089502E-01  4.232447E+00
     0.2500   -1.829902E-01  2.066432E-01  4.229241E+00
     0.3000   -1.808899E-01  2.047273E-01  4.225013E+00
     0.3500   -1.788645E-01  2.029226E-01  4.220499E+00
     0.4000   -1.774402E-01  2.019077E-01  4.214973E+00
     0.4500   -1.770855E-01  2.018893E-01  4.211470E+00
     0.5000   -1.778762E-01  2.031224E-01  4.208496E+00
     0.5500   -1.808710E-01  2.061257E-01  4.212173E+00
     0.6000   -1.856381E-01  2.106974E-01  4.219702E+00
     0.6500   -1.935884E-01  2.174099E-01  4.239883E+00
     0.7000   -2.036794E-01  2.256327E-01  4.267604E+00
     0.7500   -2.172073E-01  2.357548E-01  4.313072E+00
     0.8000   -2.324028E-01  2.468900E-01  4.368117E+00
     0.8500   -2.498412E-01  2.591875E-01  4.443024E+00
     0.9000   -2.670659E-01  2.717020E-01  4.527392E+00
     0.9500   -2.833451E-01  2.842754E-01  4.631466E+00
     1.0000   -2.960216E-01  2.961651E-01  4.743519E+00
     1.0500   -3.029414E-01  3.069233E-01  4.873645E+00
     1.1000   -3.022691E-01  3.161519E-01  5.009835E+00
     1.1500   -2.910317E-01  3.231395E-01  5.161949E+00
     1.2000   -2.695489E-01  3.279177E-01  5.318268E+00
     1.2500   -2.352517E-01  3.295799E-01  5.488287E+00
     1.3000   -1.915582E-01  3.285954E-01  5.660817E+00
     1.3500   -1.374909E-01  3.239765E-01  5.844902E+00
     1.4000   -7.933550E-02  3.165659E-01  6.029872E+00
     1.4500   -1.797692E-02  3.054279E-01  6.224293E+00
     1.5000    3.914320E-02  2.916738E-01  6.417793E+00
     1.5500    9.031623E-02  2.745396E-01  6.618402E+00
     1.6000    1.296045E-01  2.552806E-01  6.815692E+00
     1.6500    1.563010E-01  2.335050E-01  7.016544E+00
     1.7000    1.681678E-01  2.101936E-01  7.210583E+00
     1.7500    1.678767E-01  1.871893E-01  7.395733E+00
     1.8000    1.545065E-01  1.605913E-01  7.577823E+00
     1.8500    1.348446E-01  1.357690E-01  7.737222E+00
     1.9000    1.126574E-01  1.126597E-01  7.860328E+00
     1.9500    9.189443E-02  9.218776E-02  7.933776E+00
     2.0000    7.696342E-02  7.720529E-02  7.933159E+00
     2.0500    6.920152E-02  6.920729E-02  7.866902E+00
     2.1000    7.014095E-02  7.024561E-02  7.799386E+00
     2.1500    7.750212E-02  7.759270E-02  7.805656E+00
     2.2000    8.741059E-02  8.748880E-02  7.896269E+00
     2.2500    9.750914E-02  9.994021E-02  8.075000E+00
     2.3000    9.819981E-02  1.091272E-01  8.305316E+00
     2.3500    8.661733E-02  1.141600E-01  8.563407E+00
     2.4000    6.374423E-02  1.148804E-01  8.836566E+00
     2.4500    3.867747E-02  1.131811E-01  9.076020E+00
     2.5000    1.041721E-02  1.080877E-01  9.328251E+00
     2.5500   -1.646071E-02  9.954661E-02  9.590898E+00
     2.6000   -3.719442E-02  8.772483E-02  9.862624E+00
     2.6500   -5.189739E-02  8.337084E-02  1.009670E+01
     2.7000   -6.159126E-02  7.798958E-02  1.033516E+01
     2.7500   -6.550437E-02  7.165811E-02  1.057812E+01
     2.8000   -6.354962E-02  6.447289E-02  1.082614E+01
     2.8500   -5.951069E-02  5.988812E-02  1.110790E+01
     2.9000   -5.068991E-02  5.499130E-02  1.139372E+01
     2.9500   -3.846879E-02  4.984311E-02  1.168471E+01
     3.0000   -2.452862E-02  4.450930E-02  1.198270E+01
     3.0500   -1.015333E-02  4.204382E-02  1.232247E+01
     3.1000    3.903433E-03  3.964767E-02  1.266498E+01
     3.1500    1.605766E-02  3.725650E-02  1.301197E+01
     3.2000    2.490478E-02  3.481405E-02  1.336352E+01
     3.2500    3.265988E-02  3.585071E-02  1.371206E+01
     3.3000    3.658969E-02  3.671622E-02  1.405412E+01
     3.3500    3.620350E-02  3.739528E-02  1.439031E+01
     3.4000    3.160481E-02  3.788250E-02  1.472113E+01
     3.4500    2.544897E-02  4.007678E-02  1.501995E+01
     3.5000    1.602530E-02  4.184167E-02  1.531492E+01
     3.5500    4.453985E-03  4.322194E-02  1.560473E+01
     3.6000   -7.956725E-03  4.428861E-02  1.588860E+01
     3.6500   -1.986907E-02  4.572602E-02  1.615747E+01
     3.7000   -3.058182E-02  4.658395E-02  1.642412E+01
     3.7500   -3.887304E-02  4.686547E-02  1.668610E+01
     3.8000   -4.398231E-02  4.661677E-02  1.694096E+01
     3.8500   -4.588581E-02  4.605031E-02  1.719421E+01
     3.9000   -4.428169E-02  4.487044E-02  1.744093E+01
     3.9500   -3.973255E-02  4.311983E-02  1.767777E+01
     4.0000   -3.324221E-02  4.088981E-02  1.790032E+01
     4.0500   -2.555930E-02  3.813442E-02  1.811502E+01
     4.1000   -1.812585E-02  3.509590E-02  1.830684E+01
     4.1500   -1.197740E-02  3.203949E-02  1.846642E+01
     4.2000   -7.707253E-03  2.937408E-02  1.858407E+01
     4.2500   -4.858477E-03  2.725638E-02  1.867035E+01
     4.3000   -3.440016E-03  2.641386E-02  1.871895E+01
     4.3500   -2.531002E-03  2.725418E-02  1.875656E+01
     4.4000   -9.432445E-04  2.980509E-02  1.881790E+01
     4.4500    2.374971E-03  3.317185E-02  1.892121E+01
     4.5000    7.995069E-03  3.742408E-02  1.906485E+01
     4.5500    1.617045E-02  4.215590E-02  1.924323E+01
     4.6000    2.650221E-02  4.702591E-02  1.944825E+01
     4.6500    3.750955E-02  5.130955E-02  1.966941E+01
     4.7000    4.807610E-02  5.529778E-02  1.990355E+01
     4.7500    5.664589E-02  5.883724E-02  2.014657E+01
     4.8000    6.179197E-02  6.181159E-02  2.039515E+01
     4.8500    6.235097E-02  6.392479E-02  2.064271E+01
     4.9000    5.830189E-02  6.541236E-02  2.089095E+01
     4.9500    4.993275E-02  6.626962E-02  2.113781E+01
     5.0000    3.809990E-02  6.652724E-02  2.138136E+01
     5.0500    2.407820E-02  6.613128E-02  2.161849E+01
     5.1000    9.239138E-03  6.536285E-02  2.184932E+01
     5.1500   -5.234800E-03  6.435290E-02  2.207258E+01
     5.2000   -1.846782E-02  6.325631E-02  2.228742E+01
     5.2500   -2.998124E-02  6.215956E-02  2.249446E+01
     5.3000   -3.965765E-02  6.131970E-02  2.269445E+01
     5.3500   -4.759334E-02  6.085522E-02  2.288914E+01
     5.4000   -5.393764E-02  6.083830E-02  2.308103E+01
     5.4500   -5.862709E-02  6.114890E-02  2.327375E+01
     5.5000   -6.159321E-02  6.185818E-02  2.346935E+01
     5.5500   -6.249666E-02  6.286087E-02  2.366964E+01
     5.6000   -6.090163E-02  6.402260E-02  2.387547E+01
     5.6500   -5.625833E-02  6.503962E-02  2.408762E+01
     5.7000   -4.858852E-02  6.593644E-02  2.430427E+01
     5.7500   -3.809876E-02  6.661288E-02  2.452387E+01
     5.8000   -2.536800E-02  6.701030E-02  2.474449E+01
     5.8500   -1.122664E-02  6.697997E-02  2.496433E+01
     5.9000    3.220336E-03  6.671814E-02  2.518103E+01
     5.9500    1.704898E-02  6.633105E-02  2.539269E+01
     6.0000    2.960088E-02  6.597911E-02  2.559798E+01
     6.0500    4.056253E-02  6.571145E-02  2.579803E+01
     6.1000    4.995158E-02  6.589983E-02  2.599297E+01
     6.1500    5.797292E-02  6.673382E-02  2.618535E+01
     6.2000    6.477737E-02  6.834680E-02  2.637893E+01
     6.2500    7.022779E-02  7.078516E-02  2.657796E+01
     6.3000    7.374294E-02  7.399620E-02  2.678630E+01
     6.3500    7.428975E-02  7.783763E-02  2.700663E+01
     6.4000    7.055716E-02  8.210221E-02  2.724027E+01
     6.4500    6.129319E-02  8.654630E-02  2.748737E+01
     6.5000    4.573336E-02  9.091458E-02  2.774723E+01
     6.5500    2.360237E-02  9.460514E-02  2.802219E+01
     6.6000   -3.214551E-03  9.766694E-02  2.830725E+01
     6.6500   -3.207021E-02  9.990818E-02  2.860112E+01
     6.7000   -5.946090E-02  1.011692E-01  2.890259E+01
     6.7500   -8.160492E-02  1.013243E-01  2.921066E+01
     6.8000   -9.517000E-02  1.002830E-01  2.952443E+01
     6.8500   -9.798978E-02  9.798997E-02  2.984318E+01
     6.9000   -8.959632E-02  9.442484E-02  3.016631E+01
     6.9500   -7.142644E-02  8.960144E-02  3.049335E+01
     7.0000   -4.662871E-02  8.356621E-02  3.082397E+01
     7.0500   -1.936696E-02  7.622201E-02  3.115902E+01
     7.1000    5.480214E-03  6.788210E-02  3.149675E+01
     7.1500    2.399602E-02  5.868888E-02  3.183714E+01
     7.2000    3.378487E-02  4.880481E-02  3.218052E+01
     7.2500    3.443585E-02  3.840833E-02  3.252790E+01
     7.3000    2.753911E-02  2.769010E-02  3.288224E+01
     7.3500    1.625075E-02  1.685229E-02  3.325471E+01
     7.4000    4.509614E-03  6.150022E-03  3.373440E+01
     7.4500   -3.908504E-03  4.713638E-03  3.672145E+01
     7.5000   -6.275633E-03  1.467903E-02  3.725736E+01
     7.5500   -1.389473E-03  2.407064E-02  3.764135E+01
     7.6000    9.749115E-03  3.269141E-02  3.800194E+01
     7.6500    2.461764E-02  4.039642E-02  3.835442E+01
     7.7000    3.970093E-02  4.707281E-02  3.870268E+01
     7.7500    5.134493E-02  5.263550E-02  3.904801E+01
     7.8000    5.661130E-02  5.702748E-02  3.939079E+01
     7.8500    5.393049E-02  6.022039E-02  3.973103E+01
     7.9000    4.340893E-02  6.221466E-02  4.006848E+01
     7.9500    2.673643E-02  6.303906E-02  4.040271E+01
     8.0000    6.739238E-03  6.274987E-02  4.073310E+01
     8.0500   -1.333942E-02  6.145333E-02  4.105951E+01
     8.1000   -3.041664E-02  5.924173E-02  4.137988E+01
     8.1500   -4.233316E-02  5.624677E-02  4.169276E+01
     8.2000   -4.814914E-02  5.262219E-02  4.199620E+01
     8.2500   -4.817172E-02  4.854317E-02  4.228771E+01
     8.3000   -4.369313E-02  4.420643E-02  4.256404E+01
     8.3500   -3.653549E-02  3.983126E-02  4.282116E+01
     8.4000   -2.853748E-02  3.565980E-02  4.305455E+01
     8.4500   -2.111872E-02  3.195216E-02  4.326022E+01
     8.5000   -1.502330E-02  2.896588E-02  4.343702E+01
     8.5500   -1.032965E-02  2.699638E-02  4.358965E+01
     8.6000   -6.450870E-03  2.604360E-02  4.373200E+01
     8.6500   -2.624730E-03  2.600843E-02  4.388121E+01
     8.7000    1.820182E-03  2.664115E-02  4.405067E+01
     8.7500    7.198664E-03  2.763422E-02  4.424584E+01
     8.8000    1.334025E-02  2.870665E-02  4.446560E+01
     8.8500    1.962263E-02  2.964273E-02  4.470574E+01
     8.9000    2.514402E-02  3.029599E-02  4.496131E+01
     8.9500    2.897470E-02  3.057905E-02  4.522773E+01
     9.0000    3.041026E-02  3.045145E-02  4.550108E+01
     9.0500    2.929859E-02  3.006355E-02  4.577916E+01
     9.1000    2.562311E-02  2.927780E-02  4.605810E+01
     9.1500    1.996076E-02  2.813503E-02  4.633515E+01
     9.2000    1.317634E-02  2.669396E-02  4.660766E+01
     9.2500    6.216912E-03  2.502762E-02  4.687286E+01
     9.3000   -9.233270E-05  2.322057E-02  4.712787E+01
     9.3500   -5.198552E-03  2.136626E-02  4.736966E+01
     9.4000   -8.886053E-03  1.956399E-02  4.759537E+01
     9.4500   -1.124957E-02  1.791411E-02  4.780284E+01
     9.5000   -1.259531E-02  1.650959E-02  4.799169E+01
     9.5500   -1.335270E-02  1.546531E-02  4.816585E+01
     9.6000   -1.379032E-02  1.477004E-02  4.832841E+01
     9.6500   -1.412240E-02  1.442913E-02  4.848813E+01
     9.7000   -1.438605E-02  1.439782E-02  4.865425E+01
     9.7500   -1.445443E-02  1.459506E-02  4.883362E+01
     9.8000   -1.409852E-02  1.492661E-02  4.902934E+01
     9.8500   -1.307449E-02  1.530502E-02  4.924135E+01
     9.9000   -1.120961E-02  1.566032E-02  4.946772E+01
     9.9500   -8.464163E-03  1.594282E-02  4.970581E+01
    10.0000   -4.955868E-03  1.612134E-02  4.995301E+01
    10.0500   -9.755223E-04  1.634513E-02  5.020576E+01
    10.1000    3.250852E-03  1.646769E-02  5.046420E+01
    10.1500    7.341989E-03  1.648341E-02  5.072712E+01
    10.2000    1.090774E-02  1.639039E-02  5.099364E+01
    10.2500    1.360135E-02  1.618887E-02  5.126307E+01
    10.3000    1.516434E-02  1.588005E-02  5.153491E+01
    10.3500    1.545953E-02  1.546540E-02  5.180873E+01
    10.4000    1.448954E-02  1.494635E-02  5.208415E+01
    10.4500    1.239899E-02  1.432438E-02  5.236075E+01
    10.5000    9.459358E-03  1.360138E-02  5.263800E+01
    10.5500    6.036581E-03  1.278030E-02  5.291514E+01
    10.6000    2.543157E-03  1.186584E-02  5.319107E+01
    10.6500   -6.202949E-04  1.086544E-02  5.346419E+01
    10.7000   -3.125942E-03  9.790265E-03  5.373206E+01
    10.7500   -4.771388E-03  8.656645E-03  5.399086E+01
    10.8000   -5.512689E-03  7.488233E-03  5.423448E+01
    10.8500   -5.468637E-03  6.320006E-03  5.445280E+01
    10.9000   -4.892329E-03  5.206360E-03  5.462878E+01
    10.9500   -4.113351E-03  4.236911E-03  5.473577E+01
    11.0000   -3.461448E-03  3.556236E-03  5.474647E+01
    11.0500   -3.205420E-03  3.350895E-03  5.468213E+01
    11.1000   -3.444884E-03  3.660542E-03  5.463290E+01
    11.1500   -4.167541E-03  4.358998E-03  5.468039E+01
    11.2000   -5.195293E-03  5.258673E-03  5.482246E+01
    11.2500   -6.219069E-03  6.227179E-03  5.502891E+01
    11.3000   -6.868343E-03  7.185216E-03  5.527596E+01
    11.3500   -6.800525E-03  8.083376E-03  5.554899E+01
    11.4000   -5.789587E-03  8.888328E-03  5.583928E+01
    11.4500   -3.792392E-03  9.576333E-03  5.614149E+01
    11.5000   -9.756912E-04  1.013030E-02  5.645220E+01
    11.5500    2.304381E-03  1.053841E-02  5.676911E+01
    11.6000    5.567172E-03  1.079349E-02  5.709060E+01
    11.6500    8.302860E-03  1.089262E-02  5.741544E+01
    11.7000    1.007679E-02  1.083686E-02  5.774271E+01
    11.7500    1.061888E-02  1.063106E-02  5.807158E+01
    11.8000    9.877686E-03  1.028356E-02  5.840135E+01
    11.8500    8.026952E-03  9.805868E-03  5.873131E+01
    11.9000    5.423983E-03  9.212358E-03  5.906072E+01
    11.9500    2.530417E-03  8.519830E-03  5.938871E+01
    12.0000   -1.854039E-04  7.747108E-03  5.971419E+01
    12.0500   -2.404381E-03  7.064278E-03  6.003756E+01
    12.1000   -3.902812E-03  6.319478E-03  6.035593E+01
    12.1500   -4.581251E-03  5.529810E-03  6.066662E+01
    12.2000   -4.509532E-03  4.714203E-03  6.096531E+01
    12.2500   -3.893667E-03  3.894201E-03  6.124451E+01
    12.3000   -3.015303E-03  3.096281E-03  6.149027E+01
    12.3500   -2.159323E-03  2.358350E-03  6.167484E+01
    12.4000   -1.547213E-03  1.747176E-03  6.174418E+01
    12.4500   -1.291419E-03  1.388143E-03  6.163657E+01
    12.5000   -1.380106E-03  1.405556E-03  6.145164E+01
    12.5500   -1.693778E-03  1.713455E-03  6.141275E+01
    12.6000   -2.047412E-03  2.125378E-03  6.153275E+01
    12.6500   -2.245915E-03  2.534939E-03  6.174324E+01
    12.7000   -2.138157E-03  2.896299E-03  6.200140E+01
    12.7500   -1.656182E-03  3.189185E-03  6.228581E+01
    12.8000   -8.307366E-04  3.404672E-03  6.258537E+01
    12.8500    2.192021E-04  3.539907E-03  6.289382E+01
    12.9000    1.318509E-03  3.595946E-03  6.320728E+01
    12.9500    2.280051E-03  3.576703E-03  6.352307E+01
    13.0000    2.948945E-03  3.488346E-03  6.383911E+01
    13.0500    3.303291E-03  3.407880E-03  6.415426E+01
    13.1000    3.267134E-03  3.273817E-03  6.446656E+01
    13.1500    2.882326E-03  3.093255E-03  6.477408E+01
    13.2000    2.249798E-03  2.874546E-03  6.507451E+01
    13.2500    1.501911E-03  2.627249E-03  6.536491E+01
    13.3000    7.701673E-04  2.362183E-03  6.564133E+01
    13.3500    1.565839E-04  2.091621E-03  6.589851E+01
    13.4000   -2.845257E-04  1.829645E-03  6.612959E+01
    13.4500   -5.508128E-04  1.592522E-03  6.632662E+01
    13.5000   -6.825261E-04  1.398441E-03  6.648331E+01
    13.5500   -7.433554E-04  1.264866E-03  6.660165E+01
    13.6000   -7.975638E-04  1.201852E-03  6.669908E+01
    13.6500   -8.899367E-04  1.204698E-03  6.680462E+01
    13.7000   -1.033745E-03  1.254632E-03  6.694178E+01
    13.7500   -1.209285E-03  1.328040E-03  6.711813E+01
    13.8000   -1.372434E-03  1.404681E-03  6.732955E+01
    13.8500   -1.469933E-03  1.470350E-03  6.756807E+01
    13.9000   -1.456493E-03  1.516273E-03  6.782598E+01
    13.9500   -1.308731E-03  1.537770E-03  6.809704E+01
    14.0000   -1.032215E-03  1.533134E-03  6.837641E+01
    14.0500   -6.752166E-04  1.537934E-03  6.866051E+01
    14.1000   -2.546609E-04  1.520360E-03  6.894674E+01
    14.1500    1.735828E-04  1.481860E-03  6.923245E+01
    14.2000    5.549150E-04  1.424850E-03  6.951508E+01
    14.2500    8.473660E-04  1.352557E-03  6.979208E+01
    14.3000    1.028983E-03  1.268915E-03  7.006075E+01
    14.3500    1.099713E-03  1.178460E-03  7.031819E+01
    14.4000    1.077828E-03  1.086227E-03  7.056140E+01
    14.4500    9.924234E-04  9.975885E-04  7.078764E+01
    14.5000    8.743784E-04  9.179584E-04  7.099521E+01
    14.5500    7.483883E-04  8.522406E-04  7.118467E+01
    14.6000    6.280720E-04  8.039869E-04  7.136005E+01
    14.6500    5.151082E-04  7.744658E-04  7.152898E+01
    14.7000    4.021175E-04  7.621671E-04  7.170086E+01
    14.7500    2.779808E-04  7.631994E-04  7.188382E+01
    14.8000    1.337361E-04  7.724302E-04  7.208262E+01
    14.8500   -3.276624E-05  7.847190E-04  7.229840E+01
    14.9000   -2.147195E-04  7.957323E-04  7.252986E+01
    14.9500   -3.971432E-04  8.022656E-04  7.277450E+01
    15.0000   -5.601326E-04  8.022377E-04  7.302953E+01
    15.0500   -7.001043E-04  8.143190E-04  7.329140E+01
    15.1000   -7.909018E-04  8.201943E-04  7.355936E+01
    15.1500   -8.195428E-04  8.195502E-04  7.383166E+01
    15.2000   -7.809439E-04  8.124532E-04  7.410684E+01
    15.2500   -6.787286E-04  7.992447E-04  7.438373E+01
    15.3000   -5.244014E-04  7.804478E-04  7.466142E+01
    15.3500   -3.352626E-04  7.566856E-04  7.493921E+01
    15.4000   -1.316371E-04  7.286140E-04  7.521656E+01
    15.4500    6.599741E-05  6.968691E-04  7.549307E+01
    15.5000    2.395200E-04  6.620323E-04  7.576842E+01
    15.5500    3.750429E-04  6.246130E-04  7.604228E+01
    15.6000    4.640613E-04  5.850512E-04  7.631427E+01
    15.6500    5.038981E-04  5.437363E-04  7.658384E+01
    15.7000    4.975079E-04  5.010413E-04  7.685019E+01
    15.7500    4.526979E-04  4.573679E-04  7.711205E+01
    15.8000    3.808187E-04  4.131998E-04  7.736755E+01
    15.8500    2.950116E-04  3.691622E-04  7.761396E+01
    15.9000    2.081817E-04  3.260872E-04  7.784737E+01
    15.9500    1.309807E-04  2.850863E-04  7.806245E+01
    16.0000    7.017012E-05  2.476197E-04  7.825250E+01
    16.0500    2.682518E-05  2.199061E-04  7.841753E+01
    16.1000   -1.293223E-06  1.980572E-04  7.854635E+01
    16.1500   -1.890452E-05  1.845136E-04  7.864245E+01
    16.2000   -3.315669E-05  1.809265E-04  7.872412E+01
    16.2500   -5.157289E-05  1.870610E-04  7.881914E+01
    16.3000   -7.982502E-05  2.007436E-04  7.894877E+01
    16.3500   -1.198974E-04  2.189583E-04  7.911929E+01
    16.4000   -1.691498E-04  2.388994E-04  7.932653E+01
    16.4500   -2.205863E-04  2.583718E-04  7.956297E+01
    16.5000   -2.643292E-04  2.757793E-04  7.982144E+01
    16.5500   -2.899714E-04  2.900015E-04  8.009620E+01
    16.6000   -2.892234E-04  3.002841E-04  8.038287E+01
    16.6500   -2.581679E-04  3.061635E-04  8.067814E+01
    16.7000   -1.985168E-04  3.074181E-04  8.097940E+01
    16.7500   -1.175194E-04  3.040357E-04  8.128454E+01
    16.8000   -2.652621E-05  2.961887E-04  8.159173E+01
    16.8500    6.142575E-05  2.842141E-04  8.189925E+01
    16.9000    1.343845E-04  2.685933E-04  8.220539E+01
    16.9500    1.839017E-04  2.499330E-04  8.250826E+01
    17.0000    2.065027E-04  2.289451E-04  8.280573E+01
    17.0500    2.098908E-04  2.124127E-04  8.309796E+01
    17.1000    1.927403E-04  1.943371E-04  8.338049E+01
    17.1500    1.617578E-04  1.754253E-04  8.364956E+01
    17.2000    1.247537E-04  1.564951E-04  8.390040E+01
    17.2500    8.875226E-05  1.384865E-04  8.412737E+01
    17.3000    5.851842E-05  1.224586E-04  8.432478E+01
    17.3500    3.584022E-05  1.095249E-04  8.448963E+01
    17.4000    1.968549E-05  1.006452E-04  8.462614E+01
    17.4500    7.104901E-06  9.625316E-05  8.474912E+01
    17.5000   -5.438807E-06  9.594525E-05  8.487972E+01
    17.5500   -2.072815E-05  9.858153E-05  8.503485E+01
    17.6000   -3.981811E-05  1.027531E-04  8.522093E+01
    17.6500   -6.168124E-05  1.072070E-04  8.543603E+01
    17.7000   -8.352309E-05  1.110195E-04  8.567459E+01
    17.7500   -1.016245E-04  1.135940E-04  8.593060E+01
    17.8000   -1.124274E-04  1.145993E-04  8.619880E+01
    17.8500   -1.135330E-04  1.139069E-04  8.647485E+01
    17.9000   -1.043346E-04  1.115404E-04  8.675521E+01
    17.9500   -8.613513E-05  1.076374E-04  8.703691E+01
    18.0000   -6.176015E-05  1.024199E-04  8.731733E+01
    18.0500   -3.583816E-05  9.895965E-05  8.759402E+01
    18.1000   -9.367639E-06  9.466888E-05  8.786548E+01
    18.1500    1.475452E-05  8.980538E-05  8.812964E+01
    18.2000    3.452205E-05  8.465425E-05  8.838464E+01
    18.2500    4.903032E-05  7.951220E-05  8.862906E+01
    18.3000    5.838001E-05  7.466662E-05  8.886226E+01
    18.3500    6.334545E-05  7.036801E-05  8.908483E+01
    18.4000    6.493839E-05  6.679753E-05  8.929891E+01
    18.4500    6.401314E-05  6.403684E-05  8.950819E+01
    18.5000    6.102855E-05  6.205242E-05  8.971730E+01
    18.5500    5.602049E-05  6.070466E-05  8.993081E+01
    18.6000    4.876559E-05  5.978086E-05  9.015218E+01
    18.6500    3.905696E-05  5.904002E-05  9.038332E+01
    18.7000    2.698265E-05  5.825359E-05  9.062459E+01
    18.7500    1.310443E-05  5.723325E-05  9.087517E+01
    18.8000   -1.526484E-06  5.584432E-05  9.113352E+01
    18.8500   -1.552359E-05  5.400869E-05  9.139773E+01
    18.9000   -2.744076E-05  5.170118E-05  9.166568E+01
    18.9500   -3.608417E-05  4.894288E-05  9.193521E+01
    19.0000   -4.076741E-05  4.579315E-05  9.220408E+01
    19.0500   -4.267188E-05  4.357927E-05  9.247256E+01
    19.1000   -4.098881E-05  4.106212E-05  9.273675E+01
    19.1500   -3.641524E-05  3.832749E-05  9.299420E+01
    19.2000   -2.995939E-05  3.547859E-05  9.324227E+01
    19.2500   -2.270645E-05  3.263275E-05  9.347822E+01
    19.3000   -1.559347E-05  2.991698E-05  9.369949E+01
    19.3500   -9.248327E-06  2.746090E-05  9.390428E+01
    19.4000   -3.926428E-06  2.538470E-05  9.409248E+01
    19.4500    4.500981E-07  2.378067E-05  9.426671E+01
    19.5000    4.173418E-06  2.269152E-05  9.443275E+01
    19.5500    7.592567E-06  2.209508E-05  9.459856E+01
    19.6000    1.096467E-05  2.190711E-05  9.477196E+01
    19.6500    1.435430E-05  2.200334E-05  9.495849E+01
    19.7000    1.760325E-05  2.224917E-05  9.516053E+01
    19.7500    2.037159E-05  2.252328E-05  9.537791E+01
    19.8000    2.223207E-05  2.272967E-05  9.560895E+01
    19.8500    2.278802E-05  2.280025E-05  9.585134E+01
    19.9000    2.178216E-05  2.269230E-05  9.610276E+01
    19.9500    1.917003E-05  2.238391E-05  9.636108E+01
    20.0000    1.514336E-05  2.186930E-05  9.662449E+01
    20.0500    1.045719E-05  2.182774E-05  9.688977E+01
    20.1000    4.971302E-06  2.163550E-05  9.715753E+01
    20.1500   -7.968246E-07  2.129977E-05  9.742679E+01
    20.2000   -6.302862E-06  2.083108E-05  9.769676E+01
    20.2500   -1.104880E-05  2.024203E-05  9.796676E+01
    20.3000   -1.464363E-05  1.954631E-05  9.823619E+01
    20.3500   -1.684421E-05  1.875806E-05  9.850451E+01
    20.4000   -1.757294E-05  1.789152E-05  9.877117E+01
    20.4500   -1.691281E-05  1.696103E-05  9.903559E+01
    20.5000   -1.508261E-05  1.598110E-05  9.929709E+01
    20.5500   -1.239723E-05  1.496676E-05  9.955487E+01
    20.6000   -9.219058E-06  1.393395E-05  9.980798E+01
    20.6500   -5.907179E-06  1.289986E-05  1.000553E+02
    20.7000   -2.771540E-06  1.188319E-05  1.002956E+02
    20.7500   -3.872241E-08  1.090412E-05  1.005274E+02
    20.8000    2.165527E-06  9.983863E-06  1.007496E+02
    20.8500    3.814537E-06  9.143499E-06  1.009613E+02
    20.9000    4.960867E-06  8.401891E-06  1.011626E+02
    20.9500    5.703366E-06  7.772646E-06  1.013548E+02
    21.0000    6.149270E-06  7.260572E-06  1.015412E+02
    21.0500    6.594199E-06  7.078367E-06  1.017298E+02
    21.1000    6.874310E-06  6.988632E-06  1.019206E+02
    21.1500    6.976578E-06  6.977492E-06  1.021180E+02
    21.2000    6.850441E-06  7.024479E-06  1.023248E+02
    21.2500    6.425071E-06  7.105696E-06  1.025430E+02
    21.3000    5.635639E-06  7.196950E-06  1.027730E+02
    21.3500    4.451701E-06  7.276105E-06  1.030142E+02
    21.4000    2.899856E-06  7.324489E-06  1.032655E+02
    21.4500    1.073963E-06  7.327522E-06  1.035255E+02
    21.5000   -8.708130E-07  7.274841E-06  1.037925E+02
    21.5500   -2.739782E-06  7.160151E-06  1.040652E+02
    21.6000   -4.331808E-06  6.980937E-06  1.043420E+02
    21.6500   -5.476122E-06  6.738116E-06  1.046213E+02
    21.7000   -6.064153E-06  6.435655E-06  1.049019E+02
    21.7500   -6.068825E-06  6.080181E-06  1.051822E+02
    21.8000   -5.546859E-06  5.680566E-06  1.054608E+02
    21.8500   -4.623898E-06  5.247520E-06  1.057358E+02
    21.9000   -3.466495E-06  4.793148E-06  1.060057E+02
    21.9500   -2.248087E-06  4.330496E-06  1.062683E+02
    22.0000   -1.117216E-06  3.873046E-06  1.065215E+02
    22.0500   -1.694688E-07  3.572518E-06  1.067667E+02
    22.1000    6.046963E-07  3.283050E-06  1.069994E+02
    22.1500    1.185024E-06  3.015794E-06  1.072180E+02
    22.2000    1.588069E-06  2.781388E-06  1.074218E+02
    22.2500    1.853440E-06  2.588666E-06  1.076122E+02
    22.3000    2.026904E-06  2.442985E-06  1.077927E+02
    22.3500    2.144992E-06  2.344684E-06  1.079692E+02
    22.4000    2.224948E-06  2.288531E-06  1.081487E+02
    22.4500    2.262126E-06  2.264736E-06  1.083369E+02
    22.5000    2.234794E-06  2.261143E-06  1.085378E+02
    22.5500    2.114313E-06  2.265576E-06  1.087524E+02
    22.6000    1.877345E-06  2.267512E-06  1.089803E+02
    22.6500    1.516438E-06  2.258882E-06  1.092198E+02
    22.7000    1.046040E-06  2.234205E-06  1.094685E+02
    22.7500    5.024286E-07  2.190389E-06  1.097243E+02
    22.8000   -6.219763E-08  2.126374E-06  1.099850E+02
    22.8500   -5.896684E-07  2.042763E-06  1.102486E+02
    22.9000   -1.027064E-06  1.941457E-06  1.105132E+02
    22.9500   -1.336321E-06  1.825325E-06  1.107771E+02
    23.0000   -1.499981E-06  1.697890E-06  1.110389E+02
    23.0500   -1.590526E-06  1.632665E-06  1.112988E+02
    23.1000   -1.560440E-06  1.561064E-06  1.115548E+02
    23.1500   -1.428260E-06  1.485802E-06  1.118058E+02
    23.2000   -1.220286E-06  1.409667E-06  1.120509E+02
    23.2500   -9.649461E-07  1.335349E-06  1.122898E+02
    23.3000   -6.879571E-07  1.265244E-06  1.125225E+02
    23.3500   -4.092893E-07  1.201250E-06  1.127497E+02
    23.4000   -1.423224E-07  1.144571E-06  1.129727E+02
    23.4500    1.050503E-07  1.095589E-06  1.131934E+02
    23.5000    3.281104E-07  1.053832E-06  1.134139E+02
    23.5500    5.227818E-07  1.018070E-06  1.136366E+02
    23.6000    6.838012E-07  9.865276E-07  1.138632E+02
    23.6500    8.041935E-07  9.571571E-07  1.140950E+02
    23.7000    8.761841E-07  9.279144E-07  1.143326E+02
    23.7500    8.932023E-07  8.969844E-07  1.145763E+02
    23.8000    8.522806E-07  8.629315E-07  1.148254E+02
    23.8500    7.560376E-07  8.247776E-07  1.150793E+02
    23.9000    6.135533E-07  7.820193E-07  1.153369E+02
    23.9500    4.397718E-07  7.346045E-07  1.155971E+02
    24.0000    2.534901E-07  6.828815E-07  1.158586E+02
    24.0500    7.695978E-08  6.605138E-07  1.161221E+02
    24.1000   -9.265123E-08  6.348990E-07  1.163854E+02
    24.1500   -2.407674E-07  6.064781E-07  1.166472E+02
    24.2000   -3.564224E-07  5.758458E-07  1.169063E+02
    24.2500   -4.335109E-07  5.437165E-07  1.171618E+02
    24.3000   -4.710717E-07  5.108855E-07  1.174123E+02
    24.3500   -4.726276E-07  4.781883E-07  1.176571E+02
    24.4000   -4.448192E-07  4.464518E-07  1.178953E+02
    24.4500   -3.957144E-07  4.164398E-07  1.181265E+02
    24.5000   -3.332057E-07  3.887914E-07  1.183510E+02
    24.5500   -2.638415E-07  3.639580E-07  1.185696E+02
    24.6000   -1.922855E-07  3.421477E-07  1.187837E+02
    24.6500   -1.214110E-07  3.232944E-07  1.189955E+02
    24.7000   -5.287186E-08  3.070636E-07  1.192075E+02
    24.7500    1.211647E-08  2.929019E-07  1.194219E+02
    24.8000    7.208023E-08  2.801200E-07  1.196408E+02
    24.8500    1.249050E-07  2.679899E-07  1.198654E+02
    24.9000    1.678819E-07  2.558324E-07  1.200963E+02
    24.9500    1.981527E-07  2.430813E-07  1.203335E+02
    25.0000    2.134015E-07  2.293200E-07  1.205765E+02
