# data from ifeffit
#------------------------
#   k         chi         dchi
  0.0000000      -0.75836453E-11   0.22951408E-01
  0.49881961      -0.76583307E-11   0.19834522E-01
  0.72557072      -0.80231419E-11   0.19744990E-01
  0.88937556      -0.64722012E-11   0.16474306E-01
  0.95881601      -0.63921985E-11   0.16104348E-01
  1.0145606      -0.58647734E-11   0.15064627E-01
  1.0735148      -0.52608410E-11   0.13822116E-01
  1.1374837      -0.43990712E-11   0.11368113E-01
  1.1903656      -0.39405957E-11   0.10200332E-01
  1.2483610      -0.32034802E-11   0.80248458E-02
  1.2967290      -0.28106306E-11   0.67262836E-02
  1.3443312      -0.24449382E-11   0.57332478E-02
  1.3950062      -0.20725435E-11   0.53120149E-02
  1.4502387      -0.17558899E-11   0.45529634E-02
  1.4920768      -0.14792324E-11   0.39156268E-02
  1.5336275      -0.12256685E-11   0.42440276E-02
  1.5395933      -0.12254068E-11   0.55708930E-02
  1.5798948      -0.10763235E-11   0.26308643E-02
  1.6135221      -0.92846228E-12   0.38796146E-02
  1.6183845      -0.92828640E-12   0.29130261E-02
  1.6567705      -0.82405909E-12   0.20340088E-02
  1.6981474      -0.72547279E-12   0.18415587E-02
  1.7392928      -0.64699590E-12   0.15523456E-02
  1.7743282       0.45769477E-01   0.18455336E-02
  1.8137463      -0.37648114E-01   0.12134628E-02
  1.8523258       0.60663807E-01   0.12679204E-02
  1.8935791       0.14942106       0.12117683E-02
  1.9271691       0.22431196       0.12461434E-02
  1.9595155       0.27461514       0.13211340E-02
  1.9906788       0.31450773       0.12145134E-02
  2.0220094       0.33199020       0.12457183E-02
  2.0566860       0.34568207       0.12718570E-02
  2.0863983       0.34727430       0.12744286E-02
  2.1237251       0.35935147       0.12849477E-02
  2.1531206       0.35042340       0.13084000E-02
  2.1779151       0.33502235       0.16799829E-02
  2.1815199       0.33611056       0.21756452E-02
  2.2101469       0.32715263       0.20237969E-02
  2.2136992       0.32739156       0.15579407E-02
  2.2460006       0.31206097       0.24742636E-02
  2.2732398       0.31298602       0.17107640E-02
  2.3007259       0.28125390       0.22260789E-02
  2.3041386       0.28648150       0.16406895E-02
  2.3312603       0.26815088       0.13546186E-02
  2.3575147       0.24431878       0.13106141E-02
  2.3840293       0.22105877       0.14440121E-02
  2.4069900       0.20835770       0.22180566E-02
  2.4102522       0.20975320       0.15563015E-02
  2.4361929       0.18736691       0.13754874E-02
  2.4613282       0.15742368       0.13631750E-02
  2.4898939       0.15157922       0.13008386E-02
  2.5118871       0.12561192       0.13628393E-02
  2.5373049       0.10824036       0.14503425E-02
  2.5650246       0.87662236E-01   0.22580423E-02
  2.5919427       0.90473206E-01   0.13085124E-02
  2.6130772       0.61910132E-01   0.14925976E-02
  2.6370234       0.47832764E-01   0.13273586E-02
  2.6607541       0.43993369E-01   0.13525804E-02
  2.6842750       0.33053459E-01   0.14884706E-02
  2.7071079       0.97835627E-02   0.13864833E-02
  2.7273501      -0.22621208E-02   0.15681940E-02
  2.7503015       0.25596990E-03   0.13516949E-02
  2.7787243      -0.20060995E-01   0.13503842E-02
  2.7989164      -0.33619184E-01   0.14203466E-02
  2.8212857      -0.53273033E-01   0.14550799E-02
  2.8430185      -0.67869141E-01   0.13599805E-02
  2.8705233      -0.79132489E-01   0.14301656E-02
  2.8923389      -0.70155015E-01   0.13571747E-02
  2.9139911      -0.89420481E-01   0.13380049E-02
  2.9354837      -0.10377891       0.13610686E-02
  2.9541614      -0.11515966       0.14140098E-02
  2.9753638      -0.12298081       0.13089017E-02
  2.9986006      -0.13338255       0.15065185E-02
  3.0194909      -0.13598979       0.14633360E-02
  3.0406685      -0.15630736       0.15313301E-02
  3.0638374      -0.14668505       0.17192858E-02
  3.0842860      -0.16508480       0.13767738E-02
  3.1071297      -0.17953317       0.13751388E-02
  3.1298067      -0.18552361       0.13445166E-02
  3.1523206      -0.18646574       0.13778760E-02
  3.1721988      -0.19227303       0.14108474E-02
  3.1944139      -0.20307789       0.15775402E-02
  3.2140318      -0.20677917       0.13701484E-02
  3.2335307      -0.20766431       0.30327455E-02
  3.2533152      -0.19039359       0.14263748E-02
  3.2773785      -0.20359505       0.18811367E-02
  3.2988854      -0.19680934       0.18052634E-02
  3.3178856      -0.20567374       0.15711963E-02
  3.3391317      -0.19923075       0.14897624E-02
  3.3649168      -0.18514721       0.25517133E-02
  3.4411133      -0.14946043       0.14028471E-02
  3.5182652      -0.97286543E-01   0.13405717E-02
  3.5955828      -0.44264952E-01   0.13528028E-02
  3.6652033       0.14300046E-01   0.13247881E-02
  3.7356298       0.36842712E-01   0.14347036E-02
  3.8044086       0.55860003E-01   0.13053796E-02
  3.8706128       0.66842099E-01   0.17654419E-02
  3.9353708       0.90384444E-01   0.13962350E-02
  3.9987528       0.95915911E-01   0.15006639E-02
  4.0637246       0.11280991       0.14178250E-02
  4.1273565       0.11071949       0.14090377E-02
  4.1903348       0.93815480E-01   0.14059887E-02
  4.2542278       0.10661056       0.12344632E-02
  4.3150514       0.76295409E-01   0.13454828E-02
  4.3810121       0.62898761E-01   0.13787476E-02
  4.4418685       0.45205117E-01   0.13803658E-02
  4.4987015       0.20916852E-01   0.21674484E-02
  4.5007387       0.21238353E-01   0.16637681E-02
  4.5582742       0.21753605E-01   0.13825662E-02
  4.6153762       0.80940359E-02   0.13112321E-02
  4.6703785      -0.10362747E-01   0.14181090E-02
  4.7261262      -0.12146538E-01   0.12482906E-02
  4.7795803      -0.64512717E-02   0.12845415E-02
  4.8294612      -0.23122008E-01   0.13072206E-02
  4.8833932      -0.27590622E-01   0.13216829E-02
  4.9370013      -0.13123900E-01   0.12620171E-02
  4.9868833      -0.27787041E-01   0.12736540E-02
  5.0393906      -0.32472798E-01   0.12856739E-02
  5.0946992      -0.48907758E-01   0.13173207E-02
  5.1443249      -0.50701721E-01   0.13044127E-02
  5.1967534      -0.44937765E-01   0.13204782E-02
  5.2504046      -0.35601306E-01   0.13866391E-02
  5.2988193      -0.40731547E-01   0.12820060E-02
  5.3502236      -0.35094260E-01   0.12564784E-02
  5.4006537      -0.30925463E-01   0.12998588E-02
  5.4448478      -0.27638214E-01   0.13832155E-02
  5.4917871      -0.23511639E-01   0.20976907E-02
  5.4934560      -0.14095382E-01   0.28499080E-02
  5.5411652      -0.18251268E-01   0.13238350E-02
  5.5842475       0.67442192E-02   0.13174347E-02
  5.6288614      -0.55896021E-02   0.13366706E-02
  5.6770475      -0.50208262E-02   0.13476532E-02
  5.7209378      -0.13563140E-02   0.12652874E-02
  5.7669924       0.67972407E-03   0.13373743E-02
  5.8153851       0.33830217E-02   0.12957473E-02
  5.8595802       0.81417157E-02   0.12770364E-02
  5.9061058       0.78383172E-02   0.13349587E-02
  5.9520478       0.51795900E-02   0.12776384E-02
  5.9954540       0.37094601E-02   0.13029980E-02
  6.0407165       0.39015003E-02   0.12160381E-02
  6.0847815       0.95996509E-02   0.12578174E-02
  6.1270337       0.95597498E-02   0.12681182E-02
  6.1689965       0.15416758E-01   0.12754704E-02
  6.2108867       0.21824895E-01   0.23403844E-02
  6.2121517       0.19380082E-01   0.15989945E-02
  6.2508204       0.23773811E-01   0.12970758E-02
  6.2907088       0.24795243E-01   0.13447881E-02
  6.3332414       0.31087701E-01   0.12234033E-02
  6.3738467       0.28826578E-01   0.12996196E-02
  6.4129699       0.29896250E-01   0.12857232E-02
  6.4546970       0.31121947E-01   0.12494175E-02
  6.4959544       0.27384158E-01   0.12948790E-02
  6.5369514       0.29033394E-01   0.13511334E-02
  6.5788874       0.23102906E-01   0.12293993E-02
  6.6209533       0.19838697E-01   0.12854876E-02
  6.6611811       0.15084769E-01   0.12459408E-02
  6.7011673       0.86435608E-02   0.12801848E-02
  6.7399450       0.55385013E-02   0.12552176E-02
  6.7771483       0.67898424E-03   0.11933014E-02
  6.8154936       0.47346045E-02   0.36142815E-02
  6.8536244       0.30863167E-02   0.13505617E-02
  6.8879328      -0.67311497E-02   0.12763380E-02
  6.9303904      -0.15678050E-01   0.95413567E-03
  7.1172128      -0.22558664E-01   0.12534031E-02
  7.3076827      -0.15977070E-01   0.13414360E-02
  7.4794933      -0.83155473E-02   0.13046161E-02
  7.6522382      -0.33943846E-02   0.14128727E-02
  7.8266923       0.11702452E-01   0.13562796E-02
  7.9875106       0.59028161E-02   0.13581597E-02
  8.1506190       0.37770365E-02   0.14656318E-02
  8.3147803       0.68866435E-03   0.12535541E-02
  8.4694254      -0.28422940E-02   0.14364990E-02
  8.6216009      -0.18319064E-02   0.29710861E-02
  8.9255044       0.48570302E-03   0.13466260E-02
  9.2128592       0.53850014E-04   0.14319818E-02
  9.4901384      -0.23450753E-02   0.13903684E-02
  9.7669205      -0.36685041E-03   0.14365656E-02
  10.027848       0.70495795E-02   0.15079527E-02
  10.286740      -0.20667235E-02   0.16702394E-02
  10.538778      -0.33593014E-02   0.14643995E-02
  10.782134      -0.17306307E-02   0.11844954E-02
  11.027483       0.33806101E-02   0.24550659E-02
  11.260747       0.39044440E-02   0.15049194E-02
  11.493493       0.46341667E-02   0.15578320E-02
  11.833811      -0.64975482E-02   0.20070081E-02
  12.160413       0.10058260E-02   0.15710329E-02
  12.481092       0.15685149E-02   0.11530491E-02
  12.791894      -0.49805967E-02   0.19064126E-02
  13.093821      -0.42420324E-02   0.16066366E-02
  13.392266       0.27022189E-02   0.16360272E-02
  13.779763       0.48992873E-02   0.15811843E-02
  14.157489       0.59855217E-02   0.28097323E-02
  14.523322      -0.91733099E-02   0.16551574E-02
  14.881660      -0.76108964E-03   0.21063482E-02
