 #------------------------
 #  k         chi       		dchi
  0.0000000       -1.2329169          0.27280517E-01
  0.50000000E-01   -1.2085584         0.28132898E-01
  0.10000000       -1.1841998         0.27541137E-01
  0.15000000       -1.1598413         0.27060424E-01
  0.20000000       -1.1354827         0.27117630E-01
  0.25000000       -1.1111242         0.27245932E-01
  0.30000000       -1.0867656         0.27149163E-01
  0.35000000       -1.0624071         0.26884656E-01
  0.40000000       -1.0344286         0.26523588E-01
  0.45000000       -1.0050067         0.27041081E-01
  0.50000000      -0.97373874         0.26488582E-01
  0.55000000      -0.94115830         0.26876095E-01
  0.60000000      -0.90897431         0.26471086E-01
  0.65000000      -0.87770846         0.26441226E-01
  0.70000000      -0.84804310         0.26242393E-01
  0.75000000      -0.82039222         0.26325060E-01
  0.80000000      -0.79438085         0.26543309E-01
  0.85000000      -0.76877206         0.26098532E-01
  0.90000000      -0.73902708         0.25428501E-01
  0.95000000      -0.71233383         0.25360954E-01
  1.0000000      -0.67329435         0.24832585E-01
  1.0500000      -0.63874290         0.24755780E-01
  1.1000000      -0.59148790         0.25000923E-01
  1.1500000      -0.52922471         0.24781598E-01
  1.2000000      -0.47958679         0.25386396E-01
  1.2500000      -0.42849871         0.24545888E-01
  1.3000000      -0.35927800         0.25058655E-01
  1.3500000      -0.29216028         0.25030671E-01
  1.4000000      -0.21356628         0.24661851E-01
  1.4500000      -0.14130121         0.24748792E-01
  1.5000000      -0.85410844E-01     0.25076592E-01
  1.5500000      -0.33263452E-01     0.25252609E-01
  1.6000000       0.30779024E-01     0.24948510E-01
  1.6500000       0.94131931E-01     0.24930965E-01
  1.7000000       0.15926608         0.24225479E-01
  1.7500000       0.23328463         0.24276777E-01
  1.8000000       0.29151119         0.25034679E-01
  1.8500000       0.34096454         0.24070842E-01
  1.9000000       0.38590572         0.24630577E-01
  1.9500000       0.40899055         0.24561483E-01
  2.0000000       0.40768432         0.24407489E-01
  2.0500000       0.38118888         0.24448499E-01
  2.1000000       0.32911236         0.24276014E-01
  2.1500000       0.26668383         0.24253561E-01
  2.2000000       0.21252026         0.24511360E-01
  2.2500000       0.15506793         0.24775499E-01
  2.3000000       0.10544030         0.23997443E-01
  2.3500000       0.68817703E-01     0.23902885E-01
  2.4000000       0.42408316E-01     0.24566071E-01
  2.4500000       0.24420365E-01     0.24281902E-01
  2.5000000       0.95399985E-02     0.24044681E-01
  2.5500000      -0.25750823E-02     0.24172612E-01
  2.6000000      -0.10633527E-01     0.24042202E-01
  2.6500000      -0.19321649E-01     0.23806786E-01
  2.7000000      -0.28594061E-01     0.23967600E-01
  2.7500000      -0.36267708E-01     0.23715746E-01
  2.8000000      -0.46423611E-01     0.23801489E-01
  2.8500000      -0.56682570E-01     0.23609353E-01
  2.9000000      -0.67022972E-01     0.23524090E-01
  2.9500000      -0.75890695E-01     0.23942424E-01
  3.0000000      -0.82580240E-01     0.22944834E-01
  3.0500000      -0.90103794E-01     0.23857538E-01
  3.1000000      -0.95823936E-01     0.23405479E-01
  3.1500000      -0.10019638         0.23472184E-01
  3.2000000      -0.10333041         0.23282216E-01
  3.2500000      -0.10473233         0.24242018E-01
  3.3000000      -0.10358878         0.23582762E-01
  3.3500000      -0.10106684         0.23693027E-01
  3.4000000      -0.96642298E-01     0.22919309E-01
  3.4500000      -0.89511536E-01     0.23265255E-01
  3.5000000      -0.80848076E-01     0.23431199E-01
  3.5500000      -0.73610097E-01     0.23488225E-01
  3.6000000      -0.64124016E-01     0.23111459E-01
  3.6500000      -0.53052626E-01     0.23202119E-01
  3.7000000      -0.44796293E-01     0.22700022E-01
  3.7500000      -0.31073597E-01     0.22821729E-01
  3.8000000      -0.21382723E-01     0.23006441E-01
  3.8500000      -0.62766726E-02     0.22249196E-01
  3.9000000       0.52654482E-02     0.22587295E-01
  3.9500000       0.16964376E-01     0.22392636E-01
  4.0000000       0.25965686E-01     0.22833320E-01
  4.0500000       0.36161831E-01     0.22453221E-01
  4.1000000       0.45080082E-01     0.22315085E-01
  4.1500000       0.51788920E-01     0.22621917E-01
  4.2000000       0.57604332E-01     0.22312871E-01
  4.2500000       0.62984433E-01     0.22320956E-01
  4.3000000       0.67715765E-01     0.22172216E-01
  4.3500000       0.70728218E-01     0.21961179E-01
  4.4000000       0.71958362E-01     0.21757344E-01
  4.4500000       0.72055431E-01     0.21596067E-01
  4.5000000       0.70404555E-01     0.21859645E-01
  4.5500000       0.67448632E-01     0.21661503E-01
  4.6000000       0.63522221E-01     0.21562671E-01
  4.6500000       0.57571507E-01     0.21106745E-01
  4.7000000       0.50571454E-01     0.21253754E-01
  4.7500000       0.42782406E-01     0.21279085E-01
  4.8000000       0.34805195E-01     0.20928736E-01
  4.8500000       0.25141633E-01     0.21294041E-01
  4.9000000       0.15500025E-01     0.20185049E-01
  4.9500000       0.54404434E-02     0.20650355E-01
  5.0000000      -0.36074580E-02     0.20400193E-01
  5.0500000      -0.11460960E-01     0.19757294E-01
  5.1000000      -0.19335626E-01     0.18931417E-01
  5.1500000      -0.27103935E-01     0.18994271E-01
  5.2000000      -0.33757555E-01     0.18010941E-01
  5.2500000      -0.39322526E-01     0.18035108E-01
  5.3000000      -0.43747025E-01     0.17132342E-01
  5.3500000      -0.46760705E-01     0.16462571E-01
  5.4000000      -0.48615703E-01     0.16036593E-01
  5.4500000      -0.49270189E-01     0.16134166E-01
  5.5000000      -0.48463796E-01     0.15927869E-01
  5.5500000      -0.46616181E-01     0.15426616E-01
  5.6000000      -0.44063153E-01     0.15329811E-01
  5.6500000      -0.40539995E-01     0.15221630E-01
  5.7000000      -0.36150520E-01     0.15071755E-01
  5.7500000      -0.31252257E-01     0.15286205E-01
  5.8000000      -0.25792149E-01     0.14697094E-01
  5.8500000      -0.19329054E-01     0.14446574E-01
  5.9000000      -0.13423486E-01     0.14048818E-01
  5.9500000      -0.73015202E-02     0.13180285E-01
  6.0000000      -0.11271317E-02     0.12459719E-01
  6.0500000       0.49549843E-02     0.12164692E-01
  6.1000000       0.10802117E-01     0.11883446E-01
  6.1500000       0.16647719E-01     0.11309742E-01
  6.2000000       0.22734854E-01     0.10970547E-01
  6.2500000       0.28225204E-01     0.10248925E-01
  6.3000000       0.31742815E-01     0.10279519E-01
  6.3500000       0.32805750E-01     0.98782502E-02
  6.4000000       0.33237100E-01     0.93907741E-02
  6.4500000       0.33541870E-01     0.91789299E-02
  6.5000000       0.32789035E-01     0.90981332E-02
  6.5500000       0.30649993E-01     0.88747373E-02
  6.6000000       0.27868788E-01     0.90165900E-02
  6.6500000       0.24598105E-01     0.86752314E-02
  6.7000000       0.20347987E-01     0.85438059E-02
  6.7500000       0.15645180E-01     0.86357416E-02
  6.8000000       0.10620022E-01     0.85836032E-02
  6.8500000       0.60383492E-02     0.84133018E-02
  6.9000000       0.18865066E-02     0.85119357E-02
  6.9500000      -0.21669426E-02     0.81830662E-02
  7.0000000      -0.62364008E-02     0.29325998E-01
  7.0500000      -0.97339964E-02     0.21220851E-01
  7.1000000      -0.12222832E-01     0.16774958E-01
  7.1500000      -0.14135623E-01     0.14035901E-01
  7.2000000      -0.15745095E-01     0.12426280E-01
  7.2500000      -0.16748642E-01     0.11127214E-01
  7.3000000      -0.17398873E-01     0.10313625E-01
  7.3500000      -0.17486040E-01     0.92652880E-02
  7.4000000      -0.17190419E-01     0.87079614E-02
  7.4500000      -0.16769419E-01     0.79743485E-02
  7.5000000      -0.15920749E-01     0.74845456E-02
  7.5500000      -0.14363455E-01     0.71046637E-02
  7.6000000      -0.12466513E-01     0.67566763E-02
  7.6500000      -0.10636374E-01     0.64463625E-02
  7.7000000      -0.87160700E-02     0.63492746E-02
  7.7500000      -0.65141197E-02     0.62065438E-02
  7.8000000      -0.41342506E-02     0.60763059E-02
  7.8500000      -0.16863943E-02     0.59958689E-02
  7.9000000       0.74415838E-03     0.59536279E-02
  7.9500000       0.32125615E-02     0.58517829E-02
  8.0000000       0.50950491E-02     0.59456633E-02
  8.0500000       0.66786402E-02     0.60215196E-02
  8.1000000       0.82558855E-02     0.61551463E-02
  8.1500000       0.95752585E-02     0.60433201E-02
  8.2000000       0.10389049E-01     0.61170766E-02
  8.2500000       0.10918521E-01     0.62934511E-02
  8.3000000       0.11117387E-01     0.63090397E-02
  8.3500000       0.10815343E-01     0.65416018E-02
  8.4000000       0.10454950E-01     0.65551320E-02
  8.4500000       0.10185044E-01     0.65362363E-02
  8.5000000       0.95393832E-02     0.65358851E-02
  8.5500000       0.83709429E-02     0.66808288E-02
  8.6000000       0.68841761E-02     0.67878617E-02
  8.6500000       0.51719730E-02     0.68621568E-02
  8.7000000       0.33784818E-02     0.69769719E-02
  8.7500000       0.17078203E-02     0.71252135E-02
  8.8000000       0.24342750E-03     0.72753024E-02
  8.8500000      -0.11728850E-02     0.73765328E-02
  8.9000000      -0.24704299E-02     0.74189224E-02
  8.9500000      -0.37302584E-02     0.75891645E-02
  9.0000000      -0.49601385E-02     0.75886221E-02
  9.0500000      -0.58830788E-02     0.77753301E-02
  9.1000000      -0.65723246E-02     0.78512875E-02
  9.1500000      -0.71862599E-02     0.81093169E-02
  9.2000000      -0.76968712E-02     0.82619490E-02
  9.2500000      -0.79010867E-02     0.83806600E-02
  9.3000000      -0.75613384E-02     0.86436540E-02
  9.3500000      -0.69189193E-02     0.86388180E-02
  9.4000000      -0.63193486E-02     0.89592221E-02
  9.4500000      -0.56977299E-02     0.90252142E-02
  9.5000000      -0.49523649E-02     0.93354495E-02
  9.5500000      -0.41387165E-02     0.92877940E-02
  9.6000000      -0.32508833E-02     0.94504224E-02
  9.6500000      -0.23237871E-02     0.95144607E-02
  9.7000000      -0.12843534E-02     0.96695251E-02
  9.7500000      -0.20030957E-03     0.96999021E-02
  9.8000000       0.90870843E-03     0.97472679E-02
  9.8500000       0.20459497E-02     0.98685338E-02
  9.9000000       0.31846706E-02     0.98734243E-02
  9.9500000       0.43080433E-02     0.99139581E-02
  10.000000       0.52578669E-02     0.98298986E-02
  10.050000       0.56988663E-02     0.97355381E-02
  10.100000       0.56638883E-02     0.96731825E-02
  10.150000       0.56272616E-02     0.96167228E-02
  10.200000       0.58000146E-02     0.96815869E-02
  10.250000       0.58042025E-02     0.95446439E-02
  10.300000       0.53317626E-02     0.94457994E-02
  10.350000       0.45184901E-02     0.93980223E-02
  10.400000       0.36747311E-02     0.93402533E-02
  10.450000       0.30401607E-02     0.91105439E-02
  10.500000       0.23727084E-02     0.89941446E-02
  10.550000       0.14260045E-02     0.88478920E-02
  10.600000       0.48679694E-03     0.86506380E-02
  10.650000      -0.32613507E-03     0.85173525E-02
  10.700000      -0.12329155E-02     0.84730050E-02
  10.750000      -0.21782226E-02     0.83799195E-02
  10.800000      -0.29558369E-02     0.81683164E-02
  10.850000      -0.35006553E-02     0.82090952E-02
  10.900000      -0.38397915E-02     0.80834699E-02
  10.950000      -0.39463278E-02     0.80840822E-02
  11.000000      -0.40136758E-02     0.80557206E-02
  11.050000      -0.40231687E-02     0.80365612E-02
  11.100000      -0.38899447E-02     0.78206916E-02
  11.150000      -0.36262871E-02     0.78345800E-02
  11.200000      -0.32839057E-02     0.78228438E-02
  11.250000      -0.28428396E-02     0.77735632E-02
  11.300000      -0.23514663E-02     0.77374137E-02
  11.350000      -0.18425587E-02     0.76664793E-02
  11.400000      -0.11729715E-02     0.76785965E-02
  11.450000      -0.27092251E-03     0.76894164E-02
  11.500000       0.73495457E-03     0.75900358E-02
  11.550000       0.14323160E-02     0.77257904E-02
  11.600000       0.15775381E-02     0.77509061E-02
  11.650000       0.16664614E-02     0.76569292E-02
  11.700000       0.21063875E-02     0.76143936E-02
  11.750000       0.26471703E-02     0.76958702E-02
  11.800000       0.29845252E-02     0.76322278E-02
  11.850000       0.30936371E-02     0.76477852E-02
  11.900000       0.30638570E-02     0.76247863E-02
  11.950000       0.28995106E-02     0.76219567E-02
  12.000000       0.25370548E-02     0.76928297E-02
  12.050000       0.21568963E-02     0.77013262E-02
  12.100000       0.19636706E-02     0.76948368E-02
  12.150000       0.17422298E-02     0.76777088E-02
  12.200000       0.13402637E-02     0.75375591E-02
  12.250000       0.91220186E-03     0.76025105E-02
  12.300000       0.44059052E-03     0.76183035E-02
  12.350000      -0.21322366E-03     0.76555689E-02
  12.400000      -0.85480943E-03     0.77139075E-02
  12.450000      -0.12131860E-02     0.76994318E-02
  12.500000      -0.14106322E-02     0.76776392E-02
  12.550000      -0.16666701E-02     0.75632529E-02
  12.600000      -0.19574228E-02     0.76478044E-02
  12.650000      -0.21603487E-02     0.76235249E-02
  12.700000      -0.22050355E-02     0.76787807E-02
  12.750000      -0.20972749E-02     0.75596365E-02
  12.800000      -0.19960179E-02     0.76727876E-02
  12.850000      -0.20003422E-02     0.76761152E-02
  12.900000      -0.19827100E-02     0.76776485E-02
  12.950000      -0.18453302E-02     0.76385005E-02
  13.000000      -0.16699816E-02     0.76748689E-02
  13.050000      -0.14247079E-02     0.75985193E-02
  13.100000      -0.98095856E-03     0.75933206E-02
  13.150000      -0.47466413E-03     0.76046059E-02
  13.200000      -0.11996686E-03     0.74187382E-02
  13.250000       0.14086735E-03     0.76771206E-02
  13.300000       0.49426336E-03     0.76283638E-02
  13.350000       0.84640892E-03     0.74910886E-02
  13.400000       0.11419950E-02     0.75179730E-02
  13.450000       0.14301202E-02     0.74686765E-02
  13.500000       0.16591749E-02     0.76385062E-02
  13.550000       0.17140246E-02     0.73793002E-02
  13.600000       0.16834055E-02     0.74338327E-02
  13.650000       0.16841977E-02     0.74402031E-02
  13.700000       0.16984072E-02     0.76670270E-02
  13.750000       0.16632767E-02     0.74796879E-02
  13.800000       0.15340900E-02     0.75129316E-02
  13.850000       0.12705423E-02     0.75570504E-02
  13.900000       0.10227737E-02     0.74641602E-02
  13.950000       0.95786892E-03     0.75014969E-02
  14.000000       0.90429511E-03     0.74242942E-02
  14.050000       0.65837685E-03     0.75223605E-02
  14.100000       0.31450734E-03     0.75060589E-02
  14.150000       0.70539596E-04     0.74641210E-02
  14.200000      -0.88283238E-04     0.75368937E-02
  14.250000      -0.29074099E-03     0.73500138E-02
  14.300000      -0.57218834E-03     0.72801628E-02
  14.350000      -0.87698975E-03     0.73025950E-02
  14.400000      -0.11280882E-02     0.73711137E-02
  14.450000      -0.12721909E-02     0.74434066E-02
  14.500000      -0.12432546E-02     0.72947418E-02
  14.550000      -0.10278734E-02     0.73088578E-02
  14.600000      -0.77231096E-03     0.72738433E-02
  14.650000      -0.60275756E-03     0.73566412E-02
  14.700000      -0.49785554E-03     0.72288996E-02
  14.750000      -0.41053582E-03     0.73068717E-02
  14.800000      -0.34584446E-03     0.72479010E-02
  14.850000      -0.31181572E-03     0.73551888E-02
  14.900000      -0.36455633E-03     0.74026683E-02
  14.950000      -0.42805134E-03     0.73190495E-02
  15.000000      -0.32189306E-03     0.74342601E-02
  15.050000      -0.42021701E-04     0.74074142E-02
  15.100000       0.20649140E-03     0.74495456E-02
  15.150000       0.20042507E-03     0.74916991E-02
  15.200000      -0.14483829E-03     0.74095121E-02