# data from ifeffit
#------------------------
#   k         chi         dchi         e0
  0.51177812E-01   0.11103228       0.46416271E-03    8330.5100
  0.35824469       0.16126945       0.35243520E-03    8330.5100
  0.51177812       0.19613160       0.41356285E-03    8330.5100
  0.62679763       0.22149587       0.58155216E-03    8330.5100
  0.72557072       0.23252122       0.24530955E-03    8330.5100
  0.81080903       0.23268698       0.41297666E-03    8330.5100
  0.88494710       0.22615826       0.56779341E-03    8330.5100
  0.95744920       0.20925487       0.39802208E-03    8330.5100
  1.0235562       0.19162516       0.41986062E-03    8330.5100
  1.0868509       0.16704486       0.40062806E-03    8330.5100
  1.1432257       0.14567856       0.36987979E-03    8330.5100
  1.1991345       0.11814663       0.27810434E-03    8330.5100
  1.2535953       0.94211751E-01   0.32801721E-03    8330.5100
  1.3057866       0.63436217E-01   0.43518043E-03    8330.5100
  1.3530701       0.39540562E-01   0.57395772E-03    8330.5100
  1.4475271      -0.30292745E-02   0.46046828E-03    8330.5100
  1.5361871      -0.36237760E-01   0.33210059E-03    8330.5100
  1.6981474      -0.96701484E-01   0.37902701E-03    8330.5100
  1.6981474      -0.94656282E-01   0.40507045E-03    8330.5100
  1.8459518      -0.11804631       0.36118830E-03    8330.5100
  1.9814473      -0.13151016       0.42770632E-03    8330.5100
  2.1094945      -0.14235245       0.42299537E-03    8330.5100
  2.2302020      -0.16833712       0.40774699E-03    8330.5100
  2.3452620      -0.18911816       0.37012710E-03    8330.5100
  2.4544017      -0.21263719       0.31698180E-03    8330.5100
  2.5594023      -0.21868639       0.57142611E-03    8330.5100
  2.6587846      -0.21181761       0.35107163E-03    8330.5100
  2.7560095      -0.18956477       0.51780640E-03    8330.5100
  2.8499196      -0.15067027       0.47065031E-03    8330.5100
  2.9394960      -0.10973276       0.61001944E-03    8330.5100
  3.0277202      -0.58413482E-01   0.54005202E-03    8330.5100
  3.1134454      -0.17093816E-01   0.45458608E-03    8330.5100
  3.1956436       0.23764901E-01   0.49584542E-03    8330.5100
  3.2773785       0.50918405E-01   0.54169205E-03    8330.5100
  3.3555633       0.74404680E-01   0.58916410E-03    8330.5100
  3.4334935       0.88725886E-01   0.60844390E-03    8330.5100
  3.5085741       0.99860879E-01   0.36963516E-03    8330.5100
  3.5820813       0.10799188       0.44055013E-03    8330.5100
  3.6551851       0.11476008       0.45695669E-03    8330.5100
  3.7258010       0.12061326       0.46741536E-03    8330.5100
  3.7951031       0.12393049       0.39323660E-03    8330.5100
  3.8641790       0.12647148       0.63391798E-03    8330.5100
  3.9310424       0.12596608       0.50658831E-03    8330.5100
  3.9971149       0.12417831       0.41516204E-03    8330.5100
  4.0617905       0.11800837       0.38641795E-03    8330.5100
  4.1257697       0.11181968       0.48689518E-03    8330.5100
  4.1887719       0.10272831       0.50789656E-03    8330.5100
  4.2505322       0.94534881E-01   0.49782286E-03    8330.5100
  4.3126228       0.82064626E-01   0.40215123E-03    8330.5100
  4.3729337       0.72139322E-01   0.40209893E-03    8330.5100
  4.4318331       0.58251960E-01   0.45200460E-03    8330.5100
  4.4905432       0.47465071E-01   0.37374151E-03    8330.5100
  4.5484956       0.35269008E-01   0.55427321E-03    8330.5100
  4.6057188       0.26165339E-01   0.53022253E-03    8330.5100
  4.6625206       0.19045461E-01   0.50320642E-03    8330.5100
  4.7186387       0.14018165E-01   0.44688881E-03    8330.5100
  4.7738229       0.10422246E-01   0.29118012E-03    8330.5100
  4.8278339       0.99989145E-02   0.58445943E-03    8330.5100
  4.8820521       0.11535095E-01   0.56900660E-03    8330.5100
  4.9356748       0.13381265E-01   0.44869902E-03    8330.5100
  4.9879336       0.16223448E-01   0.42040558E-03    8330.5100
  5.0404300       0.18573250E-01   0.37041040E-03    8330.5100
  5.0923852       0.21043893E-01   0.33652968E-03    8330.5100
  5.1433065       0.23003627E-01   0.57075483E-03    8330.5100
  5.1942328       0.24483916E-01   0.32117224E-03    8330.5100
  5.2441652       0.25170036E-01   0.32510522E-03    8330.5100
  5.2943688       0.25830180E-01   0.46324833E-03    8330.5100
  5.3431205       0.26565440E-01   0.44685540E-03    8330.5100
  5.3916742       0.26730244E-01   0.56154187E-03    8330.5100
  5.4405168       0.26727484E-01   0.47606792E-03    8330.5100
  5.4882090       0.26462020E-01   0.49137779E-03    8330.5100
  5.5354902       0.26743019E-01   0.25692634E-03    8330.5100
  5.5830748       0.27337879E-01   0.39576937E-03    8330.5100
  5.6297920       0.27848483E-01   0.41116318E-03    8330.5100
  5.6758940       0.28356579E-01   0.52817399E-03    8330.5100
  5.7218534       0.29329322E-01   0.39043316E-03    8330.5100
  5.7672195       0.29873396E-01   0.52587656E-03    8330.5100
  5.8124568       0.30461308E-01   0.36697452E-03    8330.5100
  5.8573448       0.30837053E-01   0.43234322E-03    8330.5100
  5.9018914       0.31043544E-01   0.52187514E-03    8330.5100
  5.9461042       0.30851367E-01   0.34198915E-03    8330.5100
  5.9899907       0.29859323E-01   0.46282401E-03    8330.5100
  6.0335580       0.28353070E-01   0.28749548E-03    8330.5100
  6.0768130       0.26739799E-01   0.60881599E-03    8330.5100
  6.1199762       0.23755679E-01   0.29003429E-03    8330.5100
  6.1626247       0.21611151E-01   0.53716062E-03    8330.5100
  6.2051910       0.17869481E-01   0.44317392E-03    8330.5100
  6.2472578       0.14998277E-01   0.53670351E-03    8330.5100
  6.2886266       0.11491055E-01   0.40166896E-03    8330.5100
  6.3303458       0.88447032E-02   0.40153141E-03    8330.5100
  6.3717918       0.57270942E-02   0.59856486E-03    8330.5100
  6.4123573       0.28859223E-02   0.51757495E-03    8330.5100
  6.4532766      -0.19039512E-03   0.45648873E-03    8330.5100
  6.4939381      -0.18797406E-02   0.43513126E-03    8330.5100
  6.5337453      -0.42986487E-02   0.57534784E-03    8330.5100
  6.5741082      -0.63981997E-02   0.48032890E-03    8330.5100
  6.6134329      -0.12828239E-01   0.55394265E-03    8330.5100
  6.8085728      -0.19909751E-01   0.36404681E-03    8330.5100
  6.9986477      -0.25265957E-01   0.46204833E-03    8330.5100
  7.1831483      -0.24324294E-01   0.45126504E-03    8330.5100
  7.3633828      -0.23592261E-01   0.60280670E-03    8330.5100
  7.5391362      -0.20430613E-01   0.33349443E-03    8330.5100
  7.7107149      -0.20789909E-01   0.31590751E-03    8330.5100
  7.8785579      -0.20324580E-01   0.60246222E-03    8330.5100
  8.0432246      -0.23116555E-01   0.45219647E-03    8330.5100
  8.2045871      -0.21521191E-01   0.39198338E-03    8330.5100
  8.3625235      -0.25814525E-01   0.51592855E-03    8330.5100
  8.3625235      -0.22445563E-01   0.45200475E-03    8330.5100
  8.5175318      -0.23962301E-01   0.36664503E-03    8330.5100
  8.6700712      -0.25313464E-01   0.39653518E-03    8330.5100
  8.8198245      -0.23218013E-01   0.42093857E-03    8330.5100
  8.9670771      -0.23129370E-01   0.38627528E-03    8330.5100
  9.1118067      -0.18992081E-01   0.43345453E-03    8330.5100
  9.2545561      -0.17398532E-01   0.47825066E-03    8330.5100
  9.3949975      -0.13332504E-01   0.41314947E-03    8330.5100
  9.5332328      -0.10758556E-01   0.38529557E-03    8330.5100
  9.6698983      -0.61090943E-02   0.36473914E-03    8330.5100
  9.8039913      -0.50922331E-02   0.58443536E-03    8330.5100
  9.9366701      -0.15226784E-02   0.51044019E-03    8330.5100
  10.067991      -0.97446964E-03   0.38706980E-03    8330.5100
  10.196978       0.23380180E-02   0.32807076E-03    8330.5100
  10.324608       0.22086147E-02   0.43247459E-03    8330.5100
  10.450680       0.51116845E-02   0.61088677E-03    8330.5100
  10.575496       0.56419890E-02   0.48799807E-03    8330.5100
  10.698244       0.86198510E-02   0.39099969E-03    8330.5100
  10.819963       0.91829029E-02   0.45720042E-03    8330.5100
  10.940686       0.99860527E-02   0.32986232E-03    8330.5100
  10.940686       0.13704694E-01   0.59668825E-03    8330.5100
  11.059500       0.12316162E-01   0.57967463E-03    8330.5100
  11.177286       0.14731692E-01   0.45156847E-03    8330.5100
  11.293727       0.14560447E-01   0.46473005E-03    8330.5100
  11.409324       0.16607317E-01   0.42370132E-03    8330.5100
  11.523648       0.16058067E-01   0.51412311E-03    8330.5100
  11.636624       0.18127965E-01   0.52072847E-03    8330.5100
  11.748513       0.16831779E-01   0.58862465E-03    8330.5100
  11.859568       0.17768040E-01   0.50050877E-03    8330.5100
  11.969483       0.16618168E-01   0.50684862E-03    8330.5100
  12.078614       0.17877808E-01   0.49140744E-03    8330.5100
  12.186231       0.15796853E-01   0.62658669E-03    8330.5100
  12.293226       0.16679017E-01   0.43990857E-03    8330.5100
  12.399508       0.14946117E-01   0.55690139E-03    8330.5100
  12.504469       0.15949306E-01   0.58830167E-03    8330.5100
  12.608763       0.13526771E-01   0.56570089E-03    8330.5100
  12.712408       0.14529836E-01   0.54802452E-03    8330.5100
  12.814806       0.12349847E-01   0.47262463E-03    8330.5100
  12.916594       0.12683995E-01   0.46650171E-03    8330.5100
  13.017789       0.12561585E-01   0.52825447E-03    8330.5100
  13.117803       0.13702310E-01   0.57819925E-03    8330.5100
  13.217258       0.91019201E-02   0.62990624E-03    8330.5100
  13.414250       0.10283939E-01   0.65330108E-03    8330.5100
  13.607910       0.44207886E-02   0.51768633E-03    8330.5100
  13.799042       0.53126160E-02   0.64672803E-03    8330.5100
  13.987468      -0.37144975E-03   0.60126086E-03    8330.5100
  14.173482       0.36759812E-03   0.45615134E-03    8330.5100
  14.357360      -0.49123759E-02   0.56991218E-03    8330.5100
  14.538373      -0.37813829E-02   0.48800581E-03    8330.5100
  14.717603      -0.85356805E-02   0.45583884E-03    8330.5100
  14.894590      -0.76115704E-02   0.49597853E-03    8330.5100
  15.069237      -0.11330757E-01   0.69494650E-03    8330.5100
  15.242055      -0.97407393E-02   0.40759811E-03    8330.5100
  15.412766      -0.12063954E-01   0.43428699E-03    8330.5100
  15.582110      -0.97406949E-02   0.50799198E-03    8330.5100
  15.749052      -0.12245630E-01   0.62555255E-03    8330.5100
  15.914654      -0.98341145E-02   0.71938852E-03    8330.5100
  17.483123       0.32555470E-03   0.75417650E-03    8330.5100
  18.921954       0.14649880E-01   0.90183509E-03    8330.5100
  20.258981      -0.14871693E-01   0.14874369E-02    8330.5100
