# data from ifeffit
#------------------------
#   energy         xmu         bkg         k
  7500.0100        1.2791059       0.86831176E-01   0.51177812E-01
  7500.0100        1.2811187       0.90403043E-01   0.35824469
  8000.0100        1.0512844       0.14916368E-01   0.51177812
  8100.0100        1.0076667       0.24800065E-02   0.62679763
  8180.0100       0.98236850       0.21268773E-02   0.72557072
  8219.9900       0.96501200      -0.27633236E-02   0.81080903
  8259.9900       0.95445340      -0.84938826E-03   0.88494710
  8300.0100       0.94259300      -0.23101662E-03   0.95744920
  8300.0100       0.94452060       0.17168513E-02    1.0235562
  8306.5100       0.94378120       0.29839704E-02    1.0868509
  8306.9900       0.94376670       0.31191408E-02    1.1432257
  8307.4900       0.94409660       0.36049475E-02    1.1991345
  8307.9900       0.94411100       0.37752542E-02    1.2535953
  8308.4900       0.94452830       0.43484609E-02    1.3057866
  8309.0000       0.94481820       0.47973857E-02    1.3530701
  8309.5000       0.94531700       0.54520924E-02    1.4475271
  8310.0000       0.94567970       0.59706991E-02    1.5361871
  8310.5100       0.94574350       0.61935239E-02    1.6981474
  8311.0100       0.94569980       0.63057306E-02    1.6981474
  8311.5100       0.94582150       0.65833373E-02    1.8459518
  8311.9900       0.94548800       0.63995077E-02    1.9814473
  8312.4900       0.94570280       0.67702144E-02    2.1094945
  8312.9900       0.94583770       0.70610211E-02    2.2302020
  8313.5000       0.94591930       0.73016459E-02    2.3452620
  8314.0000       0.94637590       0.79141526E-02    2.4544017
  8314.5100       0.94680900       0.85062775E-02    2.5594023
  8315.0100       0.94797200       0.98251841E-02    2.6587846
  8315.5100       0.94948500       0.11494091E-01    2.7560095
  8315.9900       0.95104650       0.13205261E-01    2.8499196
  8316.4900       0.95435470       0.16669368E-01    2.9394960
  8317.0000       0.95794050       0.20414193E-01    3.0277202
  8317.5000       0.96219780       0.24827399E-01    3.1134454
  8318.0000       0.96437720       0.27162706E-01    3.1956436
  8318.5100       0.96483470       0.27779231E-01    3.2773785
  8319.0100       0.96504880       0.28149238E-01    3.3555633
  8319.4900       0.96367430       0.26924408E-01    3.4334935
  8319.9900       0.96233180       0.25737815E-01    3.5085741
  8320.5000       0.96167410       0.25239140E-01    3.5820813
  8321.0000       0.96216770       0.25888646E-01    3.6551851
  8321.5100       0.96406180       0.27941771E-01    3.7258010
  8322.0100       0.96705430       0.31090178E-01    3.7951031
  8322.4900       0.97183520       0.36020748E-01    3.8641790
  8322.9900       0.97798920       0.42330655E-01    3.9310424
  8323.5000       0.98878110       0.53281580E-01    3.9971149
  8324.0000        1.0025371       0.67193486E-01    4.0617905
  8324.5100        1.0238050       0.88620411E-01    4.1257697
  8325.0100        1.0486094       0.11358072        4.1887719
  8325.4900        1.0817175       0.14683849        4.2505322
  8325.9900        1.1183116       0.18358850        4.3126228
  8326.5000        1.1651335       0.23056942        4.3729337
  8327.0000        1.2130219       0.27861373        4.4318331
  8327.5100        1.2716282       0.33737905        4.4905432
  8328.0100        1.3276553       0.39356206        4.5484956
  8328.4900        1.3922354       0.45829183        4.6057188
  8328.4900        1.3944163       0.46047903        4.6625206
  8330.5100        1.6829006       0.87427981        4.7186387
  8330.9900        1.7445428        1.0384371        4.7738229
  8331.4900        1.8144022        1.0275140        4.8278339
  8332.0000        1.8744299        1.0166035        4.8820521
  8332.5100        1.9409810        1.0059238        4.9356748
  8333.0100        1.9897616       0.99567546        4.9879336
  8333.4900        2.0328448       0.98604170        5.0404300
  8334.0000        2.0605300       0.97602326        5.0923852
  8334.5000        2.0790315       0.96641654        5.1433065
  8335.0100        2.0837036       0.95683495        5.1942328
  8335.5100        2.0782117       0.94765200        5.2441652
  8335.9900        2.0667051       0.93903063        5.2943688
  8336.5000        2.0449911       0.93007673        5.3431205
  8337.0000        2.0232793       0.92150252        5.3916742
  8337.5100        1.9951482       0.91296273        5.4405168
  8337.9900        1.9706342       0.90511315        5.4882090
  8338.4900        1.9404398       0.89712809        5.5354902
  8339.0000        1.9138537       0.88918245        5.5830748
  8339.5100        1.8812724       0.88143559        5.6297920
  8339.9900        1.8555418       0.87432392        5.6758940
  8341.0000        1.8090675       0.85991931        5.7218534
  8342.0100        1.7717821       0.84625829        5.7672195
  8344.0100        1.7040928       0.82132962        5.8124568
  8344.0100        1.7057210       0.82109422        5.8573448
  8346.0100        1.6727335       0.79910414        5.9018914
  8347.9900        1.6493306       0.77962503        5.9461042
  8349.9900        1.6289711       0.76235875        5.9899907
  8351.9900        1.5971218       0.74737341        6.0335580
  8354.0000        1.5706169       0.73446870        6.0768130
  8356.0000        1.5429933       0.72363123        6.1199762
  8358.0100        1.5299813       0.71460988        6.1626247
  8359.9900        1.5275814       0.70741714        6.2051910
  8362.0000        1.5372180       0.70169349        6.2472578
  8364.0100        1.5594653       0.69741715        6.2886266
  8365.9900        1.5833027       0.69448024        6.3303458
  8368.0000        1.6146365       0.69265220        6.3717918
  8370.0100        1.6385112       0.69184357        6.4123573
  8371.9900        1.6620718       0.69190425        6.4532766
  8374.0100        1.6756947       0.69270005        6.4939381
  8375.9900        1.6869830       0.69406011        6.5337453
  8378.0100        1.6918974       0.69589628        6.5741082
  8380.0000        1.6949141       0.69800763        6.6134329
  8381.9900        1.6962303       0.70027935        6.8085728
  8384.0100        1.6968793       0.70260648        6.9986477
  8386.0000        1.6973863       0.70481640        7.1831483
  8387.9900        1.6963591       0.70693197        7.3633828
  8390.0100        1.6952560       0.70898434        7.5391362
  8392.0000        1.6923093       0.71091393        7.7107149
  8394.0000        1.6889056       0.71276230        7.8785579
  8395.9900        1.6827095       0.71451232        8.0432246
  8397.9900        1.6768860       0.71618298        8.2045871
  8399.9900        1.6693013       0.71776663        8.3625235
  8401.9800        1.6626300       0.71925738        8.3625235
  8404.0100        1.6531667       0.72069217        8.5175318
  8406.0100        1.6457477       0.72202229        8.6700712
  8407.9900        1.6357453       0.72325887        8.8198245
  8409.9900        1.6280639       0.72442827        8.9670771
  8411.9900        1.6195533       0.72551896        9.1118067
  8413.9900        1.6133434       0.72653234        9.2545561
  8416.0000        1.6085221       0.72747429        9.3949975
  8418.0100        1.6052777       0.72834095        9.5332328
  8420.0100        1.6026779       0.72912997        9.6698983
  8421.9900        1.6027430       0.72984040        9.8039913
  8424.0000        1.6041528       0.73049103        9.9366701
  8426.0100        1.6058719       0.73107197        10.067991
  8427.9900        1.6082238       0.73157747        10.196978
  8430.0000        1.6103156       0.73202422        10.324608
  8432.0100        1.6123217       0.73240548        10.450680
  8434.0000        1.6140448       0.73271980        10.575496
  8436.0100        1.6153702       0.73297488        10.698244
  8438.0000        1.6161601       0.73316704        10.819963
  8440.0200        1.6167769       0.73330205        10.940686
  8442.0000        1.6175103       0.73337704        10.940686
  8443.9900        1.6177483       0.73339657        11.059500
  8446.0100        1.6179063       0.73336054        11.177286
  8448.0000        1.6178037       0.73327141        11.293727
  8449.9900        1.6180888       0.73313041        11.409324
  8452.0100        1.6185418       0.73293564        11.523648
  8454.0100        1.6189518       0.73269293        11.636624
  8456.0000        1.6192809       0.73240356        11.748513
  8458.0000        1.6199674       0.73206599        11.859568
  8459.9900        1.6203088       0.73168499        11.969483
  8461.9900        1.6206806       0.73125809        12.078614
  8463.9900        1.6207735       0.73078848        12.186231
  8465.9900        1.6208085       0.73027754        12.293226
  8467.9900        1.6204760       0.72972667        12.399508
  8469.9900        1.6195536       0.72913724        12.504469
  8471.9900        1.6182369       0.72851064        12.608763
  8473.9900        1.6168477       0.72784825        12.712408
  8476.0000        1.6144027       0.72714788        12.814806
  8478.0000        1.6125840       0.72641791        12.916594
  8480.0100        1.6095356       0.72565242        13.017789
  8482.0100        1.6071638       0.72486043        13.117803
  8483.9900        1.6042314       0.72404793        13.217258
  8486.0000        1.6019038       0.72319557        13.414250
  8488.0100        1.5992073       0.72231687        13.607910
  8489.9900        1.5967381       0.72142688        13.799042
  8492.0000        1.5940267       0.72050002        13.987468
  8494.0100        1.5923346       0.71955101        14.173482
  8495.9900        1.5901009       0.71859586        14.357360
  8498.0100        1.5881025       0.71760205        14.538373
  8499.9900        1.5825860       0.71661032        14.717603
  8509.9900        1.5744898       0.71138355        14.894590
