 Ferrocene eclipsed structure                           Feff 6L.02    potph 4.12
 Abs   Z=26 Rmt= 1.095 Rnm= 1.258 K shell
 Pot 1 Z= 6 Rmt= 0.715 Rnm= 1.056
 Gam_ch=1.325E+00 H-L exch
 Mu=-4.622E+00 kf=2.624E+00 Vint=-3.086E+01 Rs_int= 1.382
 Path   12      icalc       2                           Feff 6L.02   genfmt 1.44
 -------------------------------------------------------------------------------
   4  20.000   4.0273    2.0363   -4.62221 nleg, deg, reff, rnrmav(bohr), edge
        x         y         z   pot at#
     0.0000    0.0000    0.0000  0  26 Fe       absorbing atom
    -1.6311   -0.3648    1.1230  1   6 C     
     0.0000    0.0000    0.0000  0  26 Fe    
     1.6311   -0.9552    0.6940  1   6 C     
    k   real[2*phc]   mag[feff]  phase[feff] red factor   lambda      real[p]@#
  0.000  2.2931E+00  0.0000E+00 -1.7769E+00  0.1016E+01  3.0187E+01  2.6246E+00
  0.200  2.2897E+00  1.3913E-02 -3.3222E+00  0.1016E+01  3.0268E+01  2.6319E+00
  0.400  2.2794E+00  2.7196E-02 -4.7385E+00  0.1016E+01  3.0482E+01  2.6536E+00
  0.600  2.2624E+00  3.9271E-02 -6.0322E+00  0.1016E+01  3.0741E+01  2.6893E+00
  0.800  2.2392E+00  4.9647E-02 -7.2123E+00  0.1015E+01  3.0911E+01  2.7386E+00
  1.000  2.2102E+00  5.7961E-02 -8.2889E+00  0.1015E+01  3.0830E+01  2.8010E+00
  1.200  2.1757E+00  6.3987E-02 -9.2720E+00  0.1016E+01  3.0354E+01  2.8756E+00
  1.400  2.1365E+00  6.7649E-02 -1.0170E+01  0.1017E+01  2.9403E+01  2.9619E+00
  1.600  2.0927E+00  6.8999E-02 -1.0991E+01  0.1018E+01  2.7997E+01  3.0594E+00
  1.800  2.0447E+00  6.8193E-02 -1.1739E+01  0.1020E+01  2.6253E+01  3.1674E+00
  2.000  1.9925E+00  6.5458E-02 -1.2418E+01  0.1023E+01  2.4346E+01  3.2857E+00
  2.200  1.9360E+00  6.1067E-02 -1.3029E+01  0.1026E+01  2.2461E+01  3.4139E+00
  2.400  1.8746E+00  5.5329E-02 -1.3573E+01  0.1030E+01  2.0750E+01  3.5520E+00
  2.600  1.8072E+00  4.8586E-02 -1.4051E+01  0.1034E+01  1.9327E+01  3.6999E+00
  2.800  1.7527E+00  3.9977E-02 -1.4455E+01  0.1037E+01  1.8266E+01  3.8576E+00
  3.000  1.5448E+00  3.4237E-02 -1.4635E+01  0.1033E+01  1.5873E+01  4.0763E+00
  3.200  1.5414E+00  3.3078E-02 -1.5156E+01  0.1116E+01  9.3539E+00  4.2030E+00
  3.400  1.5384E+00  2.7766E-02 -1.5597E+01  0.1159E+01  7.5699E+00  4.3360E+00
  3.600  1.5131E+00  2.1596E-02 -1.6002E+01  0.1180E+01  6.7860E+00  4.4749E+00
  3.800  1.4799E+00  1.5712E-02 -1.6411E+01  0.1189E+01  6.3888E+00  4.6192E+00
  4.000  1.4297E+00  1.0868E-02 -1.6827E+01  0.1189E+01  6.1861E+00  4.7683E+00
  4.200  1.3828E+00  6.8064E-03 -1.7274E+01  0.1185E+01  6.0975E+00  4.9220E+00
  4.400  1.3279E+00  3.8557E-03 -1.7797E+01  0.1178E+01  6.0832E+00  5.0798E+00
  4.600  1.2679E+00  2.0612E-03 -1.8538E+01  0.1169E+01  6.1209E+00  5.2412E+00
  4.800  1.2015E+00  1.4957E-03 -1.9625E+01  0.1160E+01  6.1972E+00  5.4060E+00
  5.000  1.1274E+00  1.7285E-03 -2.0443E+01  0.1150E+01  6.3034E+00  5.5737E+00
  5.200  1.0539E+00  2.0651E-03 -2.0970E+01  0.1139E+01  6.4336E+00  5.7441E+00
  5.400  9.7678E-01  2.2903E-03 -2.1346E+01  0.1129E+01  6.5839E+00  5.9170E+00
  5.600  8.9626E-01  2.3729E-03 -2.1662E+01  0.1119E+01  6.7510E+00  6.0920E+00
  5.800  8.1621E-01  2.4099E-03 -2.1945E+01  0.1109E+01  6.9328E+00  6.2690E+00
  6.000  7.3572E-01  2.3935E-03 -2.2197E+01  0.1100E+01  7.1275E+00  6.4478E+00
  6.500  5.3663E-01  2.1912E-03 -2.2748E+01  0.1077E+01  7.6627E+00  6.9014E+00
  7.000  3.4706E-01  1.8346E-03 -2.3222E+01  0.1057E+01  8.2561E+00  7.3628E+00
  7.500  1.7093E-01  1.3839E-03 -2.3638E+01  0.1039E+01  8.8985E+00  7.8303E+00
  8.000  5.3059E-03  9.3276E-04 -2.4026E+01  0.1023E+01  9.5840E+00  8.3028E+00
  8.500 -1.5535E-01  5.7597E-04 -2.4405E+01  0.1007E+01  1.0308E+01  8.7791E+00
  9.000 -3.2178E-01  3.4962E-04 -2.4747E+01  0.9925E+00  1.1068E+01  9.2587E+00
  9.500 -4.8872E-01  2.2722E-04 -2.5022E+01  0.9802E+00  1.1861E+01  9.7409E+00
 10.000 -6.5038E-01  1.6973E-04 -2.5205E+01  0.9699E+00  1.2686E+01  1.0225E+01
 11.000 -9.5352E-01  1.3649E-04 -2.5414E+01  0.9535E+00  1.4425E+01  1.1199E+01
 12.000 -1.2272E+00  1.1750E-04 -2.5666E+01  0.9429E+00  1.6274E+01  1.2178E+01
 13.000 -1.4846E+00  8.4910E-05 -2.6173E+01  0.9375E+00  1.8228E+01  1.3161E+01
 14.000 -1.7251E+00  5.6511E-05 -2.6873E+01  0.9332E+00  2.0281E+01  1.4147E+01
 15.000 -1.9442E+00  3.9445E-05 -2.7351E+01  0.9299E+00  2.2429E+01  1.5135E+01
 16.000 -2.1482E+00  2.8601E-05 -2.7497E+01  0.9285E+00  2.4668E+01  1.6125E+01
 17.000 -2.3400E+00  2.0290E-05 -2.7755E+01  0.9275E+00  2.6995E+01  1.7116E+01
 18.000 -2.5168E+00  1.3004E-05 -2.8322E+01  0.9262E+00  2.9407E+01  1.8108E+01
 19.000 -2.6820E+00  6.9330E-06 -2.8727E+01  0.9256E+00  3.1902E+01  1.9102E+01
 20.000 -2.8377E+00  6.5025E-06 -2.7668E+01  0.9247E+00  3.4478E+01  2.0096E+01
