 Ferrocene eclipsed structure                           Feff 6L.02    potph 4.12
 Abs   Z=26 Rmt= 1.095 Rnm= 1.258 K shell
 Pot 1 Z= 6 Rmt= 0.715 Rnm= 1.056
 Gam_ch=1.325E+00 H-L exch
 Mu=-4.622E+00 kf=2.624E+00 Vint=-3.086E+01 Rs_int= 1.382
 Path   17      icalc       2                           Feff 6L.02   genfmt 1.44
 -------------------------------------------------------------------------------
   4  40.000   4.3791    2.0363   -4.62221 nleg, deg, reff, rnrmav(bohr), edge
        x         y         z   pot at#
     0.0000    0.0000    0.0000  0  26 Fe       absorbing atom
     1.6311    0.3648   -1.1230  1   6 C     
     1.6311    1.1807    0.0000  1   6 C     
    -1.6311    0.9552    0.6940  1   6 C     
    k   real[2*phc]   mag[feff]  phase[feff] red factor   lambda      real[p]@#
  0.000  2.2931E+00  0.0000E+00 -1.4670E+00  0.1016E+01  3.0187E+01  2.6246E+00
  0.200  2.2897E+00  1.5171E-02 -3.1500E+00  0.1016E+01  3.0268E+01  2.6319E+00
  0.400  2.2794E+00  2.9537E-02 -4.6977E+00  0.1016E+01  3.0482E+01  2.6536E+00
  0.600  2.2624E+00  4.2314E-02 -6.1150E+00  0.1016E+01  3.0741E+01  2.6893E+00
  0.800  2.2392E+00  5.2793E-02 -7.4098E+00  0.1015E+01  3.0911E+01  2.7386E+00
  1.000  2.2102E+00  6.0429E-02 -8.5912E+00  0.1015E+01  3.0830E+01  2.8010E+00
  1.200  2.1757E+00  6.4926E-02 -9.6694E+00  0.1016E+01  3.0354E+01  2.8756E+00
  1.400  2.1365E+00  6.6279E-02 -1.0654E+01  0.1017E+01  2.9403E+01  2.9619E+00
  1.600  2.0927E+00  6.4754E-02 -1.1552E+01  0.1018E+01  2.7997E+01  3.0594E+00
  1.800  2.0447E+00  6.0810E-02 -1.2371E+01  0.1020E+01  2.6253E+01  3.1674E+00
  2.000  1.9925E+00  5.5005E-02 -1.3115E+01  0.1023E+01  2.4346E+01  3.2857E+00
  2.200  1.9360E+00  4.7916E-02 -1.3787E+01  0.1026E+01  2.2461E+01  3.4139E+00
  2.400  1.8746E+00  4.0092E-02 -1.4386E+01  0.1030E+01  2.0750E+01  3.5520E+00
  2.600  1.8072E+00  3.2033E-02 -1.4910E+01  0.1034E+01  1.9327E+01  3.6999E+00
  2.800  1.7527E+00  2.4193E-02 -1.5355E+01  0.1037E+01  1.8266E+01  3.8576E+00
  3.000  1.5448E+00  1.5236E-02 -1.5397E+01  0.1033E+01  1.5873E+01  4.0763E+00
  3.200  1.5414E+00  1.1702E-02 -1.6083E+01  0.1116E+01  9.3539E+00  4.2030E+00
  3.400  1.5384E+00  6.2278E-03 -1.6738E+01  0.1159E+01  7.5699E+00  4.3360E+00
  3.600  1.5131E+00  1.7775E-03 -1.7914E+01  0.1180E+01  6.7860E+00  4.4749E+00
  3.800  1.4799E+00  2.7241E-03 -2.0195E+01  0.1189E+01  6.3888E+00  4.6192E+00
  4.000  1.4297E+00  5.0339E-03 -2.0950E+01  0.1189E+01  6.1861E+00  4.7683E+00
  4.200  1.3828E+00  6.7334E-03 -2.1503E+01  0.1185E+01  6.0975E+00  4.9220E+00
  4.400  1.3279E+00  7.8450E-03 -2.1979E+01  0.1178E+01  6.0832E+00  5.0798E+00
  4.600  1.2679E+00  8.3785E-03 -2.2401E+01  0.1169E+01  6.1209E+00  5.2412E+00
  4.800  1.2015E+00  8.5231E-03 -2.2789E+01  0.1160E+01  6.1972E+00  5.4060E+00
  5.000  1.1274E+00  8.3447E-03 -2.3144E+01  0.1150E+01  6.3034E+00  5.5737E+00
  5.200  1.0539E+00  7.9533E-03 -2.3478E+01  0.1139E+01  6.4336E+00  5.7441E+00
  5.400  9.7678E-01  7.4373E-03 -2.3787E+01  0.1129E+01  6.5839E+00  5.9170E+00
  5.600  8.9626E-01  6.8360E-03 -2.4083E+01  0.1119E+01  6.7510E+00  6.0920E+00
  5.800  8.1621E-01  6.2170E-03 -2.4366E+01  0.1109E+01  6.9328E+00  6.2690E+00
  6.000  7.3572E-01  5.6173E-03 -2.4631E+01  0.1100E+01  7.1275E+00  6.4478E+00
  6.500  5.3663E-01  4.2591E-03 -2.5257E+01  0.1077E+01  7.6627E+00  6.9014E+00
  7.000  3.4706E-01  3.1885E-03 -2.5840E+01  0.1057E+01  8.2561E+00  7.3628E+00
  7.500  1.7093E-01  2.3804E-03 -2.6382E+01  0.1039E+01  8.8985E+00  7.8303E+00
  8.000  5.3059E-03  1.7664E-03 -2.6888E+01  0.1023E+01  9.5840E+00  8.3028E+00
  8.500 -1.5535E-01  1.2940E-03 -2.7359E+01  0.1007E+01  1.0308E+01  8.7791E+00
  9.000 -3.2178E-01  9.3444E-04 -2.7789E+01  0.9925E+00  1.1068E+01  9.2587E+00
  9.500 -4.8872E-01  6.6863E-04 -2.8181E+01  0.9802E+00  1.1861E+01  9.7409E+00
 10.000 -6.5038E-01  4.8109E-04 -2.8530E+01  0.9699E+00  1.2686E+01  1.0225E+01
 11.000 -9.5352E-01  2.6873E-04 -2.9118E+01  0.9535E+00  1.4425E+01  1.1199E+01
 12.000 -1.2272E+00  1.6804E-04 -2.9647E+01  0.9429E+00  1.6274E+01  1.2178E+01
 13.000 -1.4846E+00  1.0650E-04 -3.0187E+01  0.9375E+00  1.8228E+01  1.3161E+01
 14.000 -1.7251E+00  6.2835E-05 -3.0653E+01  0.9332E+00  2.0281E+01  1.4147E+01
 15.000 -1.9442E+00  4.0479E-05 -3.0970E+01  0.9299E+00  2.2429E+01  1.5135E+01
 16.000 -2.1482E+00  3.1153E-05 -3.1280E+01  0.9285E+00  2.4668E+01  1.6125E+01
 17.000 -2.3400E+00  2.3459E-05 -3.1638E+01  0.9275E+00  2.6995E+01  1.7116E+01
 18.000 -2.5168E+00  1.6356E-05 -3.1925E+01  0.9262E+00  2.9407E+01  1.8108E+01
 19.000 -2.6820E+00  1.3053E-05 -3.2186E+01  0.9256E+00  3.1902E+01  1.9102E+01
 20.000 -2.8377E+00  1.1136E-05 -3.2681E+01  0.9247E+00  3.4478E+01  2.0096E+01
