# data from ifeffit
#------------------------
#   k         chi         chi       dchi         win
  0.0000000      -0.54088250       0.37806402       0.12954115E-02    0.0000000
  0.50000000E-01  -0.55172540       0.37810364       0.14370688E-02    0.0000000
  0.10000000      -0.56256820       0.37822267       0.15787261E-02    0.0000000
  0.15000000      -0.57341100       0.37842170       0.17203835E-02    0.0000000
  0.20000000      -0.58425380       0.37870171       0.18620408E-02    0.0000000
  0.25000000      -0.59509670       0.37906414       0.20036981E-02    0.0000000
  0.30000000      -0.60593950       0.37951091       0.21453554E-02    0.0000000
  0.35000000      -0.61678230       0.38004456       0.22870128E-02    0.0000000
  0.40000000      -0.62762510       0.38066828       0.24286701E-02    0.0000000
  0.45000000      -0.63846800       0.38138617       0.25703274E-02    0.0000000
  0.50000000      -0.61977700       0.38220340       0.27119847E-02    0.0000000
  0.55000000      -0.59754220       0.38312661       0.26862315E-02    0.0000000
  0.60000000      -0.57530730       0.38416442       0.25298639E-02    0.0000000
  0.65000000      -0.55248600       0.38532827       0.23734963E-02    0.0000000
  0.70000000      -0.51533000       0.38663386       0.22212111E-02    0.0000000
  0.75000000      -0.47817390       0.38810362       0.21655078E-02    0.0000000
  0.80000000      -0.44169150       0.38977169       0.21098046E-02    0.0000000
  0.85000000      -0.40640850       0.39169488       0.20641087E-02    0.0000000
  0.90000000      -0.37143560       0.39398273       0.20924460E-02    0.0000000
  0.95000000      -0.34373650       0.39691533       0.21207833E-02    0.0000000
  1.0000000      -0.32447970      -0.40396214       0.20638210E-02    0.0000000
  1.0500000      -0.32104590      -0.40814580       0.19950495E-02    0.0000000
  1.1000000      -0.32348150      -0.40624329       0.21459236E-02    0.0000000
  1.1500000      -0.32260110      -0.39864240       0.23357851E-02    0.0000000
  1.2000000      -0.31457380      -0.38210914       0.23064564E-02    0.0000000
  1.2500000      -0.29382280      -0.35894544       0.23499859E-02    0.0000000
  1.3000000      -0.26537450      -0.32783918       0.27264968E-02    0.0000000
  1.3500000      -0.22954970      -0.28612857       0.21858824E-02    0.0000000
  1.4000000      -0.18196640      -0.24056076       0.27649861E-02    0.0000000
  1.4500000      -0.13082700      -0.18305257       0.23073033E-02    0.0000000
  1.5000000      -0.78201040E-01  -0.11966823       0.19224012E-02    0.0000000
  1.5500000      -0.19611300E-01  -0.54820275E-01   0.17252715E-02    0.0000000
  1.6000000       0.32168710E-01   0.18725797E-01   0.17440252E-02    0.0000000
  1.6500000       0.82274600E-01   0.93118942E-01   0.18554821E-02    0.0000000
  1.7000000       0.13878490       0.16441167       0.22543885E-02    0.0000000
  1.7500000       0.19373620       0.23577918       0.24683224E-02    0.0000000
  1.8000000       0.25508350       0.30291121       0.22178441E-02    0.0000000
  1.8500000       0.30549570       0.36145890       0.17658092E-02    0.0000000
  1.9000000       0.36490950       0.41150113       0.17956333E-02    0.0000000
  1.9500000       0.42957690       0.45224204       0.19873704E-02    0.0000000
  2.0000000       0.46390140       0.48053802       0.22116225E-02    0.0000000
  2.0500000       0.47536340       0.49672272       0.24871224E-02    0.0000000
  2.1000000       0.45443090       0.49980016       0.21580929E-02    0.0000000
  2.1500000       0.42102960       0.49024026       0.13962033E-02    0.0000000
  2.2000000       0.35798700       0.46978643       0.23264775E-02    0.0000000
  2.2500000       0.27422170       0.43892712       0.27770290E-02    0.0000000
  2.3000000       0.19239760       0.39711948       0.31475280E-02    0.0000000
  2.3500000       0.11749210       0.34949905       0.28532684E-02    0.0000000
  2.4000000       0.76343980E-01   0.29831581       0.28046375E-02    0.0000000
  2.4500000       0.28199840E-01   0.24248876       0.31863337E-02    0.0000000
  2.5000000       0.42320140E-02   0.18584179       0.27743886E-02    0.0000000
  2.5500000      -0.14269120E-01   0.13166863       0.21658653E-02    0.0000000
  2.6000000      -0.24394280E-01   0.81254218E-01   0.26766309E-02    0.0000000
  2.6500000      -0.37299750E-01   0.32622157E-01   0.24477017E-02    0.0000000
  2.7000000      -0.53101020E-01  -0.98708893E-02   0.18661661E-02    0.0000000
  2.7500000      -0.57936050E-01  -0.46125644E-01   0.18102509E-02    0.0000000
  2.8000000      -0.68941160E-01  -0.76958785E-01   0.18235170E-02    0.0000000
  2.8500000      -0.69713990E-01  -0.10295402       0.18636937E-02    0.0000000
  2.9000000      -0.91368390E-01  -0.12314847       0.18944197E-02    0.0000000
  2.9500000      -0.96131050E-01  -0.13846914       0.19043032E-02    0.0000000
  3.0000000      -0.10889830      -0.14855719       0.20972980E-02    0.0000000
  3.0500000      -0.11891130      -0.15407472       0.20401230E-02    0.0000000
  3.1000000      -0.13031850      -0.15661359       0.17356727E-02    0.0000000
  3.1500000      -0.13999730      -0.15659808       0.19385478E-02    0.0000000
  3.2000000      -0.14241170      -0.15694845       0.19487561E-02    0.0000000
  3.2500000      -0.13757420      -0.15561598       0.19408481E-02    0.0000000
  3.3000000      -0.14320820      -0.15141039       0.20289044E-02   0.66986993E-01
  3.3500000      -0.14077890      -0.14369863       0.20382436E-02   0.24999894
  3.4000000      -0.13395690      -0.13615435       0.19611767E-02   0.49999817
  3.4500000      -0.12236930      -0.12682490       0.24525601E-02   0.74999788
  3.5000000      -0.10727010      -0.11552451       0.26456538E-02   0.93301117
  3.5500000      -0.98165670E-01  -0.10244213       0.21098429E-02   1.00000000
  3.6000000      -0.81532890E-01  -0.88676914E-01   0.20205313E-02    1.0000000
  3.6500000      -0.67695870E-01  -0.73695083E-01   0.19801958E-02    1.0000000
  3.7000000      -0.55287480E-01  -0.57800455E-01   0.19369847E-02    1.0000000
  3.7500000      -0.34038760E-01  -0.41416427E-01   0.20813473E-02    1.0000000
  3.8000000      -0.24869550E-01  -0.25009998E-01   0.23096631E-02    1.0000000
  3.8500000      -0.14208200E-01  -0.88648130E-02   0.23468567E-02    1.0000000
  3.9000000       0.27059190E-02   0.66036692E-02   0.18638958E-02    1.0000000
  3.9500000       0.15768070E-01   0.20873432E-01   0.19324924E-02    1.0000000
  4.0000000       0.25331590E-01   0.33698048E-01   0.19891555E-02    1.0000000
  4.0500000       0.39271930E-01   0.45053234E-01   0.20559176E-02    1.0000000
  4.1000000       0.57033120E-01   0.54731881E-01   0.21859869E-02    1.0000000
  4.1500000       0.54406130E-01   0.62793174E-01   0.22359334E-02    1.0000000
  4.2000000       0.64181960E-01   0.69078782E-01   0.21060105E-02    1.0000000
  4.2500000       0.71869320E-01   0.73370138E-01   0.19463698E-02    1.0000000
  4.3000000       0.75181980E-01   0.75694043E-01   0.18923547E-02    1.0000000
  4.3500000       0.78422320E-01   0.76326876E-01   0.18935799E-02    1.0000000
  4.4000000       0.73757060E-01   0.75329809E-01   0.25609170E-02    1.0000000
  4.4500000       0.74592630E-01   0.72749820E-01   0.23839169E-02    1.0000000
  4.5000000       0.69171690E-01   0.68757583E-01   0.22895304E-02    1.0000000
  4.5500000       0.69119290E-01   0.63684302E-01   0.21314351E-02    1.0000000
  4.6000000       0.66260070E-01   0.57566148E-01   0.17099503E-02    1.0000000
  4.6500000       0.55021620E-01   0.50562331E-01   0.16991563E-02    1.0000000
  4.7000000       0.51079340E-01   0.42891168E-01   0.19270189E-02    1.0000000
  4.7500000       0.48724900E-01   0.34875796E-01   0.21548815E-02    1.0000000
  4.8000000       0.36349090E-01   0.26565612E-01   0.22366146E-02    1.0000000
  4.8500000       0.15183960E-01   0.18141266E-01   0.22932256E-02    1.0000000
  4.9000000       0.31453620E-01   0.97972729E-02   0.23202527E-02    1.0000000
  4.9500000      -0.21189220E-02   0.16998990E-02   0.23289010E-02    1.0000000
  5.0000000       0.31824770E-02  -0.60440642E-02   0.23581710E-02    1.0000000
  5.0500000      -0.73232550E-02  -0.13282756E-01   0.24104502E-02    1.0000000
  5.1000000      -0.23750510E-01  -0.19887402E-01   0.23694404E-02    1.0000000
  5.1500000      -0.26661950E-01  -0.26019311E-01   0.22302245E-02    1.0000000
  5.2000000      -0.32548130E-01  -0.31329858E-01   0.22549461E-02    1.0000000
  5.2500000      -0.43723280E-01  -0.35726044E-01   0.24508725E-02    1.0000000
  5.3000000      -0.50200890E-01  -0.39153322E-01   0.24671577E-02    1.0000000
  5.3500000      -0.50265390E-01  -0.41704297E-01   0.22590317E-02    1.0000000
  5.4000000      -0.49544140E-01  -0.43202337E-01   0.22086552E-02    1.0000000
  5.4500000      -0.49018980E-01  -0.43636903E-01   0.23681095E-02    1.0000000
  5.5000000      -0.45231010E-01  -0.43060992E-01   0.25179696E-02    1.0000000
  5.5500000      -0.39590020E-01  -0.41643854E-01   0.26574145E-02    1.0000000
  5.6000000      -0.37685420E-01  -0.39231514E-01   0.24814111E-02    1.0000000
  5.6500000      -0.37110870E-01  -0.35901689E-01   0.21084591E-02    1.0000000
  5.7000000      -0.32482380E-01  -0.31772079E-01   0.33647193E-02    1.0000000
  5.7500000      -0.25853100E-01  -0.26976548E-01   0.51243614E-02    1.0000000
  5.8000000      -0.20831560E-01  -0.21591480E-01   0.40181237E-02    1.0000000
  5.8500000      -0.13095830E-01  -0.15775837E-01   0.27806841E-02    1.0000000
  5.9000000       0.16147000E-02  -0.96780005E-02   0.24253677E-02    1.0000000
  5.9500000       0.12590590E-01  -0.34125174E-02   0.22138898E-02    1.0000000
  6.0000000       0.16058780E-01   0.27939943E-02   0.24900671E-02    1.0000000
  6.0500000       0.17791150E-01   0.87562352E-02   0.29254377E-02    1.0000000
  6.1000000       0.20358730E-01   0.14378563E-01   0.34954728E-02    1.0000000
  6.1500000       0.28319940E-01   0.19585067E-01   0.28195206E-02    1.0000000
  6.2000000       0.35795940E-01   0.24077757E-01   0.21311938E-02    1.0000000
  6.2500000       0.36889840E-01   0.27724900E-01   0.21420507E-02    1.0000000
  6.3000000       0.37556360E-01   0.30427157E-01   0.22026838E-02    1.0000000
  6.3500000       0.39463690E-01   0.32121657E-01   0.23159694E-02    1.0000000
  6.4000000       0.41235400E-01   0.32784322E-01   0.28089698E-02    1.0000000
  6.4500000       0.40396590E-01   0.32430263E-01   0.32971084E-02    1.0000000
  6.5000000       0.34942990E-01   0.31112199E-01   0.29235993E-02    1.0000000
  6.5500000       0.33108010E-01   0.28916991E-01   0.25705004E-02    1.0000000
  6.6000000       0.32040190E-01   0.25945176E-01   0.22370408E-02    1.0000000
  6.6500000       0.19105930E-01   0.22273358E-01   0.24229095E-02    1.0000000
  6.7000000       0.90421700E-02   0.18060440E-01   0.25378308E-02    1.0000000
  6.7500000       0.70770730E-02   0.13483594E-01   0.25101866E-02    1.0000000
  6.8000000       0.23346180E-02   0.87233793E-02   0.31328050E-02    1.0000000
  6.8500000      -0.14597200E-02   0.39549154E-02   0.34693112E-02    1.0000000
  6.9000000      -0.39033020E-03  -0.65999446E-03   0.24942189E-02    1.0000000
  6.9500000      -0.25214780E-02  -0.49793140E-02   0.42249161E-02    1.0000000
  7.0000000      -0.73223920E-02  -0.88854575E-02   0.62024504E-02    1.0000000
  7.0500000      -0.12497940E-01  -0.12288034E-01   0.48713433E-02    1.0000000
  7.1000000      -0.14922350E-01  -0.15193162E-01   0.33725142E-02    1.0000000
  7.1500000      -0.14224300E-01  -0.17512094E-01   0.24283502E-02    1.0000000
  7.2000000      -0.11437740E-01  -0.19169939E-01   0.30892515E-02    1.0000000
  7.2500000      -0.14521860E-01  -0.20173573E-01   0.29834504E-02    1.0000000
  7.3000000      -0.17155890E-01  -0.20550144E-01   0.27617201E-02    1.0000000
  7.3500000      -0.14651670E-01  -0.20342392E-01   0.28179196E-02    1.0000000
  7.4000000      -0.16842490E-01  -0.19604099E-01   0.27756458E-02    1.0000000
  7.4500000      -0.16350280E-01  -0.18396041E-01   0.31408592E-02    1.0000000
  7.5000000      -0.12781610E-01  -0.16782726E-01   0.38548063E-02    1.0000000
  7.5500000      -0.14369420E-01  -0.14830027E-01   0.41268061E-02    1.0000000
  7.6000000      -0.11403770E-01  -0.12547699E-01   0.39031121E-02    1.0000000
  7.6500000      -0.12983820E-01  -0.10025893E-01   0.34166220E-02    1.0000000
  7.7000000      -0.60181680E-02  -0.73636033E-02   0.27673294E-02    1.0000000
  7.7500000      -0.61081370E-02  -0.46338090E-02   0.45383892E-02    1.0000000
  7.8000000      -0.53372980E-02  -0.19081810E-02   0.42931383E-02    1.0000000
  7.8500000      -0.18112300E-02   0.74363330E-03   0.27024369E-02    1.0000000
  7.9000000      -0.22861250E-02   0.32550470E-02   0.31973430E-02    1.0000000
  7.9500000      -0.27800030E-02   0.55639225E-02   0.42256646E-02    1.0000000
  8.0000000      -0.13436100E-02   0.76142641E-02   0.58711114E-02    1.0000000
  8.0500000       0.19779110E-02   0.93580846E-02   0.68970389E-02    1.0000000
  8.1000000       0.25301160E-02   0.10737636E-01   0.47129966E-02    1.0000000
  8.1500000       0.45398250E-02   0.11730099E-01   0.30520761E-02    1.0000000
  8.2000000       0.72572150E-02   0.12330725E-01   0.30395166E-02    1.0000000
  8.2500000       0.94932550E-02   0.12543968E-01   0.32130711E-02    1.0000000
  8.3000000       0.10388190E-01   0.12387475E-01   0.27406583E-02    1.0000000
  8.3500000       0.10923470E-01   0.11890652E-01   0.31577988E-02    1.0000000
  8.4000000       0.11452970E-01   0.11092607E-01   0.46722127E-02    1.0000000
  8.4500000       0.78984720E-02   0.10039615E-01   0.42782118E-02    1.0000000
  8.5000000       0.43655820E-02   0.87823473E-02   0.34397862E-02    1.0000000
  8.5500000       0.56860990E-02   0.73731025E-02   0.43714442E-02    1.0000000
  8.6000000       0.41173970E-02   0.58786639E-02   0.35500586E-02    1.0000000
  8.6500000       0.60912240E-02   0.43382206E-02   0.38459655E-02    1.0000000
  8.7000000       0.53482120E-02   0.27917740E-02   0.35825331E-02    1.0000000
  8.7500000       0.48341310E-02   0.12767055E-02   0.33217707E-02    1.0000000
  8.8000000       0.35787470E-02  -0.17528681E-03   0.34233838E-02    1.0000000
  8.8500000      -0.53237000E-02  -0.15378993E-02   0.39872207E-02    1.0000000
  8.9000000      -0.24790900E-02  -0.27895468E-02   0.62265113E-02    1.0000000
  8.9500000      -0.11826440E-03  -0.39124767E-02   0.62909843E-02    1.0000000
  9.0000000       0.18693300E-02  -0.48918641E-02   0.42971575E-02    1.0000000
  9.0500000      -0.47153840E-02  -0.57150609E-02   0.36079987E-02    1.0000000
  9.1000000      -0.12201150E-01  -0.63870807E-02   0.37357061E-02    1.0000000
  9.1500000      -0.90118390E-02  -0.68938510E-02   0.33731748E-02    1.0000000
  9.2000000      -0.12332140E-01  -0.72265968E-02   0.33387062E-02    1.0000000
  9.2500000      -0.32355950E-02  -0.73798249E-02   0.47098623E-02    1.0000000
  9.3000000      -0.91195560E-02  -0.73505433E-02   0.37094174E-02    1.0000000
  9.3500000      -0.13167710E-01  -0.71390236E-02   0.36063863E-02    1.0000000
  9.4000000      -0.93148980E-02  -0.67496060E-02   0.39428857E-02    1.0000000
  9.4500000      -0.46156540E-02  -0.61914122E-02   0.39460680E-02    1.0000000
  9.5000000      -0.45988720E-02  -0.54788382E-02   0.36031525E-02    1.0000000
  9.5500000      -0.71415920E-02  -0.46317228E-02   0.36027419E-02    1.0000000
  9.6000000      -0.15827930E-02  -0.36863166E-02   0.40939494E-02    1.0000000
  9.6500000      -0.80053990E-02  -0.26470758E-02   0.42719076E-02    1.0000000
  9.7000000       0.75602530E-03  -0.15452083E-02   0.42645549E-02    1.0000000
  9.7500000      -0.15081440E-02  -0.41582762E-03   0.36098168E-02    1.0000000
  9.8000000       0.23655730E-02   0.70434787E-03   0.43199211E-02    1.0000000
  9.8500000      -0.76659980E-03   0.17785694E-02   0.60964339E-02    1.0000000
  9.9000000       0.26567660E-02   0.27716894E-02   0.44944974E-02    1.0000000
  9.9500000      -0.20787000E-02   0.36517338E-02   0.49624801E-02    1.0000000
  10.000000       0.50234010E-02   0.43913051E-02   0.37349434E-02    1.0000000
  10.050000       0.44618040E-02   0.49689948E-02   0.53455350E-02    1.0000000
  10.100000       0.57245590E-02   0.54272413E-02   0.66152249E-02    1.0000000
  10.150000       0.81446210E-02   0.56874961E-02   0.61065536E-02    1.0000000
  10.200000       0.71502920E-02   0.57452486E-02   0.61497498E-02    1.0000000
  10.250000       0.61131160E-02   0.56039314E-02   0.60694823E-02    1.0000000
  10.300000       0.66526640E-02   0.52744224E-02   0.49884727E-02    1.0000000
  10.350000       0.41043900E-02   0.47742351E-02   0.45747476E-02    1.0000000
  10.400000       0.68775660E-02   0.41264782E-02   0.50946687E-02    1.0000000
  10.450000       0.51208050E-02   0.33586655E-02   0.56734783E-02    1.0000000
  10.500000       0.55403050E-02   0.25014560E-02   0.61465431E-02    1.0000000
  10.550000       0.21111850E-02   0.15873909E-02   0.80432933E-02    1.0000000
  10.600000       0.39022960E-02   0.64967694E-03   0.72750944E-02    1.0000000
  10.650000       0.19887870E-02  -0.27894680E-03   0.54028281E-02    1.0000000
  10.700000       0.23075210E-02  -0.11672436E-02   0.64615353E-02    1.0000000
  10.750000       0.27496700E-03  -0.19864057E-02   0.64805585E-02    1.0000000
  10.800000      -0.42444720E-02  -0.27108734E-02   0.54273529E-02    1.0000000
  10.850000       0.10640950E-02  -0.33190469E-02   0.49551759E-02    1.0000000
  10.900000       0.37334400E-02  -0.37938868E-02   0.58749731E-02    1.0000000
  10.950000      -0.10274020E-02  -0.41233949E-02   0.66661853E-02    1.0000000
  11.000000       0.28297560E-02  -0.43009569E-02   0.60130849E-02    1.0000000
  11.050000       0.67123640E-03  -0.43276418E-02   0.71739905E-02    1.0000000
  11.100000       0.20540720E-02  -0.42210578E-02   0.71075639E-02    1.0000000
  11.150000      -0.29142560E-02  -0.39654078E-02   0.83989398E-02    1.0000000
  11.200000       0.33297810E-02  -0.35743603E-02   0.62379696E-02    1.0000000
  11.250000      -0.50400230E-02  -0.30665432E-02   0.47437284E-02    1.0000000
  11.300000       0.28332610E-02  -0.24647588E-02   0.57999216E-02    1.0000000
  11.350000      -0.61100020E-02  -0.17949755E-02   0.66811796E-02    1.0000000
  11.400000       0.23192900E-02  -0.10851369E-02   0.73834514E-02    1.0000000
  11.450000       0.99106460E-03  -0.36385386E-03   0.70198041E-02    1.0000000
  11.500000      -0.31016030E-02   0.34094260E-03   0.59390681E-02    1.0000000
  11.550000       0.20426360E-02   0.10032934E-02   0.63518257E-02    1.0000000
  11.600000       0.61809260E-02   0.16003600E-02   0.78587047E-02    1.0000000
  11.650000       0.19393950E-02   0.21133476E-02   0.83002870E-02    1.0000000
  11.700000       0.28325950E-02   0.25281412E-02   0.74927147E-02    1.0000000
  11.750000       0.33740290E-02   0.28356190E-02   0.68707039E-02    1.0000000
  11.800000      -0.30390100E-02   0.30316391E-02   0.83851210E-02    1.0000000
  11.850000       0.39938820E-02   0.31167249E-02   0.73226455E-02    1.0000000
  11.900000      -0.12696290E-02   0.30955030E-02   0.65059104E-02    1.0000000
  11.950000      -0.26691430E-02   0.29759684E-02   0.82065059E-02    1.0000000
  12.000000      -0.38014510E-02   0.27686609E-02   0.10083716E-01    1.0000000
  12.050000      -0.31064500E-02   0.24853696E-02   0.75225438E-02    1.0000000
  12.100000      -0.29445560E-02   0.21393169E-02   0.11868465E-01    1.0000000
  12.150000      -0.11981650E-02   0.17475706E-02   0.10197428E-01    1.0000000
  12.200000      -0.51012760E-02   0.13233359E-02   0.10830625E-01    1.0000000
  12.250000      -0.29076390E-02   0.87931262E-03   0.10414363E-01    1.0000000
  12.300000      -0.31171910E-02   0.42759676E-03   0.13273799E-01    1.0000000
  12.350000      -0.60659800E-02  -0.20310938E-04   0.11944128E-01   1.00000000
  12.400000      -0.96043940E-02  -0.45344588E-03   0.17340867E-01   0.93301117
  12.450000      -0.60754740E-02  -0.86132490E-03   0.13361596E-01   0.74999788
  12.500000      -0.12564610E-01  -0.12339459E-02   0.15914840E-01   0.49999817
  12.550000      -0.26929890E-01  -0.15618769E-02   0.13315900E-01   0.24999894
  12.600000      -0.38351410E-02  -0.18364508E-02   0.13995980E-01   0.66986993E-01
  12.650000      -0.76009170E-03  -0.20500591E-02   0.16794977E-01    0.0000000
  12.700000      -0.17235750E-02  -0.21965190E-02   0.19991940E-01   0.38025635E-39
  12.750000       0.31053950E-02  -0.22714713E-02   0.22249809E-01    0.0000000
  12.800000       0.55459040E-02  -0.22727557E-02   0.27383982E-01    0.0000000
  12.850000       0.38636100E-02  -0.22007096E-02   0.28085887E-01    0.0000000
  12.900000       0.40538240E-02  -0.20583414E-02   0.25278169E-01    0.0000000
  12.950000       0.41361130E-02  -0.18513429E-02   0.35182512E-01    0.0000000
  13.000000      -0.23293120E-02  -0.23293120E-02   0.50876156E-01    0.0000000
  13.050000       0.40827390E-02   0.40827390E-02   0.50053502E-01    0.0000000
  13.100000       0.49244380E-02   0.49244380E-02   0.12999690        0.0000000
  13.150000       0.16351330E-02   0.16351330E-02   0.13022117        0.0000000
  13.200000       0.22716370E-02   0.22716370E-02   0.35022130        0.0000000
  13.250000       0.61675870E-02   0.61675870E-02  -0.39345290        0.0000000
  13.300000       0.11736670E-03   0.11736670E-03  -0.25553506        0.0000000
  13.350000       0.55866830E-02   0.55866830E-02  -0.10195445        0.0000000
  13.400000       0.68361630E-03   0.68361630E-03  -0.62565173E-01    0.0000000
  13.450000       0.49765100E-02   0.49765100E-02  -0.62696470E-01    0.0000000
  13.500000       0.71007190E-02   0.71007190E-02  -0.69995026E-01    0.0000000
  13.550000       0.46478230E-02   0.46478230E-02  -0.37057614E-01    0.0000000
  13.600000       0.52958170E-02   0.52958170E-02  -0.29335295E-01    0.0000000
  13.650000       0.34961970E-02   0.34961970E-02  -0.38596333E-01    0.0000000
  13.700000       0.45172280E-02   0.45172280E-02  -0.22649784E-01    0.0000000
  13.750000       0.70408170E-02   0.70408170E-02  -0.23704621E-01    0.0000000
  13.800000       0.76443520E-02   0.76443520E-02  -0.34213857E-01    0.0000000
  13.850000       0.54008350E-02   0.54008350E-02  -0.15679274E-01    0.0000000
  13.900000       0.80377320E-02   0.80377320E-02  -0.17727993E-01    0.0000000
  13.950000       0.83819160E-02   0.83819160E-02  -0.16440796E-01    0.0000000
  14.000000      -0.20923180E-02  -0.20923180E-02  -0.11963521E-01    0.0000000
  14.050000       0.11213370E-03   0.11213370E-03  -0.15324505E-01    0.0000000
  14.100000       0.55214260E-03   0.55214260E-03  -0.13870234E-01    0.0000000
  14.150000      -0.77937790E-03  -0.77937790E-03  -0.10242893E-01    0.0000000
  14.200000       0.10820600E-03   0.10820600E-03  -0.18008464E-01    0.0000000
  14.250000      -0.99543340E-04  -0.99543340E-04  -0.20432985E-01    0.0000000
  14.300000      -0.16698550E-02  -0.16698550E-02  -0.16580750E-01    0.0000000
  14.350000       0.61502050E-02   0.61502050E-02  -0.13894660E-01    0.0000000
  14.400000       0.85596180E-02   0.85596180E-02  -0.19123988E-01    0.0000000
  14.450000       0.45045190E-02   0.45045190E-02  -0.15076891E-01    0.0000000
  14.500000       0.52818880E-02   0.52818880E-02  -0.11519005E-01    0.0000000
  14.550000      -0.35184840E-03  -0.35184840E-03  -0.12186723E-01    0.0000000
  14.600000       0.56518350E-03   0.56518350E-03  -0.97016167E-02    0.0000000
  14.650000       0.18026980E-02   0.18026980E-02  -0.63087496E-02    0.0000000
  14.700000      -0.72251950E-02  -0.72251950E-02  -0.81531666E-02    0.0000000
  14.750000      -0.80180990E-03  -0.80180990E-03  -0.99975836E-02    0.0000000
  14.800000       0.17672990E-04   0.17672990E-04  -0.11842001E-01    0.0000000
  14.850000      -0.27496080E-02  -0.27496080E-02  -0.12709991E-01    0.0000000
  14.900000      -0.71085560E-02  -0.71085560E-02  -0.12471799E-01    0.0000000
  14.950000      -0.11680490E-01  -0.11680490E-01  -0.12233607E-01    0.0000000
  15.000000      -0.13423840E-01  -0.13423840E-01  -0.47508159E-02    0.0000000
  15.050000      -0.12118940E-01  -0.12118940E-01  -0.97401407E-02    0.0000000
  15.100000      -0.10814040E-01  -0.10814040E-01  -0.81527983E-02    0.0000000
  15.150000      -0.16830330E-01  -0.16830330E-01  -0.65654558E-02    0.0000000
