 # File contains AXAFS. See manual for details.
 #--------------------------------------------------------------
 #  e, e(wrt edge), k, mu_at=(1+chi_at)*mu0_at, mu0_at, chi_at @#
    8985.081      0.932   0.495  6.88461E-01  9.84018E-01 -3.00357E-01
    8986.013      1.865   0.700  7.34984E-01  9.84391E-01 -2.53362E-01
    8986.945      2.797   0.857  7.76273E-01  9.84760E-01 -2.11714E-01
    8987.878      3.729   0.989  8.12463E-01  9.85124E-01 -1.75268E-01
    8988.810      4.661   1.106  8.43856E-01  9.85485E-01 -1.43715E-01
    8989.742      5.594   1.212  8.70838E-01  9.85841E-01 -1.16654E-01
    8990.675      6.526   1.309  8.93850E-01  9.86192E-01 -9.36349E-02
    8991.607      7.458   1.399  9.13338E-01  9.86540E-01 -7.42008E-02
    8992.539      8.391   1.484  9.29733E-01  9.86883E-01 -5.79100E-02
    8993.471      9.323   1.564  9.43443E-01  9.87223E-01 -4.43462E-02
    8994.404     10.255   1.641  9.54839E-01  9.87557E-01 -3.31303E-02
    8995.336     11.188   1.714  9.64255E-01  9.87888E-01 -2.39227E-02
    8995.817     11.668   1.750  9.68433E-01  9.88057E-01 -1.98617E-02
    8996.769     12.620   1.820  9.75528E-01  9.88388E-01 -1.30113E-02
    8997.758     13.610   1.890  9.81462E-01  9.88728E-01 -7.34870E-03
    8998.785     14.636   1.960  9.86328E-01  9.89075E-01 -2.77708E-03
    8999.849     15.701   2.030  9.90230E-01  9.89430E-01  8.08591E-04
    9000.950     16.802   2.100  9.93272E-01  9.89791E-01  3.51698E-03
    9002.089     17.941   2.170  9.95564E-01  9.90158E-01  5.45966E-03
    9003.265     19.117   2.240  9.97212E-01  9.90531E-01  6.74513E-03
    9004.479     20.330   2.310  9.98320E-01  9.90908E-01  7.47921E-03
    9005.730     21.581   2.380  9.98984E-01  9.91290E-01  7.76116E-03
    9007.018     22.869   2.450  9.99292E-01  9.91675E-01  7.68121E-03
    9008.343     24.195   2.520  9.99328E-01  9.92063E-01  7.32261E-03
    9009.706     25.558   2.590  9.99163E-01  9.92453E-01  6.76145E-03
    9011.106     26.958   2.660  9.98863E-01  9.92844E-01  6.06236E-03
    9012.544     28.395   2.730  9.98484E-01  9.93236E-01  5.28367E-03
    9014.019     29.870   2.800  9.98073E-01  9.93628E-01  4.47425E-03
    9015.531     31.382   2.870  9.97671E-01  9.94018E-01  3.67479E-03
    9017.080     32.932   2.940  9.97309E-01  9.94407E-01  2.91886E-03
    9018.667     34.519   3.010  9.97014E-01  9.94793E-01  2.23312E-03
    9020.291     36.143   3.080  9.96804E-01  9.95175E-01  1.63697E-03
    9021.953     37.805   3.150  9.96695E-01  9.95553E-01  1.14736E-03
    9023.652     39.503   3.220  9.96695E-01  9.95926E-01  7.72190E-04
    9025.388     41.240   3.290  9.96801E-01  9.96292E-01  5.10458E-04
    9027.162     43.013   3.360  9.97017E-01  9.96651E-01  3.66526E-04
    9028.973     44.824   3.430  9.97336E-01  9.97002E-01  3.34704E-04
    9030.821     46.672   3.500  9.97752E-01  9.97344E-01  4.08995E-04
    9032.706     48.558   3.570  9.98253E-01  9.97676E-01  5.78402E-04
    9034.629     50.481   3.640  9.98823E-01  9.97996E-01  8.28935E-04
    9036.589     52.441   3.710  9.99449E-01  9.98304E-01  1.14615E-03
    9038.587     54.439   3.780  1.00012E+00  9.98599E-01  1.51890E-03
    9040.622     56.473   3.850  1.00081E+00  9.98880E-01  1.93106E-03
    9042.694     58.546   3.920  1.00151E+00  9.99145E-01  2.36326E-03
    9044.804     60.655   3.990  1.00219E+00  9.99394E-01  2.80012E-03
    9046.951     62.802   4.060  1.00285E+00  9.99624E-01  3.22586E-03
    9049.135     64.987   4.130  1.00346E+00  9.99836E-01  3.62677E-03
    9051.357     67.208   4.200  1.00401E+00  1.00003E+00  3.98690E-03
    9053.616     69.467   4.270  1.00449E+00  1.00020E+00  4.29527E-03
    9055.912     71.763   4.340  1.00489E+00  1.00035E+00  4.54254E-03
    9058.245     74.097   4.410  1.00519E+00  1.00047E+00  4.71638E-03
    9060.616     76.468   4.480  1.00538E+00  1.00057E+00  4.81223E-03
    9063.025     78.876   4.550  1.00547E+00  1.00064E+00  4.82747E-03
    9065.470     81.322   4.620  1.00545E+00  1.00069E+00  4.75775E-03
    9067.953     83.805   4.690  1.00531E+00  1.00070E+00  4.60677E-03
    9070.474     86.325   4.760  1.00506E+00  1.00069E+00  4.36863E-03
    9073.031     88.883   4.830  1.00470E+00  1.00064E+00  4.05161E-03
    9075.626     91.478   4.900  1.00423E+00  1.00056E+00  3.66384E-03
    9078.259     94.110   4.970  1.00366E+00  1.00045E+00  3.20907E-03
    9080.928     96.780   5.040  1.00301E+00  1.00030E+00  2.70520E-03
    9083.635     99.487   5.110  1.00226E+00  1.00011E+00  2.14962E-03
    9086.379    102.231   5.180  1.00145E+00  9.99889E-01  1.56058E-03
    9089.161    105.013   5.250  1.00057E+00  9.99623E-01  9.51609E-04
    9091.980    107.832   5.320  9.99648E-01  9.99315E-01  3.33502E-04
    9094.837    110.688   5.390  9.98680E-01  9.98964E-01 -2.83651E-04
    9097.730    113.582   5.460  9.97686E-01  9.98568E-01 -8.82679E-04
    9100.661    116.513   5.530  9.96678E-01  9.98125E-01 -1.44942E-03
    9103.630    119.481   5.600  9.95651E-01  9.97634E-01 -1.98792E-03
    9106.635    122.487   5.670  9.94632E-01  9.97094E-01 -2.46909E-03
    9109.678    125.530   5.740  9.93626E-01  9.96502E-01 -2.88644E-03
    9112.759    128.610   5.810  9.92633E-01  9.95858E-01 -3.23808E-03
    9115.876    131.728   5.880  9.91666E-01  9.95158E-01 -3.50907E-03
    9119.031    134.883   5.950  9.90722E-01  9.94403E-01 -3.70113E-03
    9122.224    138.075   6.020  9.89814E-01  9.93589E-01 -3.79936E-03
    9125.454    141.305   6.090  9.88941E-01  9.92716E-01 -3.80226E-03
    9128.721    144.572   6.160  9.88097E-01  9.91781E-01 -3.71459E-03
    9132.025    147.877   6.230  9.87288E-01  9.90782E-01 -3.52646E-03
    9135.367    151.218   6.300  9.86506E-01  9.89719E-01 -3.24564E-03
    9138.746    154.597   6.370  9.85757E-01  9.88588E-01 -2.86384E-03
    9142.162    158.014   6.440  9.85031E-01  9.87389E-01 -2.38803E-03
    9145.616    161.468   6.510  9.84326E-01  9.86119E-01 -1.81895E-03
    9149.107    164.959   6.580  9.83633E-01  9.84777E-01 -1.16179E-03
    9152.636    168.487   6.650  9.82948E-01  9.83360E-01 -4.19801E-04
    9156.201    172.053   6.720  9.82256E-01  9.81867E-01  3.96028E-04
    9159.804    175.656   6.790  9.81557E-01  9.80296E-01  1.28591E-03
    9163.445    179.296   6.860  9.80852E-01  9.78645E-01  2.25505E-03
    9167.123    182.974   6.930  9.80129E-01  9.76911E-01  3.29356E-03
    9170.838    186.689   7.000  9.79374E-01  9.75093E-01  4.38945E-03
    9174.590    190.442   7.070  9.78593E-01  9.73189E-01  5.55281E-03
