 name:     copper                                                 Feff 8.10
 formula:  Cu
 sites:    Cu1
 refer1:   Kittel, ISSP
 refer2:
 schoen:
 notes1:   metal, fcc
 Abs   Z=29 Rmt= 1.407 Rnm= 1.452 K  shell
 Pot 1 Z=29 Rmt= 1.353 Rnm= 1.390
 Gam_ch=1.729E+00 H-L exch
 Mu=-7.603E+00 kf=1.992E+00 Vint=-1.688E+01 Rs_int= 1.821
 S02  1.000                                        Global sig2  0.00000
 Curved wave amplitude ratio filter   4.000%
    file         sig2 tot  cw amp ratio   deg  nlegs   reff  inp sig2
    0/   0 paths used
 -----------------------------------------------------------------------
      k          chi          mag           phase @#
     0.0000    0.000000E+00  0.000000E+00  0.000000E+00
     0.0500    0.000000E+00  0.000000E+00  0.000000E+00
     0.1000    0.000000E+00  0.000000E+00  0.000000E+00
     0.1500    0.000000E+00  0.000000E+00  0.000000E+00
     0.2000    0.000000E+00  0.000000E+00  0.000000E+00
     0.2500    0.000000E+00  0.000000E+00  0.000000E+00
     0.3000    0.000000E+00  0.000000E+00  0.000000E+00
     0.3500    0.000000E+00  0.000000E+00  0.000000E+00
     0.4000    0.000000E+00  0.000000E+00  0.000000E+00
     0.4500    0.000000E+00  0.000000E+00  0.000000E+00
     0.5000    0.000000E+00  0.000000E+00  0.000000E+00
     0.5500    0.000000E+00  0.000000E+00  0.000000E+00
     0.6000    0.000000E+00  0.000000E+00  0.000000E+00
     0.6500    0.000000E+00  0.000000E+00  0.000000E+00
     0.7000    0.000000E+00  0.000000E+00  0.000000E+00
     0.7500    0.000000E+00  0.000000E+00  0.000000E+00
     0.8000    0.000000E+00  0.000000E+00  0.000000E+00
     0.8500    0.000000E+00  0.000000E+00  0.000000E+00
     0.9000    0.000000E+00  0.000000E+00  0.000000E+00
     0.9500    0.000000E+00  0.000000E+00  0.000000E+00
     1.0000    0.000000E+00  0.000000E+00  0.000000E+00
     1.0500    0.000000E+00  0.000000E+00  0.000000E+00
     1.1000    0.000000E+00  0.000000E+00  0.000000E+00
     1.1500    0.000000E+00  0.000000E+00  0.000000E+00
     1.2000    0.000000E+00  0.000000E+00  0.000000E+00
     1.2500    0.000000E+00  0.000000E+00  0.000000E+00
     1.3000    0.000000E+00  0.000000E+00  0.000000E+00
     1.3500    0.000000E+00  0.000000E+00  0.000000E+00
     1.4000    0.000000E+00  0.000000E+00  0.000000E+00
     1.4500    0.000000E+00  0.000000E+00  0.000000E+00
     1.5000    0.000000E+00  0.000000E+00  0.000000E+00
     1.5500    0.000000E+00  0.000000E+00  0.000000E+00
     1.6000    0.000000E+00  0.000000E+00  0.000000E+00
     1.6500    0.000000E+00  0.000000E+00  0.000000E+00
     1.7000    0.000000E+00  0.000000E+00  0.000000E+00
     1.7500    0.000000E+00  0.000000E+00  0.000000E+00
     1.8000    0.000000E+00  0.000000E+00  0.000000E+00
     1.8500    0.000000E+00  0.000000E+00  0.000000E+00
     1.9000    0.000000E+00  0.000000E+00  0.000000E+00
     1.9500    0.000000E+00  0.000000E+00  0.000000E+00
     2.0000    0.000000E+00  0.000000E+00  0.000000E+00
     2.0500    0.000000E+00  0.000000E+00  0.000000E+00
     2.1000    0.000000E+00  0.000000E+00  0.000000E+00
     2.1500    0.000000E+00  0.000000E+00  0.000000E+00
     2.2000    0.000000E+00  0.000000E+00  0.000000E+00
     2.2500    0.000000E+00  0.000000E+00  0.000000E+00
     2.3000    0.000000E+00  0.000000E+00  0.000000E+00
     2.3500    0.000000E+00  0.000000E+00  0.000000E+00
     2.4000    0.000000E+00  0.000000E+00  0.000000E+00
     2.4500    0.000000E+00  0.000000E+00  0.000000E+00
     2.5000    0.000000E+00  0.000000E+00  0.000000E+00
     2.5500    0.000000E+00  0.000000E+00  0.000000E+00
     2.6000    0.000000E+00  0.000000E+00  0.000000E+00
     2.6500    0.000000E+00  0.000000E+00  0.000000E+00
     2.7000    0.000000E+00  0.000000E+00  0.000000E+00
     2.7500    0.000000E+00  0.000000E+00  0.000000E+00
     2.8000    0.000000E+00  0.000000E+00  0.000000E+00
     2.8500    0.000000E+00  0.000000E+00  0.000000E+00
     2.9000    0.000000E+00  0.000000E+00  0.000000E+00
     2.9500    0.000000E+00  0.000000E+00  0.000000E+00
     3.0000    0.000000E+00  0.000000E+00  0.000000E+00
     3.0500    0.000000E+00  0.000000E+00  0.000000E+00
     3.1000    0.000000E+00  0.000000E+00  0.000000E+00
     3.1500    0.000000E+00  0.000000E+00  0.000000E+00
     3.2000    0.000000E+00  0.000000E+00  0.000000E+00
     3.2500    0.000000E+00  0.000000E+00  0.000000E+00
     3.3000    0.000000E+00  0.000000E+00  0.000000E+00
     3.3500    0.000000E+00  0.000000E+00  0.000000E+00
     3.4000    0.000000E+00  0.000000E+00  0.000000E+00
     3.4500    0.000000E+00  0.000000E+00  0.000000E+00
     3.5000    0.000000E+00  0.000000E+00  0.000000E+00
     3.5500    0.000000E+00  0.000000E+00  0.000000E+00
     3.6000    0.000000E+00  0.000000E+00  0.000000E+00
     3.6500    0.000000E+00  0.000000E+00  0.000000E+00
     3.7000    0.000000E+00  0.000000E+00  0.000000E+00
     3.7500    0.000000E+00  0.000000E+00  0.000000E+00
     3.8000    0.000000E+00  0.000000E+00  0.000000E+00
     3.8500    0.000000E+00  0.000000E+00  0.000000E+00
     3.9000    0.000000E+00  0.000000E+00  0.000000E+00
     3.9500    0.000000E+00  0.000000E+00  0.000000E+00
     4.0000    0.000000E+00  0.000000E+00  0.000000E+00
     4.0500    0.000000E+00  0.000000E+00  0.000000E+00
     4.1000    0.000000E+00  0.000000E+00  0.000000E+00
     4.1500    0.000000E+00  0.000000E+00  0.000000E+00
     4.2000    0.000000E+00  0.000000E+00  0.000000E+00
     4.2500    0.000000E+00  0.000000E+00  0.000000E+00
     4.3000    0.000000E+00  0.000000E+00  0.000000E+00
     4.3500    0.000000E+00  0.000000E+00  0.000000E+00
     4.4000    0.000000E+00  0.000000E+00  0.000000E+00
     4.4500    0.000000E+00  0.000000E+00  0.000000E+00
     4.5000    0.000000E+00  0.000000E+00  0.000000E+00
     4.5500    0.000000E+00  0.000000E+00  0.000000E+00
     4.6000    0.000000E+00  0.000000E+00  0.000000E+00
     4.6500    0.000000E+00  0.000000E+00  0.000000E+00
     4.7000    0.000000E+00  0.000000E+00  0.000000E+00
     4.7500    0.000000E+00  0.000000E+00  0.000000E+00
     4.8000    0.000000E+00  0.000000E+00  0.000000E+00
     4.8500    0.000000E+00  0.000000E+00  0.000000E+00
     4.9000    0.000000E+00  0.000000E+00  0.000000E+00
     4.9500    0.000000E+00  0.000000E+00  0.000000E+00
     5.0000    0.000000E+00  0.000000E+00  0.000000E+00
     5.0500    0.000000E+00  0.000000E+00  0.000000E+00
     5.1000    0.000000E+00  0.000000E+00  0.000000E+00
     5.1500    0.000000E+00  0.000000E+00  0.000000E+00
     5.2000    0.000000E+00  0.000000E+00  0.000000E+00
     5.2500    0.000000E+00  0.000000E+00  0.000000E+00
     5.3000    0.000000E+00  0.000000E+00  0.000000E+00
     5.3500    0.000000E+00  0.000000E+00  0.000000E+00
     5.4000    0.000000E+00  0.000000E+00  0.000000E+00
     5.4500    0.000000E+00  0.000000E+00  0.000000E+00
     5.5000    0.000000E+00  0.000000E+00  0.000000E+00
     5.5500    0.000000E+00  0.000000E+00  0.000000E+00
     5.6000    0.000000E+00  0.000000E+00  0.000000E+00
     5.6500    0.000000E+00  0.000000E+00  0.000000E+00
     5.7000    0.000000E+00  0.000000E+00  0.000000E+00
     5.7500    0.000000E+00  0.000000E+00  0.000000E+00
     5.8000    0.000000E+00  0.000000E+00  0.000000E+00
     5.8500    0.000000E+00  0.000000E+00  0.000000E+00
     5.9000    0.000000E+00  0.000000E+00  0.000000E+00
     5.9500    0.000000E+00  0.000000E+00  0.000000E+00
     6.0000    0.000000E+00  0.000000E+00  0.000000E+00
     6.0500    0.000000E+00  0.000000E+00  0.000000E+00
     6.1000    0.000000E+00  0.000000E+00  0.000000E+00
     6.1500    0.000000E+00  0.000000E+00  0.000000E+00
     6.2000    0.000000E+00  0.000000E+00  0.000000E+00
     6.2500    0.000000E+00  0.000000E+00  0.000000E+00
     6.3000    0.000000E+00  0.000000E+00  0.000000E+00
     6.3500    0.000000E+00  0.000000E+00  0.000000E+00
     6.4000    0.000000E+00  0.000000E+00  0.000000E+00
     6.4500    0.000000E+00  0.000000E+00  0.000000E+00
     6.5000    0.000000E+00  0.000000E+00  0.000000E+00
     6.5500    0.000000E+00  0.000000E+00  0.000000E+00
     6.6000    0.000000E+00  0.000000E+00  0.000000E+00
     6.6500    0.000000E+00  0.000000E+00  0.000000E+00
     6.7000    0.000000E+00  0.000000E+00  0.000000E+00
     6.7500    0.000000E+00  0.000000E+00  0.000000E+00
     6.8000    0.000000E+00  0.000000E+00  0.000000E+00
     6.8500    0.000000E+00  0.000000E+00  0.000000E+00
     6.9000    0.000000E+00  0.000000E+00  0.000000E+00
     6.9500    0.000000E+00  0.000000E+00  0.000000E+00
     7.0000    0.000000E+00  0.000000E+00  0.000000E+00
     7.0500    0.000000E+00  0.000000E+00  0.000000E+00
     7.1000    0.000000E+00  0.000000E+00  0.000000E+00
     7.1500    0.000000E+00  0.000000E+00  0.000000E+00
     7.2000    0.000000E+00  0.000000E+00  0.000000E+00
     7.2500    0.000000E+00  0.000000E+00  0.000000E+00
     7.3000    0.000000E+00  0.000000E+00  0.000000E+00
     7.3500    0.000000E+00  0.000000E+00  0.000000E+00
     7.4000    0.000000E+00  0.000000E+00  0.000000E+00
     7.4500    0.000000E+00  0.000000E+00  0.000000E+00
     7.5000    0.000000E+00  0.000000E+00  0.000000E+00
     7.5500    0.000000E+00  0.000000E+00  0.000000E+00
     7.6000    0.000000E+00  0.000000E+00  0.000000E+00
     7.6500    0.000000E+00  0.000000E+00  0.000000E+00
     7.7000    0.000000E+00  0.000000E+00  0.000000E+00
     7.7500    0.000000E+00  0.000000E+00  0.000000E+00
     7.8000    0.000000E+00  0.000000E+00  0.000000E+00
     7.8500    0.000000E+00  0.000000E+00  0.000000E+00
     7.9000    0.000000E+00  0.000000E+00  0.000000E+00
     7.9500    0.000000E+00  0.000000E+00  0.000000E+00
     8.0000    0.000000E+00  0.000000E+00  0.000000E+00
     8.0500    0.000000E+00  0.000000E+00  0.000000E+00
     8.1000    0.000000E+00  0.000000E+00  0.000000E+00
     8.1500    0.000000E+00  0.000000E+00  0.000000E+00
     8.2000    0.000000E+00  0.000000E+00  0.000000E+00
     8.2500    0.000000E+00  0.000000E+00  0.000000E+00
     8.3000    0.000000E+00  0.000000E+00  0.000000E+00
     8.3500    0.000000E+00  0.000000E+00  0.000000E+00
     8.4000    0.000000E+00  0.000000E+00  0.000000E+00
     8.4500    0.000000E+00  0.000000E+00  0.000000E+00
     8.5000    0.000000E+00  0.000000E+00  0.000000E+00
     8.5500    0.000000E+00  0.000000E+00  0.000000E+00
     8.6000    0.000000E+00  0.000000E+00  0.000000E+00
     8.6500    0.000000E+00  0.000000E+00  0.000000E+00
     8.7000    0.000000E+00  0.000000E+00  0.000000E+00
     8.7500    0.000000E+00  0.000000E+00  0.000000E+00
     8.8000    0.000000E+00  0.000000E+00  0.000000E+00
     8.8500    0.000000E+00  0.000000E+00  0.000000E+00
     8.9000    0.000000E+00  0.000000E+00  0.000000E+00
     8.9500    0.000000E+00  0.000000E+00  0.000000E+00
     9.0000    0.000000E+00  0.000000E+00  0.000000E+00
     9.0500    0.000000E+00  0.000000E+00  0.000000E+00
     9.1000    0.000000E+00  0.000000E+00  0.000000E+00
     9.1500    0.000000E+00  0.000000E+00  0.000000E+00
     9.2000    0.000000E+00  0.000000E+00  0.000000E+00
     9.2500    0.000000E+00  0.000000E+00  0.000000E+00
     9.3000    0.000000E+00  0.000000E+00  0.000000E+00
     9.3500    0.000000E+00  0.000000E+00  0.000000E+00
     9.4000    0.000000E+00  0.000000E+00  0.000000E+00
     9.4500    0.000000E+00  0.000000E+00  0.000000E+00
     9.5000    0.000000E+00  0.000000E+00  0.000000E+00
     9.5500    0.000000E+00  0.000000E+00  0.000000E+00
     9.6000    0.000000E+00  0.000000E+00  0.000000E+00
     9.6500    0.000000E+00  0.000000E+00  0.000000E+00
     9.7000    0.000000E+00  0.000000E+00  0.000000E+00
     9.7500    0.000000E+00  0.000000E+00  0.000000E+00
     9.8000    0.000000E+00  0.000000E+00  0.000000E+00
     9.8500    0.000000E+00  0.000000E+00  0.000000E+00
     9.9000    0.000000E+00  0.000000E+00  0.000000E+00
     9.9500    0.000000E+00  0.000000E+00  0.000000E+00
    10.0000    0.000000E+00  0.000000E+00  0.000000E+00
    10.0500    0.000000E+00  0.000000E+00  0.000000E+00
    10.1000    0.000000E+00  0.000000E+00  0.000000E+00
    10.1500    0.000000E+00  0.000000E+00  0.000000E+00
    10.2000    0.000000E+00  0.000000E+00  0.000000E+00
    10.2500    0.000000E+00  0.000000E+00  0.000000E+00
    10.3000    0.000000E+00  0.000000E+00  0.000000E+00
    10.3500    0.000000E+00  0.000000E+00  0.000000E+00
    10.4000    0.000000E+00  0.000000E+00  0.000000E+00
    10.4500    0.000000E+00  0.000000E+00  0.000000E+00
    10.5000    0.000000E+00  0.000000E+00  0.000000E+00
    10.5500    0.000000E+00  0.000000E+00  0.000000E+00
    10.6000    0.000000E+00  0.000000E+00  0.000000E+00
    10.6500    0.000000E+00  0.000000E+00  0.000000E+00
    10.7000    0.000000E+00  0.000000E+00  0.000000E+00
    10.7500    0.000000E+00  0.000000E+00  0.000000E+00
    10.8000    0.000000E+00  0.000000E+00  0.000000E+00
    10.8500    0.000000E+00  0.000000E+00  0.000000E+00
    10.9000    0.000000E+00  0.000000E+00  0.000000E+00
    10.9500    0.000000E+00  0.000000E+00  0.000000E+00
    11.0000    0.000000E+00  0.000000E+00  0.000000E+00
    11.0500    0.000000E+00  0.000000E+00  0.000000E+00
    11.1000    0.000000E+00  0.000000E+00  0.000000E+00
    11.1500    0.000000E+00  0.000000E+00  0.000000E+00
    11.2000    0.000000E+00  0.000000E+00  0.000000E+00
    11.2500    0.000000E+00  0.000000E+00  0.000000E+00
    11.3000    0.000000E+00  0.000000E+00  0.000000E+00
    11.3500    0.000000E+00  0.000000E+00  0.000000E+00
    11.4000    0.000000E+00  0.000000E+00  0.000000E+00
    11.4500    0.000000E+00  0.000000E+00  0.000000E+00
    11.5000    0.000000E+00  0.000000E+00  0.000000E+00
    11.5500    0.000000E+00  0.000000E+00  0.000000E+00
    11.6000    0.000000E+00  0.000000E+00  0.000000E+00
    11.6500    0.000000E+00  0.000000E+00  0.000000E+00
    11.7000    0.000000E+00  0.000000E+00  0.000000E+00
    11.7500    0.000000E+00  0.000000E+00  0.000000E+00
    11.8000    0.000000E+00  0.000000E+00  0.000000E+00
    11.8500    0.000000E+00  0.000000E+00  0.000000E+00
    11.9000    0.000000E+00  0.000000E+00  0.000000E+00
    11.9500    0.000000E+00  0.000000E+00  0.000000E+00
    12.0000    0.000000E+00  0.000000E+00  0.000000E+00
    12.0500    0.000000E+00  0.000000E+00  0.000000E+00
    12.1000    0.000000E+00  0.000000E+00  0.000000E+00
    12.1500    0.000000E+00  0.000000E+00  0.000000E+00
    12.2000    0.000000E+00  0.000000E+00  0.000000E+00
    12.2500    0.000000E+00  0.000000E+00  0.000000E+00
    12.3000    0.000000E+00  0.000000E+00  0.000000E+00
    12.3500    0.000000E+00  0.000000E+00  0.000000E+00
    12.4000    0.000000E+00  0.000000E+00  0.000000E+00
    12.4500    0.000000E+00  0.000000E+00  0.000000E+00
    12.5000    0.000000E+00  0.000000E+00  0.000000E+00
    12.5500    0.000000E+00  0.000000E+00  0.000000E+00
    12.6000    0.000000E+00  0.000000E+00  0.000000E+00
    12.6500    0.000000E+00  0.000000E+00  0.000000E+00
    12.7000    0.000000E+00  0.000000E+00  0.000000E+00
    12.7500    0.000000E+00  0.000000E+00  0.000000E+00
    12.8000    0.000000E+00  0.000000E+00  0.000000E+00
    12.8500    0.000000E+00  0.000000E+00  0.000000E+00
    12.9000    0.000000E+00  0.000000E+00  0.000000E+00
    12.9500    0.000000E+00  0.000000E+00  0.000000E+00
    13.0000    0.000000E+00  0.000000E+00  0.000000E+00
    13.0500    0.000000E+00  0.000000E+00  0.000000E+00
    13.1000    0.000000E+00  0.000000E+00  0.000000E+00
    13.1500    0.000000E+00  0.000000E+00  0.000000E+00
    13.2000    0.000000E+00  0.000000E+00  0.000000E+00
    13.2500    0.000000E+00  0.000000E+00  0.000000E+00
    13.3000    0.000000E+00  0.000000E+00  0.000000E+00
    13.3500    0.000000E+00  0.000000E+00  0.000000E+00
    13.4000    0.000000E+00  0.000000E+00  0.000000E+00
    13.4500    0.000000E+00  0.000000E+00  0.000000E+00
    13.5000    0.000000E+00  0.000000E+00  0.000000E+00
    13.5500    0.000000E+00  0.000000E+00  0.000000E+00
    13.6000    0.000000E+00  0.000000E+00  0.000000E+00
    13.6500    0.000000E+00  0.000000E+00  0.000000E+00
    13.7000    0.000000E+00  0.000000E+00  0.000000E+00
    13.7500    0.000000E+00  0.000000E+00  0.000000E+00
    13.8000    0.000000E+00  0.000000E+00  0.000000E+00
    13.8500    0.000000E+00  0.000000E+00  0.000000E+00
    13.9000    0.000000E+00  0.000000E+00  0.000000E+00
    13.9500    0.000000E+00  0.000000E+00  0.000000E+00
    14.0000    0.000000E+00  0.000000E+00  0.000000E+00
    14.0500    0.000000E+00  0.000000E+00  0.000000E+00
    14.1000    0.000000E+00  0.000000E+00  0.000000E+00
    14.1500    0.000000E+00  0.000000E+00  0.000000E+00
    14.2000    0.000000E+00  0.000000E+00  0.000000E+00
    14.2500    0.000000E+00  0.000000E+00  0.000000E+00
    14.3000    0.000000E+00  0.000000E+00  0.000000E+00
    14.3500    0.000000E+00  0.000000E+00  0.000000E+00
    14.4000    0.000000E+00  0.000000E+00  0.000000E+00
    14.4500    0.000000E+00  0.000000E+00  0.000000E+00
    14.5000    0.000000E+00  0.000000E+00  0.000000E+00
    14.5500    0.000000E+00  0.000000E+00  0.000000E+00
    14.6000    0.000000E+00  0.000000E+00  0.000000E+00
    14.6500    0.000000E+00  0.000000E+00  0.000000E+00
    14.7000    0.000000E+00  0.000000E+00  0.000000E+00
    14.7500    0.000000E+00  0.000000E+00  0.000000E+00
    14.8000    0.000000E+00  0.000000E+00  0.000000E+00
    14.8500    0.000000E+00  0.000000E+00  0.000000E+00
    14.9000    0.000000E+00  0.000000E+00  0.000000E+00
    14.9500    0.000000E+00  0.000000E+00  0.000000E+00
    15.0000    0.000000E+00  0.000000E+00  0.000000E+00
    15.0500    0.000000E+00  0.000000E+00  0.000000E+00
    15.1000    0.000000E+00  0.000000E+00  0.000000E+00
    15.1500    0.000000E+00  0.000000E+00  0.000000E+00
    15.2000    0.000000E+00  0.000000E+00  0.000000E+00
    15.2500    0.000000E+00  0.000000E+00  0.000000E+00
    15.3000    0.000000E+00  0.000000E+00  0.000000E+00
    15.3500    0.000000E+00  0.000000E+00  0.000000E+00
    15.4000    0.000000E+00  0.000000E+00  0.000000E+00
    15.4500    0.000000E+00  0.000000E+00  0.000000E+00
    15.5000    0.000000E+00  0.000000E+00  0.000000E+00
    15.5500    0.000000E+00  0.000000E+00  0.000000E+00
    15.6000    0.000000E+00  0.000000E+00  0.000000E+00
    15.6500    0.000000E+00  0.000000E+00  0.000000E+00
    15.7000    0.000000E+00  0.000000E+00  0.000000E+00
    15.7500    0.000000E+00  0.000000E+00  0.000000E+00
    15.8000    0.000000E+00  0.000000E+00  0.000000E+00
    15.8500    0.000000E+00  0.000000E+00  0.000000E+00
    15.9000    0.000000E+00  0.000000E+00  0.000000E+00
    15.9500    0.000000E+00  0.000000E+00  0.000000E+00
    16.0000    0.000000E+00  0.000000E+00  0.000000E+00
    16.0500    0.000000E+00  0.000000E+00  0.000000E+00
    16.1000    0.000000E+00  0.000000E+00  0.000000E+00
    16.1500    0.000000E+00  0.000000E+00  0.000000E+00
    16.2000    0.000000E+00  0.000000E+00  0.000000E+00
    16.2500    0.000000E+00  0.000000E+00  0.000000E+00
    16.3000    0.000000E+00  0.000000E+00  0.000000E+00
    16.3500    0.000000E+00  0.000000E+00  0.000000E+00
    16.4000    0.000000E+00  0.000000E+00  0.000000E+00
    16.4500    0.000000E+00  0.000000E+00  0.000000E+00
    16.5000    0.000000E+00  0.000000E+00  0.000000E+00
    16.5500    0.000000E+00  0.000000E+00  0.000000E+00
    16.6000    0.000000E+00  0.000000E+00  0.000000E+00
    16.6500    0.000000E+00  0.000000E+00  0.000000E+00
    16.7000    0.000000E+00  0.000000E+00  0.000000E+00
    16.7500    0.000000E+00  0.000000E+00  0.000000E+00
    16.8000    0.000000E+00  0.000000E+00  0.000000E+00
    16.8500    0.000000E+00  0.000000E+00  0.000000E+00
    16.9000    0.000000E+00  0.000000E+00  0.000000E+00
    16.9500    0.000000E+00  0.000000E+00  0.000000E+00
    17.0000    0.000000E+00  0.000000E+00  0.000000E+00
    17.0500    0.000000E+00  0.000000E+00  0.000000E+00
    17.1000    0.000000E+00  0.000000E+00  0.000000E+00
    17.1500    0.000000E+00  0.000000E+00  0.000000E+00
    17.2000    0.000000E+00  0.000000E+00  0.000000E+00
    17.2500    0.000000E+00  0.000000E+00  0.000000E+00
    17.3000    0.000000E+00  0.000000E+00  0.000000E+00
    17.3500    0.000000E+00  0.000000E+00  0.000000E+00
    17.4000    0.000000E+00  0.000000E+00  0.000000E+00
    17.4500    0.000000E+00  0.000000E+00  0.000000E+00
    17.5000    0.000000E+00  0.000000E+00  0.000000E+00
    17.5500    0.000000E+00  0.000000E+00  0.000000E+00
    17.6000    0.000000E+00  0.000000E+00  0.000000E+00
    17.6500    0.000000E+00  0.000000E+00  0.000000E+00
    17.7000    0.000000E+00  0.000000E+00  0.000000E+00
    17.7500    0.000000E+00  0.000000E+00  0.000000E+00
    17.8000    0.000000E+00  0.000000E+00  0.000000E+00
    17.8500    0.000000E+00  0.000000E+00  0.000000E+00
    17.9000    0.000000E+00  0.000000E+00  0.000000E+00
    17.9500    0.000000E+00  0.000000E+00  0.000000E+00
    18.0000    0.000000E+00  0.000000E+00  0.000000E+00
    18.0500    0.000000E+00  0.000000E+00  0.000000E+00
    18.1000    0.000000E+00  0.000000E+00  0.000000E+00
    18.1500    0.000000E+00  0.000000E+00  0.000000E+00
    18.2000    0.000000E+00  0.000000E+00  0.000000E+00
    18.2500    0.000000E+00  0.000000E+00  0.000000E+00
    18.3000    0.000000E+00  0.000000E+00  0.000000E+00
    18.3500    0.000000E+00  0.000000E+00  0.000000E+00
    18.4000    0.000000E+00  0.000000E+00  0.000000E+00
    18.4500    0.000000E+00  0.000000E+00  0.000000E+00
    18.5000    0.000000E+00  0.000000E+00  0.000000E+00
    18.5500    0.000000E+00  0.000000E+00  0.000000E+00
    18.6000    0.000000E+00  0.000000E+00  0.000000E+00
    18.6500    0.000000E+00  0.000000E+00  0.000000E+00
    18.7000    0.000000E+00  0.000000E+00  0.000000E+00
    18.7500    0.000000E+00  0.000000E+00  0.000000E+00
    18.8000    0.000000E+00  0.000000E+00  0.000000E+00
    18.8500    0.000000E+00  0.000000E+00  0.000000E+00
    18.9000    0.000000E+00  0.000000E+00  0.000000E+00
    18.9500    0.000000E+00  0.000000E+00  0.000000E+00
    19.0000    0.000000E+00  0.000000E+00  0.000000E+00
    19.0500    0.000000E+00  0.000000E+00  0.000000E+00
    19.1000    0.000000E+00  0.000000E+00  0.000000E+00
    19.1500    0.000000E+00  0.000000E+00  0.000000E+00
    19.2000    0.000000E+00  0.000000E+00  0.000000E+00
    19.2500    0.000000E+00  0.000000E+00  0.000000E+00
    19.3000    0.000000E+00  0.000000E+00  0.000000E+00
    19.3500    0.000000E+00  0.000000E+00  0.000000E+00
    19.4000    0.000000E+00  0.000000E+00  0.000000E+00
    19.4500    0.000000E+00  0.000000E+00  0.000000E+00
    19.5000    0.000000E+00  0.000000E+00  0.000000E+00
    19.5500    0.000000E+00  0.000000E+00  0.000000E+00
    19.6000    0.000000E+00  0.000000E+00  0.000000E+00
    19.6500    0.000000E+00  0.000000E+00  0.000000E+00
    19.7000    0.000000E+00  0.000000E+00  0.000000E+00
    19.7500    0.000000E+00  0.000000E+00  0.000000E+00
    19.8000    0.000000E+00  0.000000E+00  0.000000E+00
    19.8500    0.000000E+00  0.000000E+00  0.000000E+00
    19.9000    0.000000E+00  0.000000E+00  0.000000E+00
    19.9500    0.000000E+00  0.000000E+00  0.000000E+00
    20.0000    0.000000E+00  0.000000E+00  0.000000E+00
