   -30.0000     0.1000  1.352088E-04  2.822280E-04  1.008910E-03  1.350381E-04
   -29.5000     0.1000  1.416741E-04  2.876596E-04  1.058612E-03  1.371441E-04
   -29.0000     0.1000  1.487331E-04  2.936200E-04  1.112758E-03  1.393153E-04
   -28.5000     0.1000  1.564649E-04  3.001553E-04  1.171713E-03  1.415548E-04
   -28.0000     0.1000  1.649626E-04  3.073187E-04  1.235901E-03  1.438663E-04
   -27.5000     0.1000  1.743371E-04  3.151717E-04  1.305979E-03  1.462536E-04
   -27.0000     0.1000  1.847213E-04  3.237854E-04  1.382664E-03  1.487209E-04
   -26.5000     0.1000  1.962755E-04  3.332428E-04  1.466805E-03  1.512727E-04
   -26.0000     0.1000  2.091951E-04  3.436413E-04  1.559401E-03  1.539141E-04
   -25.5000     0.1000  2.237207E-04  3.550957E-04  1.661630E-03  1.566500E-04
   -25.0000     0.1000  2.401513E-04  3.677425E-04  1.774905E-03  1.594866E-04
   -24.5000     0.1000  2.588650E-04  3.817442E-04  1.900892E-03  1.624301E-04
   -24.0000     0.1000  2.803404E-04  3.972996E-04  2.041601E-03  1.654879E-04
   -23.5000     0.1000  3.052022E-04  4.146512E-04  2.199455E-03  1.686676E-04
   -23.0000     0.1000  3.342748E-04  4.340987E-04  2.377408E-03  1.719781E-04
   -22.5000     0.1000  3.686727E-04  4.560125E-04  2.579085E-03  1.754295E-04
   -22.0000     0.1000  4.099495E-04  4.808755E-04  2.808975E-03  1.790319E-04
   -21.5000     0.1000  4.604058E-04  5.093059E-04  3.072695E-03  1.827985E-04
   -21.0000     0.1000  5.244622E-04  5.421214E-04  3.377350E-03  1.867434E-04
   -20.5000     0.1000  6.519376E-04  5.804868E-04  3.732037E-03  1.908833E-04
   -20.0000     0.1000  7.066932E-04  6.259653E-04  4.148566E-03  1.952374E-04
   -19.5000     0.1000  8.465366E-04  6.809358E-04  4.642504E-03  1.998289E-04
   -19.0000     0.1000  1.049354E-03  7.491474E-04  5.234745E-03  2.046859E-04
   -18.5000     0.1000  1.365483E-03  8.369812E-04  5.953934E-03  2.098429E-04
   -18.0000     0.1000  1.925510E-03  9.568477E-04  6.840358E-03  2.153484E-04
   -17.5000     0.1000  3.202929E-03  1.139264E-03  7.952740E-03  2.213186E-04
   -17.0000     0.1000  9.804965E-03  1.520443E-03  9.382596E-03  1.150327E-04
   -16.5000     0.1000  5.609016E-02  3.793709E-03  1.133654E-02  2.439573E-04
   -16.0000     0.1000  7.696254E-02  8.696381E-03  1.433488E-02  2.441098E-04
   -15.5000     0.1000  8.648738E-02  1.507317E-02  1.914470E-02  2.578847E-04
   -15.0000     0.1000  9.096149E-02  2.240926E-02  2.700260E-02  2.795183E-04
   -14.5000     0.1000  9.272855E-02  3.038146E-02  4.017186E-02  3.127296E-04
   -14.0000     0.1000  9.291810E-02  3.875242E-02  6.322430E-02  3.615296E-04
   -13.5000     0.1000  9.214707E-02  4.733531E-02  1.065009E-01  4.300948E-04
   -13.0000     0.1000  9.077874E-02  5.597832E-02  1.971966E-01  5.226849E-04
   -12.5000     0.1000  8.903796E-02  6.455644E-02  4.244600E-01  6.435808E-04
   -12.0000     0.1000  8.706908E-02  7.296668E-02  1.203638E+00  7.970361E-04
   -11.5000     0.1000  8.496712E-02  8.112481E-02  5.640043E+00  9.872392E-04
   -11.0000     0.1000  8.279582E-02  8.896294E-02  6.432381E+00  1.218283E-03
   -10.5000     0.1000  8.059850E-02  9.642758E-02  1.711572E+00  1.494142E-03
   -10.0000     0.1000  7.840477E-02  1.034779E-01  7.547339E-01  1.818648E-03
    -9.5000     0.1000  7.623499E-02  1.100844E-01  4.407154E-01  2.195483E-03
    -9.0000     0.1000  7.410301E-02  1.162270E-01  3.003109E-01  2.628159E-03
    -8.5000     0.1000  7.201814E-02  1.218944E-01  2.253358E-01  3.120015E-03
    -8.0000     0.1000  6.998652E-02  1.270824E-01  1.805984E-01  3.674204E-03
    -7.5000     0.1000  6.801196E-02  1.317928E-01  1.518730E-01  4.293692E-03
    -7.0000     0.1000  6.609666E-02  1.360327E-01  1.324940E-01  4.981250E-03
    -6.5000     0.1000  6.424163E-02  1.398133E-01  1.189843E-01  5.739454E-03
    -6.0000     0.1000  6.244703E-02  1.431489E-01  1.093791E-01  6.570682E-03
    -5.5000     0.1000  6.071241E-02  1.460567E-01  1.024934E-01  7.477111E-03
    -5.0000     0.1000  5.903690E-02  1.485556E-01  9.757525E-02  8.460721E-03
    -4.5000     0.1000  5.741934E-02  1.506661E-01  9.412625E-02  9.523289E-03
    -4.0000     0.1000  5.585834E-02  1.524093E-01  9.180379E-02  1.066640E-02
    -3.5000     0.1000  5.435239E-02  1.538070E-01  9.036492E-02  1.189142E-02
    -3.0000     0.1000  5.289991E-02  1.548812E-01  8.963236E-02  1.319957E-02
    -2.5000     0.1000  5.149925E-02  1.556536E-01  8.947356E-02  1.459180E-02
    -2.0000     0.1000  5.014877E-02  1.561456E-01  8.978708E-02  1.606892E-02
    -1.5000     0.1000  4.884683E-02  1.563782E-01  9.049381E-02  1.763154E-02
    -1.0000     0.1000  4.759180E-02  1.563715E-01  9.153065E-02  1.928006E-02
    -0.5000     0.1000  4.638208E-02  1.561451E-01  9.284652E-02  2.101473E-02
     0.0000     0.1000  4.521613E-02  1.557174E-01  9.439931E-02  2.283557E-02
     0.5000     0.1000  4.409244E-02  1.551064E-01  9.615375E-02  2.474245E-02
     1.0000     0.1000  4.300955E-02  1.543287E-01  9.807999E-02  2.673505E-02
     1.5000     0.1000  4.196604E-02  1.534002E-01  1.001523E-01  2.881287E-02
     2.0000     0.1000  4.096055E-02  1.523358E-01  1.023482E-01  3.097522E-02
     2.5000     0.1000  3.999177E-02  1.511496E-01  1.046481E-01  3.322126E-02
     3.0000     0.1000  3.905843E-02  1.498547E-01  1.070343E-01  3.554999E-02
     3.5000     0.1000  3.815932E-02  1.484633E-01  1.094911E-01  3.796019E-02
     4.0000     0.1000  3.729326E-02  1.469868E-01  1.120042E-01  4.045053E-02
     4.5000     0.1000  3.645914E-02  1.454358E-01  1.145607E-01  4.301947E-02
     5.0000     0.1000  3.565587E-02  1.438202E-01  1.171486E-01  4.566535E-02
     5.5000     0.1000  3.488242E-02  1.421489E-01  1.197571E-01  4.838637E-02
     6.0000     0.1000  3.413778E-02  1.404306E-01  1.223760E-01  5.118052E-02
     6.5000     0.1000  3.342099E-02  1.386728E-01  1.249958E-01  5.404567E-02
     7.0000     0.1000  3.273113E-02  1.368827E-01  1.276079E-01  5.697956E-02
     7.5000     0.1000  3.206732E-02  1.350670E-01  1.302041E-01  5.997975E-02
     8.0000     0.1000  3.142869E-02  1.332316E-01  1.327768E-01  6.304371E-02
     8.5000     0.1000  3.081448E-02  1.313821E-01  1.353191E-01  6.616873E-02
     9.0000     0.1000  3.022378E-02  1.295235E-01  1.378242E-01  6.935200E-02
     9.5000     0.1000  2.965589E-02  1.276605E-01  1.402860E-01  7.259059E-02
    10.0000     0.1000  2.911007E-02  1.257974E-01  1.426990E-01  7.588141E-02
    10.5000     0.1000  2.858566E-02  1.239378E-01  1.450577E-01  7.922131E-02
    11.0000     0.1000  2.808188E-02  1.220854E-01  1.473572E-01  8.260698E-02
    11.5000     0.1000  2.759811E-02  1.202433E-01  1.495932E-01  8.603504E-02
    12.0000     0.1000  2.713371E-02  1.184144E-01  1.517614E-01  8.950200E-02
    12.5000     0.1000  2.668806E-02  1.166012E-01  1.538581E-01  9.300430E-02
    13.0000     0.1000  2.626058E-02  1.148061E-01  1.558798E-01  9.653822E-02
    13.5000     0.1000  2.585068E-02  1.130312E-01  1.578234E-01  1.001000E-01
    14.0000     0.1000  2.545780E-02  1.112784E-01  1.596863E-01  1.036859E-01
    14.5000     0.1000  2.508143E-02  1.095493E-01  1.614659E-01  1.072920E-01
    15.0000     0.1000  2.472099E-02  1.078454E-01  1.631601E-01  1.109142E-01
    15.5000     0.1000  2.437601E-02  1.061680E-01  1.647671E-01  1.145487E-01
    16.0000     0.1000  2.404597E-02  1.045183E-01  1.662854E-01  1.181914E-01
    16.5000     0.1000  2.373037E-02  1.028973E-01  1.677137E-01  1.218382E-01
    17.0000     0.1000  2.342888E-02  1.013060E-01  1.690511E-01  1.254849E-01
    17.5000     0.1000  2.314092E-02  9.974486E-02  1.702967E-01  1.291275E-01
    18.0000     0.1000  2.286609E-02  9.821459E-02  1.714504E-01  1.327618E-01
    18.5000     0.1000  2.260397E-02  9.671577E-02  1.725118E-01  1.363837E-01
    19.0000     0.1000  2.235415E-02  9.524881E-02  1.734810E-01  1.399890E-01
    19.5000     0.1000  2.211623E-02  9.381405E-02  1.743583E-01  1.435735E-01
    20.0000     0.1000  2.188982E-02  9.241175E-02  1.751441E-01  1.471332E-01
