 name:     copper                                                 Feff 8.10
 formula:  Cu
 sites:    Cu1
 refer1:   Kittel, ISSP
 refer2:
 schoen:
 notes1:   metal, fcc
 Abs   Z=29 Rmt= 1.407 Rnm= 1.452 K  shell
 Pot 1 Z=29 Rmt= 1.353 Rnm= 1.390
 Gam_ch=1.729E+00 H-L exch
 Mu=-7.603E+00 kf=1.992E+00 Vint=-1.688E+01 Rs_int= 1.821
 S02  1.000                                        Global sig2  0.00000
 Curved wave amplitude ratio filter   4.000%
    file         sig2 tot  cw amp ratio   deg  nlegs   reff  inp sig2
    0/   0 paths used
 xsedge+50, used to normalize mu           2.4566E-04
 -----------------------------------------------------------------------
  e, e(wrt edge), k, mu=(1+chi)*mu0, mu0, chi @#
    8985.149     -7.603   0.000  4.06512E-01  4.06512E-01  0.00000E+00
    8985.158     -7.593   0.050  4.12052E-01  4.12052E-01  0.00000E+00
    8985.187     -7.565   0.100  4.17592E-01  4.17592E-01  0.00000E+00
    8985.234     -7.517   0.150  4.34167E-01  4.34167E-01  0.00000E+00
    8985.301     -7.450   0.200  4.50741E-01  4.50741E-01  0.00000E+00
    8985.387     -7.365   0.250  4.76940E-01  4.76940E-01  0.00000E+00
    8985.491     -7.260   0.300  5.03138E-01  5.03138E-01  0.00000E+00
    8985.615     -7.136   0.350  5.34706E-01  5.34706E-01  0.00000E+00
    8985.758     -6.993   0.400  5.66274E-01  5.66274E-01  0.00000E+00
    8985.920     -6.831   0.450  5.97486E-01  5.97486E-01  0.00000E+00
    8986.101     -6.650   0.500  6.28699E-01  6.28699E-01  0.00000E+00
    8986.301     -6.450   0.550  6.56214E-01  6.56214E-01  0.00000E+00
    8986.520     -6.231   0.600  6.83729E-01  6.83729E-01  0.00000E+00
    8986.758     -5.993   0.650  7.07195E-01  7.07195E-01  0.00000E+00
    8987.015     -5.736   0.700  7.30660E-01  7.30660E-01  0.00000E+00
    8987.292     -5.460   0.750  7.50869E-01  7.50869E-01  0.00000E+00
    8987.587     -5.164   0.800  7.71077E-01  7.71077E-01  0.00000E+00
    8987.901     -4.850   0.850  7.88826E-01  7.88826E-01  0.00000E+00
    8988.235     -4.517   0.900  8.06575E-01  8.06575E-01  0.00000E+00
    8988.587     -4.164   0.950  8.22370E-01  8.22370E-01  0.00000E+00
    8988.959     -3.793   1.000  8.38164E-01  8.38164E-01  0.00000E+00
    8989.349     -3.402   1.050  8.52223E-01  8.52223E-01  0.00000E+00
    8989.759     -2.993   1.100  8.66281E-01  8.66281E-01  0.00000E+00
    8990.187     -2.564   1.150  8.78684E-01  8.78684E-01  0.00000E+00
    8990.635     -2.116   1.200  8.91087E-01  8.91087E-01  0.00000E+00
    8991.102     -1.650   1.250  9.01842E-01  9.01842E-01  0.00000E+00
    8991.587     -1.164   1.300  9.12598E-01  9.12598E-01  0.00000E+00
    8992.092     -0.659   1.350  9.21691E-01  9.21691E-01  0.00000E+00
    8992.616     -0.135   1.400  9.30784E-01  9.30784E-01  0.00000E+00
    8993.159      0.408   1.450  9.38248E-01  9.38248E-01  0.00000E+00
    8993.721      0.970   1.500  9.45711E-01  9.45711E-01  0.00000E+00
    8994.302      1.551   1.550  9.51582E-01  9.51582E-01  0.00000E+00
    8994.902      2.151   1.600  9.57453E-01  9.57453E-01  0.00000E+00
    8995.521      2.770   1.650  9.61827E-01  9.61827E-01  0.00000E+00
    8996.159      3.408   1.700  9.66201E-01  9.66201E-01  0.00000E+00
    8996.817      4.065   1.750  9.69157E-01  9.69157E-01  0.00000E+00
    8997.493      4.742   1.800  9.72113E-01  9.72113E-01  0.00000E+00
    8998.188      5.437   1.850  9.73821E-01  9.73821E-01  0.00000E+00
    8998.903      6.151   1.900  9.75530E-01  9.75530E-01  0.00000E+00
    8999.636      6.885   1.950  9.76153E-01  9.76153E-01  0.00000E+00
    9000.388      7.637   2.000  9.76777E-01  9.76777E-01  0.00000E+00
    9001.160      8.409   2.050  9.75566E-01  9.75566E-01  0.00000E+00
    9001.951      9.199   2.100  9.74356E-01  9.74356E-01  0.00000E+00
    9002.760     10.009   2.150  9.73145E-01  9.73145E-01  0.00000E+00
    9003.589     10.838   2.200  9.71935E-01  9.71935E-01  0.00000E+00
    9004.437     11.685   2.250  9.72956E-01  9.72956E-01  0.00000E+00
    9005.303     12.552   2.300  9.73978E-01  9.73978E-01  0.00000E+00
    9006.189     13.438   2.350  9.74999E-01  9.74999E-01  0.00000E+00
    9007.094     14.343   2.400  9.76021E-01  9.76021E-01  0.00000E+00
    9008.018     15.267   2.450  9.79836E-01  9.79836E-01  0.00000E+00
    9008.961     16.210   2.500  9.83652E-01  9.83652E-01  0.00000E+00
    9009.923     17.172   2.550  9.87467E-01  9.87467E-01  0.00000E+00
    9010.904     18.153   2.600  9.91283E-01  9.91283E-01  0.00000E+00
    9011.904     19.153   2.650  9.91688E-01  9.91688E-01  0.00000E+00
    9012.923     20.172   2.700  9.92092E-01  9.92092E-01  0.00000E+00
    9013.962     21.210   2.750  9.92497E-01  9.92497E-01  0.00000E+00
    9015.019     22.268   2.800  9.92902E-01  9.92902E-01  0.00000E+00
    9016.095     23.344   2.850  9.93191E-01  9.93191E-01  0.00000E+00
    9017.191     24.439   2.900  9.93480E-01  9.93480E-01  0.00000E+00
    9018.305     25.554   2.950  9.93769E-01  9.93769E-01  0.00000E+00
    9019.438     26.687   3.000  9.94058E-01  9.94058E-01  0.00000E+00
    9020.591     27.840   3.050  9.94175E-01  9.94175E-01  0.00000E+00
    9021.762     29.011   3.100  9.94293E-01  9.94293E-01  0.00000E+00
    9022.953     30.202   3.150  9.94410E-01  9.94410E-01  0.00000E+00
    9024.163     31.412   3.200  9.94527E-01  9.94527E-01  0.00000E+00
    9025.391     32.640   3.250  9.94701E-01  9.94701E-01  0.00000E+00
    9026.639     33.888   3.300  9.94874E-01  9.94874E-01  0.00000E+00
    9027.906     35.155   3.350  9.95047E-01  9.95047E-01  0.00000E+00
    9029.192     36.441   3.400  9.95220E-01  9.95220E-01  0.00000E+00
    9030.497     37.746   3.450  9.95727E-01  9.95727E-01  0.00000E+00
    9031.821     39.070   3.500  9.96233E-01  9.96233E-01  0.00000E+00
    9033.164     40.413   3.550  9.96739E-01  9.96739E-01  0.00000E+00
    9034.526     41.775   3.600  9.97245E-01  9.97245E-01  0.00000E+00
    9035.907     43.156   3.650  9.97913E-01  9.97913E-01  0.00000E+00
    9037.307     44.556   3.700  9.98581E-01  9.98581E-01  0.00000E+00
    9038.726     45.975   3.750  9.99249E-01  9.99249E-01  0.00000E+00
    9040.165     47.414   3.800  9.99917E-01  9.99917E-01  0.00000E+00
    9041.622     48.871   3.850  1.00083E+00  1.00083E+00  0.00000E+00
    9043.098     50.347   3.900  1.00174E+00  1.00174E+00  0.00000E+00
    9044.594     51.843   3.950  1.00265E+00  1.00265E+00  0.00000E+00
    9046.108     53.357   4.000  1.00357E+00  1.00357E+00  0.00000E+00
    9047.642     54.891   4.050  1.00442E+00  1.00442E+00  0.00000E+00
    9049.194     56.443   4.100  1.00527E+00  1.00527E+00  0.00000E+00
    9050.766     58.015   4.150  1.00612E+00  1.00612E+00  0.00000E+00
    9052.357     59.605   4.200  1.00698E+00  1.00698E+00  0.00000E+00
    9053.966     61.215   4.250  1.00778E+00  1.00778E+00  0.00000E+00
    9055.595     62.844   4.300  1.00858E+00  1.00858E+00  0.00000E+00
    9057.243     64.492   4.350  1.00939E+00  1.00939E+00  0.00000E+00
    9058.910     66.159   4.400  1.01019E+00  1.01019E+00  0.00000E+00
    9060.596     67.845   4.450  1.01081E+00  1.01081E+00  0.00000E+00
    9062.301     69.550   4.500  1.01142E+00  1.01142E+00  0.00000E+00
    9064.025     71.274   4.550  1.01203E+00  1.01203E+00  0.00000E+00
    9065.768     73.017   4.600  1.01265E+00  1.01265E+00  0.00000E+00
    9067.530     74.779   4.650  1.01298E+00  1.01298E+00  0.00000E+00
    9069.311     76.560   4.700  1.01331E+00  1.01331E+00  0.00000E+00
    9071.111     78.360   4.750  1.01364E+00  1.01364E+00  0.00000E+00
    9072.931     80.179   4.800  1.01397E+00  1.01397E+00  0.00000E+00
    9074.769     82.018   4.850  1.01409E+00  1.01409E+00  0.00000E+00
    9076.626     83.875   4.900  1.01420E+00  1.01420E+00  0.00000E+00
    9078.503     85.751   4.950  1.01431E+00  1.01431E+00  0.00000E+00
    9080.398     87.647   5.000  1.01442E+00  1.01442E+00  0.00000E+00
    9082.313     89.561   5.050  1.01419E+00  1.01419E+00  0.00000E+00
    9084.246     91.495   5.100  1.01395E+00  1.01395E+00  0.00000E+00
    9086.199     93.448   5.150  1.01371E+00  1.01371E+00  0.00000E+00
    9088.171     95.419   5.200  1.01347E+00  1.01347E+00  0.00000E+00
    9090.161     97.410   5.250  1.01296E+00  1.01296E+00  0.00000E+00
    9092.171     99.420   5.300  1.01245E+00  1.01245E+00  0.00000E+00
    9094.200    101.449   5.350  1.01194E+00  1.01194E+00  0.00000E+00
    9096.248    103.496   5.400  1.01143E+00  1.01143E+00  0.00000E+00
    9098.315    105.563   5.450  1.01091E+00  1.01091E+00  0.00000E+00
    9100.401    107.649   5.500  1.01039E+00  1.01039E+00  0.00000E+00
    9102.506    109.754   5.550  1.00986E+00  1.00986E+00  0.00000E+00
    9104.630    111.878   5.600  1.00934E+00  1.00934E+00  0.00000E+00
    9106.773    114.022   5.650  1.00868E+00  1.00868E+00  0.00000E+00
    9108.935    116.184   5.700  1.00802E+00  1.00802E+00  0.00000E+00
    9111.116    118.365   5.750  1.00736E+00  1.00736E+00  0.00000E+00
    9113.316    120.565   5.800  1.00670E+00  1.00670E+00  0.00000E+00
    9115.536    122.785   5.850  1.00596E+00  1.00596E+00  0.00000E+00
    9117.774    125.023   5.900  1.00521E+00  1.00521E+00  0.00000E+00
    9120.031    127.280   5.950  1.00447E+00  1.00447E+00  0.00000E+00
    9122.308    129.557   6.000  1.00372E+00  1.00372E+00  0.00000E+00
    9124.603    131.852   6.050  1.00317E+00  1.00317E+00  0.00000E+00
    9126.918    134.167   6.100  1.00262E+00  1.00262E+00  0.00000E+00
    9129.252    136.500   6.150  1.00207E+00  1.00207E+00  0.00000E+00
    9131.604    138.853   6.200  1.00151E+00  1.00151E+00  0.00000E+00
    9133.976    141.225   6.250  1.00096E+00  1.00096E+00  0.00000E+00
    9136.367    143.616   6.300  1.00041E+00  1.00041E+00  0.00000E+00
    9138.777    146.025   6.350  9.99859E-01  9.99859E-01  0.00000E+00
    9141.205    148.454   6.400  9.99307E-01  9.99307E-01  0.00000E+00
    9143.653    150.902   6.450  9.98756E-01  9.98756E-01  0.00000E+00
    9146.120    153.369   6.500  9.98204E-01  9.98204E-01  0.00000E+00
    9148.606    155.855   6.550  9.97751E-01  9.97751E-01  0.00000E+00
    9151.111    158.360   6.600  9.97298E-01  9.97298E-01  0.00000E+00
    9153.636    160.884   6.650  9.96844E-01  9.96844E-01  0.00000E+00
    9156.179    163.428   6.700  9.96391E-01  9.96391E-01  0.00000E+00
    9158.741    165.990   6.750  9.95938E-01  9.95938E-01  0.00000E+00
    9161.322    168.571   6.800  9.95485E-01  9.95485E-01  0.00000E+00
    9163.923    171.171   6.850  9.95032E-01  9.95032E-01  0.00000E+00
    9166.542    173.791   6.900  9.94579E-01  9.94579E-01  0.00000E+00
    9169.180    176.429   6.950  9.94126E-01  9.94126E-01  0.00000E+00
    9171.838    179.087   7.000  9.93673E-01  9.93673E-01  0.00000E+00
    9174.514    181.763   7.050  9.93043E-01  9.93043E-01  0.00000E+00
    9177.210    184.459   7.100  9.92413E-01  9.92413E-01  0.00000E+00
    9179.924    187.173   7.150  9.91782E-01  9.91782E-01  0.00000E+00
    9182.658    189.907   7.200  9.91152E-01  9.91152E-01  0.00000E+00
    9185.411    192.660   7.250  9.90522E-01  9.90522E-01  0.00000E+00
    9188.183    195.431   7.300  9.89892E-01  9.89892E-01  0.00000E+00
    9190.973    198.222   7.350  9.89262E-01  9.89262E-01  0.00000E+00
    9193.783    201.032   7.400  9.88632E-01  9.88632E-01  0.00000E+00
    9196.612    203.861   7.450  9.88002E-01  9.88002E-01  0.00000E+00
    9199.460    206.709   7.500  9.87372E-01  9.87372E-01  0.00000E+00
    9202.327    209.576   7.550  9.86416E-01  9.86416E-01  0.00000E+00
    9205.213    212.462   7.600  9.85459E-01  9.85459E-01  0.00000E+00
    9208.118    215.367   7.650  9.84502E-01  9.84502E-01  0.00000E+00
    9211.042    218.291   7.700  9.83546E-01  9.83546E-01  0.00000E+00
    9213.986    221.235   7.750  9.82589E-01  9.82589E-01  0.00000E+00
    9216.948    224.197   7.800  9.81633E-01  9.81633E-01  0.00000E+00
    9219.929    227.178   7.850  9.80676E-01  9.80676E-01  0.00000E+00
    9222.930    230.178   7.900  9.79720E-01  9.79720E-01  0.00000E+00
    9225.949    233.198   7.950  9.78763E-01  9.78763E-01  0.00000E+00
    9228.988    236.236   8.000  9.77807E-01  9.77807E-01  0.00000E+00
    9232.045    239.294   8.050  9.76671E-01  9.76671E-01  0.00000E+00
    9235.122    242.370   8.100  9.75535E-01  9.75535E-01  0.00000E+00
    9238.217    245.466   8.150  9.74400E-01  9.74400E-01  0.00000E+00
    9241.332    248.581   8.200  9.73264E-01  9.73264E-01  0.00000E+00
    9244.466    251.714   8.250  9.72128E-01  9.72128E-01  0.00000E+00
    9247.618    254.867   8.300  9.70993E-01  9.70993E-01  0.00000E+00
    9250.790    258.039   8.350  9.69857E-01  9.69857E-01  0.00000E+00
    9253.981    261.230   8.400  9.68721E-01  9.68721E-01  0.00000E+00
    9257.191    264.440   8.450  9.67586E-01  9.67586E-01  0.00000E+00
    9260.420    267.669   8.500  9.66450E-01  9.66450E-01  0.00000E+00
    9263.668    270.917   8.550  9.65441E-01  9.65441E-01  0.00000E+00
    9266.935    274.184   8.600  9.64433E-01  9.64433E-01  0.00000E+00
    9270.221    277.470   8.650  9.63424E-01  9.63424E-01  0.00000E+00
    9273.526    280.775   8.700  9.62415E-01  9.62415E-01  0.00000E+00
    9276.850    284.099   8.750  9.61406E-01  9.61406E-01  0.00000E+00
    9280.194    287.443   8.800  9.60398E-01  9.60398E-01  0.00000E+00
    9283.556    290.805   8.850  9.59389E-01  9.59389E-01  0.00000E+00
    9286.937    294.186   8.900  9.58380E-01  9.58380E-01  0.00000E+00
    9290.338    297.587   8.950  9.57372E-01  9.57372E-01  0.00000E+00
    9293.757    301.006   9.000  9.56363E-01  9.56363E-01  0.00000E+00
    9297.196    304.445   9.050  9.56723E-01  9.56723E-01  0.00000E+00
    9300.653    307.902   9.100  9.57083E-01  9.57083E-01  0.00000E+00
    9304.130    311.379   9.150  9.57444E-01  9.57444E-01  0.00000E+00
    9307.626    314.874   9.200  9.57804E-01  9.57804E-01  0.00000E+00
    9311.140    318.389   9.250  9.58164E-01  9.58164E-01  0.00000E+00
    9314.674    321.923   9.300  9.58525E-01  9.58525E-01  0.00000E+00
    9318.227    325.476   9.350  9.58885E-01  9.58885E-01  0.00000E+00
    9321.799    329.048   9.400  9.59245E-01  9.59245E-01  0.00000E+00
    9325.390    332.638   9.450  9.59606E-01  9.59606E-01  0.00000E+00
    9329.000    336.248   9.500  9.59966E-01  9.59966E-01  0.00000E+00
    9332.629    339.877   9.550  9.58451E-01  9.58451E-01  0.00000E+00
    9336.277    343.525   9.600  9.56937E-01  9.56937E-01  0.00000E+00
    9339.944    347.193   9.650  9.55422E-01  9.55422E-01  0.00000E+00
    9343.630    350.879   9.700  9.53908E-01  9.53908E-01  0.00000E+00
    9347.335    354.584   9.750  9.52393E-01  9.52393E-01  0.00000E+00
    9351.059    358.308   9.800  9.50879E-01  9.50879E-01  0.00000E+00
    9354.803    362.052   9.850  9.49364E-01  9.49364E-01  0.00000E+00
    9358.565    365.814   9.900  9.47850E-01  9.47850E-01  0.00000E+00
    9362.346    369.595   9.950  9.46335E-01  9.46335E-01  0.00000E+00
    9366.147    373.396  10.000  9.44821E-01  9.44821E-01  0.00000E+00
    9369.966    377.215  10.050  9.41976E-01  9.41976E-01  0.00000E+00
    9373.805    381.054  10.100  9.39132E-01  9.39132E-01  0.00000E+00
    9377.663    384.911  10.150  9.36288E-01  9.36288E-01  0.00000E+00
    9381.539    388.788  10.200  9.33444E-01  9.33444E-01  0.00000E+00
    9385.435    392.684  10.250  9.30599E-01  9.30599E-01  0.00000E+00
    9389.350    396.599  10.300  9.27755E-01  9.27755E-01  0.00000E+00
    9393.284    400.532  10.350  9.24911E-01  9.24911E-01  0.00000E+00
    9397.236    404.485  10.400  9.22067E-01  9.22067E-01  0.00000E+00
    9401.208    408.457  10.450  9.19222E-01  9.19222E-01  0.00000E+00
    9405.199    412.448  10.500  9.16378E-01  9.16378E-01  0.00000E+00
    9409.209    416.458  10.550  9.13534E-01  9.13534E-01  0.00000E+00
    9413.238    420.487  10.600  9.10689E-01  9.10689E-01  0.00000E+00
    9417.286    424.535  10.650  9.07845E-01  9.07845E-01  0.00000E+00
    9421.354    428.602  10.700  9.05001E-01  9.05001E-01  0.00000E+00
    9425.440    432.689  10.750  9.02157E-01  9.02157E-01  0.00000E+00
    9429.545    436.794  10.800  8.99312E-01  8.99312E-01  0.00000E+00
    9433.669    440.918  10.850  8.96468E-01  8.96468E-01  0.00000E+00
    9437.813    445.062  10.900  8.93624E-01  8.93624E-01  0.00000E+00
    9441.975    449.224  10.950  8.90780E-01  8.90780E-01  0.00000E+00
    9446.157    453.405  11.000  8.87935E-01  8.87935E-01  0.00000E+00
    9450.357    457.606  11.050  8.86694E-01  8.86694E-01  0.00000E+00
    9454.577    461.826  11.100  8.85453E-01  8.85453E-01  0.00000E+00
    9458.815    466.064  11.150  8.84212E-01  8.84212E-01  0.00000E+00
    9463.073    470.322  11.200  8.82971E-01  8.82971E-01  0.00000E+00
    9467.350    474.598  11.250  8.81730E-01  8.81730E-01  0.00000E+00
    9471.645    478.894  11.300  8.80489E-01  8.80489E-01  0.00000E+00
    9475.960    483.209  11.350  8.79248E-01  8.79248E-01  0.00000E+00
    9480.294    487.543  11.400  8.78007E-01  8.78007E-01  0.00000E+00
    9484.647    491.896  11.450  8.76766E-01  8.76766E-01  0.00000E+00
    9489.019    496.268  11.500  8.75525E-01  8.75525E-01  0.00000E+00
    9493.410    500.659  11.550  8.74284E-01  8.74284E-01  0.00000E+00
    9497.820    505.069  11.600  8.73042E-01  8.73042E-01  0.00000E+00
    9502.249    509.498  11.650  8.71801E-01  8.71801E-01  0.00000E+00
    9506.697    513.946  11.700  8.70560E-01  8.70560E-01  0.00000E+00
    9511.164    518.413  11.750  8.69319E-01  8.69319E-01  0.00000E+00
    9515.651    522.900  11.800  8.68078E-01  8.68078E-01  0.00000E+00
    9520.156    527.405  11.850  8.66837E-01  8.66837E-01  0.00000E+00
    9524.680    531.929  11.900  8.65596E-01  8.65596E-01  0.00000E+00
    9529.224    536.473  11.950  8.64355E-01  8.64355E-01  0.00000E+00
    9533.786    541.035  12.000  8.63114E-01  8.63114E-01  0.00000E+00
    9538.368    545.617  12.050  8.63623E-01  8.63623E-01  0.00000E+00
    9542.968    550.217  12.100  8.64133E-01  8.64133E-01  0.00000E+00
    9547.588    554.837  12.150  8.64642E-01  8.64642E-01  0.00000E+00
    9552.227    559.475  12.200  8.65152E-01  8.65152E-01  0.00000E+00
    9556.884    564.133  12.250  8.65661E-01  8.65661E-01  0.00000E+00
    9561.561    568.810  12.300  8.66171E-01  8.66171E-01  0.00000E+00
    9566.257    573.506  12.350  8.66680E-01  8.66680E-01  0.00000E+00
    9570.972    578.221  12.400  8.67190E-01  8.67190E-01  0.00000E+00
    9575.706    582.954  12.450  8.67699E-01  8.67699E-01  0.00000E+00
    9580.459    587.707  12.500  8.68209E-01  8.68209E-01  0.00000E+00
    9585.231    592.479  12.550  8.68718E-01  8.68718E-01  0.00000E+00
    9590.022    597.270  12.600  8.69228E-01  8.69228E-01  0.00000E+00
    9594.832    602.081  12.650  8.69737E-01  8.69737E-01  0.00000E+00
    9599.661    606.910  12.700  8.70247E-01  8.70247E-01  0.00000E+00
    9604.509    611.758  12.750  8.70756E-01  8.70756E-01  0.00000E+00
    9609.376    616.625  12.800  8.71266E-01  8.71266E-01  0.00000E+00
    9614.263    621.511  12.850  8.71775E-01  8.71775E-01  0.00000E+00
    9619.168    626.417  12.900  8.72285E-01  8.72285E-01  0.00000E+00
    9624.092    631.341  12.950  8.72794E-01  8.72794E-01  0.00000E+00
    9629.036    636.285  13.000  8.73304E-01  8.73304E-01  0.00000E+00
    9633.998    641.247  13.050  8.73502E-01  8.73502E-01  0.00000E+00
    9638.980    646.229  13.100  8.73701E-01  8.73701E-01  0.00000E+00
    9643.981    651.229  13.150  8.73900E-01  8.73900E-01  0.00000E+00
    9649.000    656.249  13.200  8.74099E-01  8.74099E-01  0.00000E+00
    9654.039    661.288  13.250  8.74298E-01  8.74298E-01  0.00000E+00
    9659.097    666.345  13.300  8.74496E-01  8.74496E-01  0.00000E+00
    9664.173    671.422  13.350  8.74695E-01  8.74695E-01  0.00000E+00
    9669.269    676.518  13.400  8.74894E-01  8.74894E-01  0.00000E+00
    9674.384    681.633  13.450  8.75093E-01  8.75093E-01  0.00000E+00
    9679.518    686.767  13.500  8.75292E-01  8.75292E-01  0.00000E+00
    9684.671    691.920  13.550  8.75491E-01  8.75491E-01  0.00000E+00
    9689.843    697.092  13.600  8.75689E-01  8.75689E-01  0.00000E+00
    9695.034    702.283  13.650  8.75888E-01  8.75888E-01  0.00000E+00
    9700.244    707.493  13.700  8.76087E-01  8.76087E-01  0.00000E+00
    9705.474    712.722  13.750  8.76286E-01  8.76286E-01  0.00000E+00
    9710.722    717.971  13.800  8.76485E-01  8.76485E-01  0.00000E+00
    9715.989    723.238  13.850  8.76683E-01  8.76683E-01  0.00000E+00
    9721.276    728.524  13.900  8.76882E-01  8.76882E-01  0.00000E+00
    9726.581    733.830  13.950  8.77081E-01  8.77081E-01  0.00000E+00
    9731.905    739.154  14.000  8.77280E-01  8.77280E-01  0.00000E+00
    9737.249    744.498  14.050  8.75701E-01  8.75701E-01  0.00000E+00
    9742.611    749.860  14.100  8.74122E-01  8.74122E-01  0.00000E+00
    9747.993    755.242  14.150  8.72543E-01  8.72543E-01  0.00000E+00
    9753.394    760.643  14.200  8.70964E-01  8.70964E-01  0.00000E+00
    9758.813    766.062  14.250  8.69385E-01  8.69385E-01  0.00000E+00
    9764.252    771.501  14.300  8.67806E-01  8.67806E-01  0.00000E+00
    9769.710    776.959  14.350  8.66227E-01  8.66227E-01  0.00000E+00
    9775.187    782.436  14.400  8.64648E-01  8.64648E-01  0.00000E+00
    9780.683    787.932  14.450  8.63069E-01  8.63069E-01  0.00000E+00
    9786.198    793.447  14.500  8.61490E-01  8.61490E-01  0.00000E+00
    9791.732    798.981  14.550  8.59911E-01  8.59911E-01  0.00000E+00
    9797.285    804.534  14.600  8.58332E-01  8.58332E-01  0.00000E+00
    9802.857    810.106  14.650  8.56753E-01  8.56753E-01  0.00000E+00
    9808.448    815.697  14.700  8.55174E-01  8.55174E-01  0.00000E+00
    9814.058    821.307  14.750  8.53595E-01  8.53595E-01  0.00000E+00
    9819.687    826.936  14.800  8.52016E-01  8.52016E-01  0.00000E+00
    9825.336    832.585  14.850  8.50437E-01  8.50437E-01  0.00000E+00
    9831.003    838.252  14.900  8.48858E-01  8.48858E-01  0.00000E+00
    9836.690    843.938  14.950  8.47279E-01  8.47279E-01  0.00000E+00
    9842.395    849.644  15.000  8.45700E-01  8.45700E-01  0.00000E+00
    9848.119    855.368  15.050  8.43589E-01  8.43589E-01  0.00000E+00
    9853.863    861.112  15.100  8.41478E-01  8.41478E-01  0.00000E+00
    9859.626    866.874  15.150  8.39368E-01  8.39368E-01  0.00000E+00
    9865.407    872.656  15.200  8.37257E-01  8.37257E-01  0.00000E+00
    9871.208    878.457  15.250  8.35146E-01  8.35146E-01  0.00000E+00
    9877.028    884.277  15.300  8.33035E-01  8.33035E-01  0.00000E+00
    9882.867    890.115  15.350  8.30924E-01  8.30924E-01  0.00000E+00
    9888.724    895.973  15.400  8.28813E-01  8.28813E-01  0.00000E+00
    9894.601    901.850  15.450  8.26702E-01  8.26702E-01  0.00000E+00
    9900.497    907.746  15.500  8.24591E-01  8.24591E-01  0.00000E+00
    9906.412    913.661  15.550  8.22481E-01  8.22481E-01  0.00000E+00
    9912.346    919.595  15.600  8.20370E-01  8.20370E-01  0.00000E+00
    9918.299    925.548  15.650  8.18259E-01  8.18259E-01  0.00000E+00
    9924.272    931.520  15.700  8.16148E-01  8.16148E-01  0.00000E+00
    9930.263    937.512  15.750  8.14037E-01  8.14037E-01  0.00000E+00
    9936.273    943.522  15.800  8.11926E-01  8.11926E-01  0.00000E+00
    9942.302    949.551  15.850  8.09815E-01  8.09815E-01  0.00000E+00
    9948.351    955.599  15.900  8.07705E-01  8.07705E-01  0.00000E+00
    9954.418    961.667  15.950  8.05594E-01  8.05594E-01  0.00000E+00
    9960.504    967.753  16.000  8.03483E-01  8.03483E-01  0.00000E+00
    9966.610    973.859  16.050  8.01510E-01  8.01510E-01  0.00000E+00
    9972.735    979.983  16.100  7.99537E-01  7.99537E-01  0.00000E+00
    9978.878    986.127  16.150  7.97564E-01  7.97564E-01  0.00000E+00
    9985.041    992.290  16.200  7.95591E-01  7.95591E-01  0.00000E+00
    9991.222    998.471  16.250  7.93618E-01  7.93618E-01  0.00000E+00
    9997.423   1004.672  16.300  7.91645E-01  7.91645E-01  0.00000E+00
   10003.643   1010.892  16.350  7.89672E-01  7.89672E-01  0.00000E+00
   10009.882   1017.131  16.400  7.87699E-01  7.87699E-01  0.00000E+00
   10016.140   1023.389  16.450  7.85726E-01  7.85726E-01  0.00000E+00
   10022.417   1029.666  16.500  7.83753E-01  7.83753E-01  0.00000E+00
   10028.713   1035.962  16.550  7.81781E-01  7.81781E-01  0.00000E+00
   10035.028   1042.277  16.600  7.79808E-01  7.79808E-01  0.00000E+00
   10041.362   1048.611  16.650  7.77835E-01  7.77835E-01  0.00000E+00
   10047.715   1054.964  16.700  7.75862E-01  7.75862E-01  0.00000E+00
   10054.087   1061.336  16.750  7.73889E-01  7.73889E-01  0.00000E+00
   10060.478   1067.727  16.800  7.71916E-01  7.71916E-01  0.00000E+00
   10066.889   1074.138  16.850  7.69943E-01  7.69943E-01  0.00000E+00
   10073.318   1080.567  16.900  7.67970E-01  7.67970E-01  0.00000E+00
   10079.767   1087.015  16.950  7.65997E-01  7.65997E-01  0.00000E+00
   10086.234   1093.483  17.000  7.64024E-01  7.64024E-01  0.00000E+00
   10092.720   1099.969  17.050  7.63132E-01  7.63132E-01  0.00000E+00
   10099.226   1106.475  17.100  7.62239E-01  7.62239E-01  0.00000E+00
   10105.751   1112.999  17.150  7.61347E-01  7.61347E-01  0.00000E+00
   10112.294   1119.543  17.200  7.60454E-01  7.60454E-01  0.00000E+00
   10118.857   1126.106  17.250  7.59562E-01  7.59562E-01  0.00000E+00
   10125.439   1132.688  17.300  7.58669E-01  7.58669E-01  0.00000E+00
   10132.039   1139.288  17.350  7.57777E-01  7.57777E-01  0.00000E+00
   10138.659   1145.908  17.400  7.56884E-01  7.56884E-01  0.00000E+00
   10145.298   1152.547  17.450  7.55991E-01  7.55991E-01  0.00000E+00
   10151.956   1159.205  17.500  7.55099E-01  7.55099E-01  0.00000E+00
   10158.633   1165.882  17.550  7.54206E-01  7.54206E-01  0.00000E+00
   10165.329   1172.578  17.600  7.53314E-01  7.53314E-01  0.00000E+00
   10172.044   1179.293  17.650  7.52421E-01  7.52421E-01  0.00000E+00
   10178.778   1186.027  17.700  7.51529E-01  7.51529E-01  0.00000E+00
   10185.532   1192.780  17.750  7.50636E-01  7.50636E-01  0.00000E+00
   10192.304   1199.553  17.800  7.49744E-01  7.49744E-01  0.00000E+00
   10199.095   1206.344  17.850  7.48851E-01  7.48851E-01  0.00000E+00
   10205.906   1213.154  17.900  7.47959E-01  7.47959E-01  0.00000E+00
   10212.735   1219.984  17.950  7.47066E-01  7.47066E-01  0.00000E+00
   10219.583   1226.832  18.000  7.46174E-01  7.46174E-01  0.00000E+00
   10226.451   1233.700  18.050  7.46364E-01  7.46364E-01  0.00000E+00
   10233.337   1240.586  18.100  7.46554E-01  7.46554E-01  0.00000E+00
   10240.243   1247.492  18.150  7.46744E-01  7.46744E-01  0.00000E+00
   10247.168   1254.417  18.200  7.46934E-01  7.46934E-01  0.00000E+00
   10254.111   1261.360  18.250  7.47124E-01  7.47124E-01  0.00000E+00
   10261.074   1268.323  18.300  7.47314E-01  7.47314E-01  0.00000E+00
   10268.056   1275.305  18.350  7.47504E-01  7.47504E-01  0.00000E+00
   10275.057   1282.306  18.400  7.47694E-01  7.47694E-01  0.00000E+00
   10282.077   1289.325  18.450  7.47884E-01  7.47884E-01  0.00000E+00
   10289.116   1296.364  18.500  7.48074E-01  7.48074E-01  0.00000E+00
   10296.174   1303.422  18.550  7.48264E-01  7.48264E-01  0.00000E+00
   10303.251   1310.499  18.600  7.48454E-01  7.48454E-01  0.00000E+00
   10310.347   1317.596  18.650  7.48644E-01  7.48644E-01  0.00000E+00
   10317.462   1324.711  18.700  7.48834E-01  7.48834E-01  0.00000E+00
   10324.596   1331.845  18.750  7.49024E-01  7.49024E-01  0.00000E+00
   10331.749   1338.998  18.800  7.49214E-01  7.49214E-01  0.00000E+00
   10338.922   1346.170  18.850  7.49405E-01  7.49405E-01  0.00000E+00
   10346.113   1353.362  18.900  7.49595E-01  7.49595E-01  0.00000E+00
   10353.323   1360.572  18.950  7.49785E-01  7.49785E-01  0.00000E+00
   10360.553   1367.802  19.000  7.49975E-01  7.49975E-01  0.00000E+00
   10367.801   1375.050  19.050  7.49401E-01  7.49401E-01  0.00000E+00
   10375.069   1382.318  19.100  7.48828E-01  7.48828E-01  0.00000E+00
   10382.355   1389.604  19.150  7.48254E-01  7.48254E-01  0.00000E+00
   10389.661   1396.910  19.200  7.47681E-01  7.47681E-01  0.00000E+00
   10396.986   1404.235  19.250  7.47108E-01  7.47108E-01  0.00000E+00
   10404.330   1411.578  19.300  7.46534E-01  7.46534E-01  0.00000E+00
   10411.692   1418.941  19.350  7.45961E-01  7.45961E-01  0.00000E+00
   10419.074   1426.323  19.400  7.45387E-01  7.45387E-01  0.00000E+00
   10426.475   1433.724  19.450  7.44814E-01  7.44814E-01  0.00000E+00
   10433.895   1441.144  19.500  7.44241E-01  7.44241E-01  0.00000E+00
   10441.334   1448.583  19.550  7.43667E-01  7.43667E-01  0.00000E+00
   10448.792   1456.041  19.600  7.43094E-01  7.43094E-01  0.00000E+00
   10456.269   1463.518  19.650  7.42520E-01  7.42520E-01  0.00000E+00
   10463.765   1471.014  19.700  7.41947E-01  7.41947E-01  0.00000E+00
   10471.280   1478.529  19.750  7.41374E-01  7.41374E-01  0.00000E+00
   10478.815   1486.064  19.800  7.40800E-01  7.40800E-01  0.00000E+00
   10486.368   1493.617  19.850  7.40227E-01  7.40227E-01  0.00000E+00
   10493.940   1501.189  19.900  7.39653E-01  7.39653E-01  0.00000E+00
   10501.532   1508.781  19.950  7.39080E-01  7.39080E-01  0.00000E+00
   10509.142   1516.391  20.000  7.38507E-01  7.38507E-01  0.00000E+00
