#------------------------
#   k         chi         dchi         e0
  0.71652300E-01   0.17942674       0.94776072E-03    20008.000
  0.36983496      -0.49281157E-04   0.67303604E-03    20008.000
  0.51853727       0.13634088E-01   0.56297558E-03    20008.000
  0.63288090       0.21780089E-01   0.50451880E-03    20008.000
  0.72983203       0.27315821E-01   0.43681514E-03    20008.000
  0.81478411       0.28121338E-01   0.35874511E-03    20008.000
  0.89193649       0.24452956E-01   0.32795374E-03    20008.000
  0.96316537       0.18320510E-01   0.55159325E-03    20008.000
  1.0292612       0.93182911E-02   0.51957670E-03    20008.000
  1.0913645      -0.36615179E-02   0.53294396E-03    20008.000
  1.1501221      -0.18677798E-01   0.42605216E-03    20008.000
  1.2007575      -0.32581383E-01   0.31338491E-03    20008.000
  1.2544067      -0.44976304E-01   0.20809566E-03    20008.000
  1.3060294      -0.57396623E-01   0.66948884E-03    20008.000
  1.7391619      -0.41275806E-01   0.59115205E-03    20008.000
  1.7765217      -0.35038799E-01   0.44529255E-03    20008.000
  1.8133636      -0.29494503E-01   0.41379630E-03    20008.000
  1.8493511      -0.26294590E-01   0.39872731E-03    20008.000
  1.8811649      -0.23794719E-01   0.37280336E-03    20008.000
  1.9160008      -0.22310880E-01   0.34753084E-03    20008.000
  1.9499840      -0.21442968E-01   0.32820992E-03    20008.000
  1.9836151      -0.21838007E-01   0.30717680E-03    20008.000
  2.0165748      -0.22606984E-01   0.27894852E-03    20008.000
  2.0491166      -0.23136616E-01   0.24528226E-03    20008.000
  2.0810424      -0.23355805E-01   0.57658419E-03    20008.000
  2.1124873      -0.25515711E-01   0.83168037E-03    20008.000
  2.1434726      -0.25444923E-01   0.78796404E-03    20008.000
  2.1741220      -0.25210731E-01   0.73526734E-03    20008.000
  2.2042441      -0.24241195E-01   0.69202142E-03    20008.000
  2.2339616      -0.22486027E-01   0.63284215E-03    20008.000
  2.2632905      -0.19997948E-01   0.57440424E-03    20008.000
  2.2923444      -0.16168072E-01   0.52291355E-03    20008.000
  2.3181047      -0.11931211E-01   0.44425060E-03    20008.000
  2.3463861      -0.62735539E-02   0.33732196E-03    20008.000
  2.3744277       0.15516384E-03   0.36732579E-03    20008.000
  2.4019546       0.43294156E-02   0.48228203E-03    20008.000
  2.4293575       0.95986253E-02   0.46760434E-03    20008.000
  2.4563640       0.14995604E-01   0.44932512E-03    20008.000
  2.4831693       0.20392988E-01   0.43287352E-03    20008.000
  2.5095091       0.25948458E-01   0.40021538E-03    20008.000
  2.5357554       0.30777288E-01   0.37472474E-03    20008.000
  2.5616456       0.36237482E-01   0.36395688E-03    20008.000
  2.5873657       0.41966566E-01   0.34749807E-03    20008.000
  2.6127472       0.47795830E-01   0.29370458E-03    20008.000
  2.6378857       0.54970222E-01   0.41400892E-03    20008.000
  2.6603169       0.59981705E-01   0.52845602E-03    20008.000
  2.6850124       0.66142055E-01   0.51291178E-03    20008.000
  2.7095679       0.72637020E-01   0.48688010E-03    20008.000
  2.7338211       0.78095842E-01   0.47337627E-03    20008.000
  2.7578623       0.82969818E-01   0.42623876E-03    20008.000
  2.7816968       0.87207067E-01   0.39669009E-03    20008.000
  2.8054110       0.90334639E-01   0.36961883E-03    20008.000
  2.8288474       0.91649777E-01   0.33673683E-03    20008.000
  2.8521719       0.90509885E-01   0.39018037E-03    20008.000
  2.8751506       0.89332242E-01   0.35222127E-03    20008.000
  2.8981049       0.84905320E-01   0.12524435E-02    20008.000
  2.9208022       0.78264446E-01   0.11969183E-02    20008.000
  2.9410888       0.71000252E-01   0.11603877E-02    20008.000
  2.9635357       0.62271242E-01   0.11108464E-02    20008.000
  2.9856630       0.52781931E-01   0.10940400E-02    20008.000
  3.0077795       0.42457103E-01   0.10393508E-02    20008.000
  3.0296608       0.32539498E-01   0.10143321E-02    20008.000
  3.0514607       0.22599748E-01   0.94453437E-03    20008.000
  3.0730331       0.13152458E-01   0.88618067E-03    20008.000
  3.0944563       0.53848223E-02   0.55338323E-03    20008.000
  3.2992484      -0.34856067E-01   0.49551675E-03    20008.000
  3.3192914      -0.35314561E-01   0.79395081E-03    20008.000
  3.3391471      -0.35074881E-01   0.77354679E-03    20008.000
  3.3589541      -0.34346917E-01   0.77215607E-03    20008.000
  3.3766281      -0.32458313E-01   0.77368952E-03    20008.000
  3.3960846      -0.31220796E-01   0.78258434E-03    20008.000
  3.4155643      -0.28967607E-01   0.79286476E-03    20008.000
  3.4348683      -0.26639768E-01   0.78866678E-03    20008.000
  3.4541313      -0.23847169E-01   0.78874865E-03    20008.000
  3.4732230      -0.20134627E-01   0.80638862E-03    20008.000
  3.4922113      -0.16819060E-01   0.70162166E-03    20008.000
  3.6751470       0.10405134E-02   0.39173542E-03    20008.000
  3.6931073       0.97257887E-03   0.89640787E-03    20008.000
  3.7110428      -0.37525463E-03   0.96101893E-03    20008.000
  3.7288320      -0.10656451E-02   0.12952303E-02    20008.000
  3.7447768      -0.26259380E-02   0.15257203E-02    20008.000
  3.7624082      -0.37307705E-02   0.13587861E-02    20008.000
  3.7799583      -0.51173508E-02   0.87188272E-03    20008.000
  3.7974881      -0.62223366E-02   0.87101008E-03    20008.000
  3.8148785      -0.79579002E-02   0.90785770E-03    20008.000
  3.8322503      -0.10087335E-01   0.87460973E-03    20008.000
  3.8494264      -0.11111214E-01   0.36551069E-03    20008.000
  4.0162898      -0.24982805E-01   0.53938649E-03    20008.000
  4.0327477      -0.25952134E-01   0.99162234E-03    20008.000
  4.0475090      -0.25797488E-01   0.94957171E-03    20008.000
  4.0638981      -0.24857570E-01   0.95027086E-03    20008.000
  4.0801664      -0.23436079E-01   0.90379769E-03    20008.000
  4.0963709      -0.21572789E-01   0.91742738E-03    20008.000
  4.1125124      -0.19226451E-01   0.87010733E-03    20008.000
  4.1286468      -0.16413510E-01   0.85020493E-03    20008.000
  4.1446642      -0.13156501E-01   0.84707755E-03    20008.000
  4.1606755      -0.92847242E-02   0.81614670E-03    20008.000
  4.1749903      -0.45179062E-02   0.60099976E-03    20008.000
  4.3294773       0.39840987E-01   0.89021656E-03    20008.000
  4.3447120       0.41743345E-01   0.11577703E-02    20008.000
  4.3599988       0.44051197E-01   0.11419997E-02    20008.000
  4.3751809       0.45841392E-01   0.11362984E-02    20008.000
  4.3903631       0.46404043E-01   0.11071299E-02    20008.000
  4.4054421       0.47003144E-01   0.10212310E-02    20008.000
  4.4189750       0.47021888E-01   0.10269577E-02    20008.000
  4.4339582       0.45957307E-01   0.10317859E-02    20008.000
  4.4488916       0.44235520E-01   0.98448015E-03    20008.000
  4.4638270       0.42690606E-01   0.10307996E-02    20008.000
  4.4786623       0.39597400E-01   0.62411007E-03    20008.000
  4.6231574      -0.75734470E-02   0.59462111E-03    20008.000
  4.6360646      -0.12285433E-01   0.86744318E-03    20008.000
  4.6503102      -0.15858872E-01   0.87037027E-03    20008.000
  4.6646107      -0.18011992E-01   0.84954720E-03    20008.000
  4.6788196      -0.20303295E-01   0.84494127E-03    20008.000
  4.6930348      -0.22430270E-01   0.86358536E-03    20008.000
  4.7071593      -0.23749098E-01   0.86571995E-03    20008.000
  4.7212422      -0.24825727E-01   0.86252795E-03    20008.000
  4.7338865      -0.25510446E-01   0.87005565E-03    20008.000
  4.7478916      -0.25236080E-01   0.85117500E-03    20008.000
  4.7619041      -0.24097287E-01   0.92020937E-03    20008.000
  4.8981866      -0.12554187E-01   0.81345129E-03    20008.000
  4.9117314      -0.12945202E-01   0.89655024E-03    20008.000
  4.9238952      -0.12164306E-01   0.90926476E-03    20008.000
  4.9373709      -0.11438496E-01   0.92226324E-03    20008.000
  4.9508106      -0.11120084E-01   0.89511438E-03    20008.000
  4.9642606      -0.10871910E-01   0.88772452E-03    20008.000
  4.9776290      -0.10672010E-01   0.88418747E-03    20008.000
  4.9910081      -0.10185887E-01   0.88757023E-03    20008.000
  5.0042608      -0.95912524E-02   0.87864797E-03    20008.000
  5.0162045      -0.91627486E-02   0.87967265E-03    20008.000
  5.0294829      -0.80926279E-02   0.85392352E-03    20008.000
  5.1587865      -0.30954925E-02   0.71216474E-03    20008.000
  5.1717061      -0.23113753E-02   0.88238324E-03    20008.000
  5.1832715      -0.20337159E-02   0.90255375E-03    20008.000
  5.1960875      -0.63859445E-03   0.87070786E-03    20008.000
  5.2088727       0.26112654E-03   0.87449472E-03    20008.000
  5.2216272       0.13539593E-02   0.86221632E-03    20008.000
  5.2343949       0.30415543E-02   0.87460595E-03    20008.000
  5.2470887       0.46231467E-02   0.86276729E-03    20008.000
  5.2585352       0.65294480E-02   0.87233915E-03    20008.000
  5.2711721       0.83086101E-02   0.85968934E-03    20008.000
  5.2837794       0.97318119E-02   0.92620726E-03    20008.000
  5.4071287       0.32008050E-01   0.11288706E-02    20008.000
  5.4182023       0.33728475E-01   0.99289122E-03    20008.000
  5.4305178       0.35559332E-01   0.10229007E-02    20008.000
  5.4427641       0.36752102E-01   0.10182380E-02    20008.000
  5.4550254       0.37564902E-01   0.10000172E-02    20008.000
  5.4671762       0.38548784E-01   0.10207536E-02    20008.000
  5.4793841       0.39138738E-01   0.10403697E-02    20008.000
  5.4903153       0.39224831E-01   0.10029478E-02    20008.000
  5.5024315       0.39021823E-01   0.10201315E-02    20008.000
  5.5145632       0.37872586E-01   0.10015190E-02    20008.000
  5.5266276       0.37523482E-01   0.90064722E-03    20008.000
  5.6436552       0.20558232E-01   0.65993098E-03    20008.000
  5.6554507       0.18169452E-01   0.85898935E-03    20008.000
  5.6672222       0.15770696E-01   0.84340588E-03    20008.000
  5.6789700       0.13150406E-01   0.85713874E-03    20008.000
  5.6895267       0.11242269E-01   0.86812815E-03    20008.000
  5.7012698       0.82557247E-02   0.88263087E-03    20008.000
  5.7129493       0.54992921E-02   0.90943040E-03    20008.000
  5.7246056       0.28753384E-02   0.91812098E-03    20008.000
  5.7362388       0.60844043E-03   0.92742547E-03    20008.000
  5.7466930      -0.18632605E-02   0.94187808E-03    20008.000
  5.7583224      -0.38137696E-02   0.10094276E-02    20008.000
  5.8708067      -0.26229112E-01   0.68506147E-03    20008.000
  5.8821971      -0.27777538E-01   0.86186036E-03    20008.000
  5.8935272      -0.29193141E-01   0.84146044E-03    20008.000
  5.9048750      -0.30230058E-01   0.84565606E-03    20008.000
  5.9161241      -0.31059792E-01   0.82365533E-03    20008.000
  5.9274298      -0.31745650E-01   0.84923547E-03    20008.000
  5.9375561      -0.32503310E-01   0.85851066E-03    20008.000
  5.9487836      -0.32793515E-01   0.86768605E-03    20008.000
  5.9600290      -0.33101661E-01   0.85011659E-03    20008.000
  5.9711769      -0.33408859E-01   0.84944477E-03    20008.000
  5.9823814      -0.32805182E-01   0.70698755E-03    20008.000
  6.0908383      -0.34719727E-01   0.52990062E-03    20008.000
  6.1007008      -0.35281974E-01   0.90339942E-03    20008.000
  6.1116744      -0.35273129E-01   0.91642466E-03    20008.000
  6.1225915      -0.34674084E-01   0.91370356E-03    20008.000
  6.1335271      -0.34344238E-01   0.88733713E-03    20008.000
  6.1444064      -0.33619193E-01   0.87756877E-03    20008.000
  6.1541856      -0.33284945E-01   0.85627095E-03    20008.000
  6.1650295      -0.32493760E-01   0.83126735E-03    20008.000
  6.1758550      -0.32130298E-01   0.82707086E-03    20008.000
  6.1866991      -0.30727916E-01   0.78993524E-03    20008.000
  6.1974879      -0.29429594E-01   0.56168097E-03    20008.000
  6.2071858      -0.28027787E-01   0.87134821E-03    20008.000
  6.3119272      -0.11089722E-01   0.59827652E-03    20008.000
  6.4149745      -0.22874072E-02   0.51664678E-03    20008.000
  6.4253914      -0.29605743E-02   0.86535696E-03    20008.000
  6.4358278      -0.24645519E-02   0.82461189E-03    20008.000
  6.4461765      -0.20750263E-02   0.82097937E-03    20008.000
  6.4565803      -0.15751695E-02   0.80249777E-03    20008.000
  6.4659015      -0.15652513E-02   0.77556017E-03    20008.000
  6.4762392      -0.11004089E-02   0.78506787E-03    20008.000
  6.4865964      -0.11905346E-02   0.76806026E-03    20008.000
  6.4969022      -0.10745046E-02   0.77027667E-03    20008.000
  6.5062028      -0.12889860E-02   0.74820904E-03    20008.000
  6.5164433      -0.86055258E-03   0.51959302E-03    20008.000
  6.7149653       0.25271794E-01   0.24192306E-03    20008.000
  6.7249669       0.29244852E-01   0.26563925E-02    20008.000
  6.7339288       0.31512814E-01   0.26753769E-02    20008.000
  6.7438691       0.34678613E-01   0.26254632E-02    20008.000
  6.7537954       0.38663212E-01   0.26499327E-02    20008.000
  6.7637416       0.42611130E-01   0.27325701E-02    20008.000
  6.7726540       0.44205898E-01   0.28016674E-02    20008.000
  6.7825396       0.46950992E-01   0.27423834E-02    20008.000
  6.7924113       0.49519027E-01   0.27632705E-02    20008.000
  6.8022692       0.52817333E-01   0.27382898E-02    20008.000
  6.8121472       0.55839812E-01   0.29127074E-03    20008.000
  6.9070096       0.63496554E-01   0.23018306E-03    20008.000
  6.9167100       0.62073891E-01   0.12040934E-02    20008.000
  6.9264307       0.60922466E-01   0.12123476E-02    20008.000
  6.9351414       0.59358307E-01   0.11634879E-02    20008.000
  6.9448040       0.56950385E-01   0.11615033E-02    20008.000
  6.9544868       0.54702375E-01   0.11607619E-02    20008.000
  6.9640905       0.52730605E-01   0.11188368E-02    20008.000
  6.9737475       0.49760522E-01   0.11169856E-02    20008.000
  6.9824014       0.47326541E-01   0.11408669E-02    20008.000
  6.9920011       0.44491314E-01   0.11583102E-02    20008.000
  7.0016211       0.42029236E-01   0.45286186E-03    20008.000
  7.0940428       0.67851692E-03   0.70216369E-03    20008.000
  7.1034973      -0.56790876E-02   0.87500332E-03    20008.000
  7.1129722      -0.10353216E-01   0.89322343E-03    20008.000
  7.1223702      -0.15012443E-01   0.86290220E-03    20008.000
  7.1308506      -0.19079788E-01   0.81498457E-03    20008.000
  7.1402906      -0.23367731E-01   0.86525365E-03    20008.000
  7.1496864      -0.27274157E-01   0.81502440E-03    20008.000
  7.1591026      -0.31347711E-01   0.82195602E-03    20008.000
  7.1675412      -0.34989473E-01   0.78343504E-03    20008.000
  7.1769027      -0.38961188E-01   0.77471626E-03    20008.000
  7.1862525      -0.42844227E-01   0.36693772E-03    20008.000
  7.2764515      -0.64665827E-01   0.43552497E-03    20008.000
  7.2856786      -0.64399028E-01   0.65298722E-03    20008.000
  7.3215926      -0.63301877E-01   0.95739785E-03    20008.000
  7.3573385      -0.57945673E-01   0.61746252E-03    20008.000
  7.3929187      -0.49997376E-01   0.64265828E-03    20008.000
  7.4283356      -0.43038657E-01   0.82748019E-03    20008.000
  7.6030503      -0.31010980E-01   0.48897564E-03    20008.000
  7.6366258      -0.27089883E-01   0.74639013E-03    20008.000
  7.6709658      -0.22315202E-01   0.74405489E-03    20008.000
  7.7051596      -0.16446845E-01   0.74401830E-03    20008.000
  7.7392092      -0.99759685E-02   0.79553847E-03    20008.000
  7.7731166      -0.10392206E-02   0.71594705E-03    20008.000
  7.9397064       0.30647740E-01   0.86243709E-03    20008.000
  7.9728300       0.32876496E-01   0.90310849E-03    20008.000
  8.0057942       0.33971797E-01   0.86497848E-03    20008.000
  8.0386011       0.33165073E-01   0.82526103E-03    20008.000
  8.0705052       0.33548181E-01   0.81753505E-03    20008.000
  8.1030630       0.34379465E-01   0.72370272E-03    20008.000
  8.2633506       0.29412295E-01   0.74503099E-03    20008.000
  8.2952179       0.26891668E-01   0.80583924E-03    20008.000
  8.3269697       0.22281113E-01   0.70605847E-03    20008.000
  8.3578011       0.16961535E-01   0.67533695E-03    20008.000
  8.3893286       0.10523177E-01   0.10998102E-02    20008.000
  8.4207444       0.22425139E-02   0.56895661E-03    20008.000
  8.5745901      -0.28812441E-01   0.40020104E-03    20008.000
  8.6053666      -0.33438492E-01   0.72830326E-03    20008.000
  8.6360396      -0.37052495E-01   0.57251807E-03    20008.000
  8.6658311      -0.40274491E-01   0.54153424E-03    20008.000
  8.6963030      -0.43063501E-01   0.50695766E-03    20008.000
  8.7259006      -0.44819287E-01   0.49072212E-03    20008.000
  8.8755153      -0.23064504E-01   0.43927423E-03    20008.000
  8.9045784      -0.17854802E-01   0.52416365E-03    20008.000
  8.9342575      -0.11880385E-01   0.55395580E-03    20008.000
  8.9631416      -0.73270282E-02   0.55827057E-03    20008.000
  8.9926393      -0.20812780E-02   0.56102453E-03    20008.000
  9.0212962       0.33307372E-02   0.46283836E-03    20008.000
  9.1656910       0.22184020E-01   0.47201263E-03    20008.000
  9.1946048       0.23579580E-01   0.60150863E-03    20008.000
  9.2226735       0.24905844E-01   0.70253960E-03    20008.000
  9.2514207       0.25373239E-01   0.85303787E-03    20008.000
  9.2793540       0.25573031E-01   0.94091727E-03    20008.000
  9.3079375       0.26175045E-01   0.44135803E-03    20008.000
  9.4474639       0.15787030E-01   0.65912146E-03    20008.000
  9.4748822       0.13435303E-01   0.56324385E-03    20008.000
  9.5028923       0.12362176E-01   0.55288350E-03    20008.000
  9.5301374       0.12341285E-01   0.57788732E-03    20008.000
  9.5580212       0.12599100E-01   0.56192364E-03    20008.000
  9.5850961       0.12189394E-01   0.49222091E-03    20008.000
  9.7209629      -0.33386985E-02   0.41364554E-03    20008.000
  9.7476171      -0.74493696E-02   0.62013865E-03    20008.000
  9.7749241      -0.11276070E-01   0.54776618E-03    20008.000
  9.8014662      -0.13076247E-01   0.49777085E-03    20008.000
  9.8279418      -0.13705770E-01   0.63559761E-03    20008.000
  9.8550425      -0.12996268E-01   0.35386354E-03    20008.000
  9.9867713      -0.10691693E-01   0.68297290E-03    20008.000
  10.012793      -0.12327068E-01   0.98087909E-03    20008.000
  10.039409      -0.13284169E-01   0.63829176E-03    20008.000
  10.065328      -0.14233132E-01   0.55892126E-03    20008.000
  10.091163      -0.14907155E-01   0.60676622E-03    20008.000
  10.116914      -0.13980559E-01   0.43585256E-03    20008.000
  10.246198      -0.17442387E-02   0.40976761E-03    20008.000
  10.271613      -0.22690852E-04   0.60980624E-03    20008.000
  10.322271       0.16824958E-02   0.87790685E-03    20008.000
  10.373361       0.17117906E-02   0.60325470E-03    20008.000
  10.423542       0.36228178E-03   0.59156325E-03    20008.000
  10.473525      -0.82720536E-03   0.48143638E-03    20008.000
  10.720854       0.15431400E-01   0.29924629E-03    20008.000
  10.769573       0.14050601E-01   0.61884331E-03    20008.000
  10.818071       0.11177237E-01   0.59030068E-03    20008.000
  10.866392       0.89802853E-02   0.61654680E-03    20008.000
  10.914498       0.81497743E-02   0.61022527E-03    20008.000
  10.962433       0.73161938E-02   0.70917312E-03    20008.000
  11.199289      -0.71176825E-02   0.78008420E-03    20008.000
  11.246100      -0.62444869E-02   0.83869335E-03    20008.000
  11.292757      -0.41196094E-02   0.62749276E-03    20008.000
  11.338612      -0.33922765E-02   0.66442822E-03    20008.000
  11.384906      -0.27246108E-02   0.10449939E-02    20008.000
  11.431051      -0.15751252E-02   0.55545972E-03    20008.000
  11.658083      -0.56471795E-02   0.44432319E-03    20008.000
  11.702668      -0.48176473E-02   0.62244178E-03    20008.000
  11.747690      -0.22819214E-02   0.65924494E-03    20008.000
  11.791951      -0.25759527E-03   0.63426993E-03    20008.000
  11.836648       0.97187319E-03   0.67747644E-03    20008.000
  11.880653       0.78596659E-03   0.43199586E-03    20008.000
  12.098946       0.19510693E-02   0.38805913E-03    20008.000
  12.142654       0.47206058E-02   0.66226244E-03    20008.000
  12.185653       0.89338655E-02   0.63760463E-03    20008.000
  12.228498       0.13045762E-01   0.64301686E-03    20008.000
  12.271210       0.15615049E-01   0.69545989E-03    20008.000
  12.313811       0.16050917E-01   0.46593662E-03    20008.000
  12.524830      -0.33179131E-02   0.33512191E-03    20008.000
  12.566689      -0.64905735E-02   0.16544444E-02    20008.000
  12.608387      -0.65521801E-02   0.16300767E-02    20008.000
  12.649964      -0.53893649E-02   0.15230625E-02    20008.000
  12.691440      -0.67108582E-02   0.14901450E-02    20008.000
  12.732779      -0.57850335E-02   0.52946794E-03    20008.000
  12.936707      -0.69249182E-02   0.50913344E-03    20008.000
  12.977360      -0.23249940E-02   0.16790950E-02    20008.000
  13.017384      -0.44292983E-03   0.16789678E-02    20008.000
  13.057818       0.72930101E-03   0.16760881E-02    20008.000
  13.097626       0.18959962E-02   0.16506538E-02    20008.000
  13.137845       0.20255297E-02   0.38285440E-03    20008.000
  13.335811       0.35321680E-02   0.44581986E-03    20008.000
  13.374900       0.57209097E-02   0.16316065E-02    20008.000
  13.414396       0.65246859E-02   0.16224821E-02    20008.000
  13.453287       0.68385894E-02   0.16297058E-02    20008.000
  13.492064       0.73538943E-02   0.15840869E-02    20008.000
  13.530762       0.98145736E-02   0.34327726E-03    20008.000
  13.723301       0.47257191E-02   0.42024972E-03    20008.000
  13.761421       0.37815002E-02   0.20400108E-02    20008.000
  13.799468       0.14658436E-02   0.20353743E-02    20008.000
  13.837408       0.99749115E-04   0.19498136E-02    20008.000
  13.875277      -0.85520491E-03   0.20822979E-02    20008.000
  13.913022      -0.21350565E-02   0.36963166E-03    20008.000
  14.100072      -0.79836904E-02   0.55674774E-03    20008.000
  14.137340      -0.82103963E-02   0.18448446E-02    20008.000
  14.174024      -0.79630452E-02   0.19005870E-02    20008.000
  14.211092      -0.61810891E-02   0.19417233E-02    20008.000
  14.248112      -0.49722230E-02   0.20666286E-02    20008.000
  14.284554      -0.24440980E-02   0.55052430E-03    20008.000
  14.467005       0.60131618E-02   0.21896862E-03    20008.000
  14.503455       0.58106328E-02   0.22028922E-02    20008.000
  14.682653       0.74239705E-02   0.19987776E-02    20008.000
  14.860498       0.56468054E-02   0.19490890E-02    20008.000
  15.035648       0.22720100E-03   0.46678474E-03    20008.000
  17.605085       0.29582120E-02   0.36224672E-03    20008.000
  17.753523       0.13430363E-02   0.85105272E-03    20008.000
  17.900571       0.22801697E-02   0.67706506E-03    20008.000
  18.046302       0.25443098E-02   0.61988057E-03    20008.000
  18.191142       0.29526648E-02   0.61462218E-03    20008.000
  18.334692       0.21827725E-02   0.55382449E-03    20008.000
  19.035868       0.14520263E-02   0.69862481E-03    20008.000
  19.173098       0.15758504E-02   0.72395726E-03    20008.000
  19.309221       0.28163546E-03   0.71133715E-03    20008.000
  19.444647      -0.29200158E-03   0.65157701E-03    20008.000
  19.579004       0.37458465E-04   0.60795471E-03    20008.000
  19.712299       0.61212088E-03   0.68450472E-03    20008.000
  20.366392      -0.49470174E-03   0.34956326E-03    20008.000
  20.494526      -0.21898232E-02   0.66768759E-03    20008.000
  22.330866       0.32751478E-03   0.55595450E-03    20008.000
  22.910279       0.34794919E-02   0.54734390E-03    20008.000
