 Ferrocene eclipsed structure                           Feff 6L.02    potph 4.12
 Abs   Z=26 Rmt= 1.122 Rnm= 1.285 K shell
 Pot 1 Z= 6 Rmt= 0.730 Rnm= 1.074
 Gam_ch=1.325E+00 H-L exch
 Mu=-4.318E+00 kf=2.565E+00 Vint=-2.938E+01 Rs_int= 1.414
 Path    9      icalc       2                           Feff 6L.02   genfmt 1.44
 -------------------------------------------------------------------------------
   4  10.000   4.1184    2.0723   -4.31799 nleg, deg, reff, rnrmav(bohr), edge
        x         y         z   pot at#
     0.0000    0.0000    0.0000  0  26 Fe       absorbing atom
    -1.6680    0.9768   -0.7097  1   6 C     
     0.0000    0.0000    0.0000  0  26 Fe    
     1.6680   -0.9768    0.7097  1   6 C     
    k   real[2*phc]   mag[feff]  phase[feff] red factor   lambda      real[p]@#
  0.000  2.3450E+00  0.0000E+00  2.6105E-01  0.1016E+01  2.9501E+01  2.5649E+00
  0.200  2.3416E+00  9.6914E-02 -1.3266E+00  0.1016E+01  2.9584E+01  2.5724E+00
  0.400  2.3314E+00  1.8898E-01 -2.7963E+00  0.1016E+01  2.9802E+01  2.5945E+00
  0.600  2.3147E+00  2.7203E-01 -4.1517E+00  0.1015E+01  3.0065E+01  2.6311E+00
  0.800  2.2918E+00  3.4294E-01 -5.3983E+00  0.1015E+01  3.0234E+01  2.6815E+00
  1.000  2.2633E+00  3.9979E-01 -6.5427E+00  0.1015E+01  3.0144E+01  2.7451E+00
  1.200  2.2295E+00  4.4170E-01 -7.5919E+00  0.1016E+01  2.9650E+01  2.8213E+00
  1.400  2.1910E+00  4.6866E-01 -8.5525E+00  0.1016E+01  2.8678E+01  2.9094E+00
  1.600  2.1482E+00  4.8134E-01 -9.4303E+00  0.1018E+01  2.7256E+01  3.0087E+00
  1.800  2.1012E+00  4.8082E-01 -1.0230E+01  0.1020E+01  2.5514E+01  3.1188E+00
  2.000  2.0502E+00  4.6852E-01 -1.0956E+01  0.1023E+01  2.3632E+01  3.2393E+00
  2.200  1.9946E+00  4.4600E-01 -1.1610E+01  0.1026E+01  2.1797E+01  3.3700E+00
  2.400  1.9338E+00  4.1503E-01 -1.2195E+01  0.1031E+01  2.0159E+01  3.5108E+00
  2.600  1.8664E+00  3.7758E-01 -1.2711E+01  0.1035E+01  1.8829E+01  3.6616E+00
  2.800  1.8052E+00  3.3824E-01 -1.3169E+01  0.1030E+01  1.7882E+01  3.8225E+00
  3.000  1.6189E+00  3.0825E-01 -1.3337E+01  0.1059E+01  1.2746E+01  4.0313E+00
  3.200  1.6164E+00  3.0385E-01 -1.3941E+01  0.1133E+01  8.5930E+00  4.1596E+00
  3.400  1.6105E+00  2.7199E-01 -1.4479E+01  0.1171E+01  7.2220E+00  4.2943E+00
  3.600  1.5858E+00  2.3433E-01 -1.4986E+01  0.1189E+01  6.5889E+00  4.4348E+00
  3.800  1.5480E+00  2.0262E-01 -1.5490E+01  0.1195E+01  6.2670E+00  4.5807E+00
  4.000  1.4964E+00  1.7378E-01 -1.5969E+01  0.1194E+01  6.1095E+00  4.7314E+00
  4.200  1.4482E+00  1.4900E-01 -1.6437E+01  0.1188E+01  6.0516E+00  4.8866E+00
  4.400  1.3869E+00  1.2920E-01 -1.6880E+01  0.1181E+01  6.0600E+00  5.0458E+00
  4.600  1.3263E+00  1.1280E-01 -1.7286E+01  0.1173E+01  6.1157E+00  5.2086E+00
  4.800  1.2529E+00  9.9464E-02 -1.7665E+01  0.1161E+01  6.2070E+00  5.3746E+00
  5.000  1.1754E+00  8.8328E-02 -1.8019E+01  0.1151E+01  6.3263E+00  5.5436E+00
  5.200  1.1004E+00  7.9634E-02 -1.8350E+01  0.1142E+01  6.4684E+00  5.7152E+00
  5.400  1.0183E+00  7.2945E-02 -1.8662E+01  0.1130E+01  6.6294E+00  5.8892E+00
  5.600  9.3533E-01  6.7370E-02 -1.8956E+01  0.1120E+01  6.8067E+00  6.0653E+00
  5.800  8.5375E-01  6.3259E-02 -1.9234E+01  0.1111E+01  6.9981E+00  6.2433E+00
  6.000  7.7128E-01  6.0003E-02 -1.9487E+01  0.1101E+01  7.2021E+00  6.4230E+00
  6.500  5.7038E-01  5.3357E-02 -2.0043E+01  0.1078E+01  7.7595E+00  6.8786E+00
  7.000  3.8081E-01  4.6190E-02 -2.0516E+01  0.1058E+01  8.3744E+00  7.3419E+00
  7.500  2.0589E-01  3.7448E-02 -2.0932E+01  0.1040E+01  9.0380E+00  7.8110E+00
  8.000  3.8072E-02  2.8089E-02 -2.1331E+01  0.1025E+01  9.7447E+00  8.2848E+00
  8.500 -1.2539E-01  1.9948E-02 -2.1740E+01  0.1010E+01  1.0490E+01  8.7624E+00
  9.000 -2.9567E-01  1.4082E-02 -2.2150E+01  0.9964E+00  1.1272E+01  9.2430E+00
  9.500 -4.6649E-01  1.0410E-02 -2.2536E+01  0.9847E+00  1.2087E+01  9.7262E+00
 10.000 -6.2956E-01  8.3021E-03 -2.2854E+01  0.9750E+00  1.2935E+01  1.0211E+01
 11.000 -9.3141E-01  6.3219E-03 -2.3266E+01  0.9600E+00  1.4720E+01  1.1187E+01
 12.000 -1.2072E+00  4.7880E-03 -2.3617E+01  0.9509E+00  1.6617E+01  1.2167E+01
 13.000 -1.4688E+00  3.1037E-03 -2.4145E+01  0.9466E+00  1.8621E+01  1.3151E+01
 14.000 -1.7093E+00  2.0530E-03 -2.4735E+01  0.9435E+00  2.0726E+01  1.4137E+01
 15.000 -1.9288E+00  1.5689E-03 -2.5017E+01  0.9414E+00  2.2928E+01  1.5126E+01
 16.000 -2.1353E+00  1.2606E-03 -2.5096E+01  0.9411E+00  2.5222E+01  1.6117E+01
 17.000 -2.3276E+00  9.5202E-04 -2.5390E+01  0.9412E+00  2.7607E+01  1.7108E+01
 18.000 -2.5044E+00  7.1974E-04 -2.5898E+01  0.9411E+00  3.0078E+01  1.8101E+01
 19.000 -2.6709E+00  5.8080E-04 -2.6147E+01  0.9415E+00  3.2633E+01  1.9095E+01
 20.000 -2.8265E+00  5.0764E-04 -2.5982E+01  0.9418E+00  3.5270E+01  2.0089E+01
