 Ferrocene eclipsed structure                           Feff 6L.02    potph 4.12
 Abs   Z=26 Rmt= 1.122 Rnm= 1.285 K shell
 Pot 1 Z= 6 Rmt= 0.730 Rnm= 1.074
 Gam_ch=1.325E+00 H-L exch
 Mu=-4.318E+00 kf=2.565E+00 Vint=-2.938E+01 Rs_int= 1.414
 Path    7      icalc       2                           Feff 6L.02   genfmt 1.44
 -------------------------------------------------------------------------------
   3  20.000   3.9922    2.0723   -4.31799 nleg, deg, reff, rnrmav(bohr), edge
        x         y         z   pot at#
     0.0000    0.0000    0.0000  0  26 Fe       absorbing atom
     1.6680    0.3731   -1.1484  1   6 C     
    -1.6680   -1.2074    0.0000  1   6 C     
    k   real[2*phc]   mag[feff]  phase[feff] red factor   lambda      real[p]@#
  0.000  2.3450E+00  0.0000E+00 -3.9474E+00  0.1016E+01  2.9501E+01  2.5649E+00
  0.200  2.3416E+00  5.0649E-02 -5.4814E+00  0.1016E+01  2.9584E+01  2.5724E+00
  0.400  2.3314E+00  9.9946E-02 -6.8915E+00  0.1016E+01  2.9802E+01  2.5945E+00
  0.600  2.3147E+00  1.4645E-01 -8.1817E+00  0.1015E+01  3.0065E+01  2.6311E+00
  0.800  2.2918E+00  1.8866E-01 -9.3585E+00  0.1015E+01  3.0234E+01  2.6815E+00
  1.000  2.2633E+00  2.2512E-01 -1.0430E+01  0.1015E+01  3.0144E+01  2.7451E+00
  1.200  2.2295E+00  2.5463E-01 -1.1403E+01  0.1016E+01  2.9650E+01  2.8213E+00
  1.400  2.1910E+00  2.7643E-01 -1.2287E+01  0.1016E+01  2.8678E+01  2.9094E+00
  1.600  2.1482E+00  2.9023E-01 -1.3088E+01  0.1018E+01  2.7256E+01  3.0087E+00
  1.800  2.1012E+00  2.9617E-01 -1.3810E+01  0.1020E+01  2.5514E+01  3.1188E+00
  2.000  2.0502E+00  2.9468E-01 -1.4458E+01  0.1023E+01  2.3632E+01  3.2393E+00
  2.200  1.9946E+00  2.8639E-01 -1.5033E+01  0.1026E+01  2.1797E+01  3.3700E+00
  2.400  1.9338E+00  2.7204E-01 -1.5536E+01  0.1031E+01  2.0159E+01  3.5108E+00
  2.600  1.8664E+00  2.5248E-01 -1.5968E+01  0.1035E+01  1.8829E+01  3.6616E+00
  2.800  1.8052E+00  2.2874E-01 -1.6328E+01  0.1030E+01  1.7882E+01  3.8225E+00
  3.000  1.6189E+00  2.0556E-01 -1.6442E+01  0.1059E+01  1.2746E+01  4.0313E+00
  3.200  1.6164E+00  2.0820E-01 -1.6975E+01  0.1133E+01  8.5930E+00  4.1596E+00
  3.400  1.6105E+00  1.9262E-01 -1.7426E+01  0.1171E+01  7.2220E+00  4.2943E+00
  3.600  1.5858E+00  1.7019E-01 -1.7840E+01  0.1189E+01  6.5889E+00  4.4348E+00
  3.800  1.5480E+00  1.4716E-01 -1.8236E+01  0.1195E+01  6.2670E+00  4.5807E+00
  4.000  1.4964E+00  1.2455E-01 -1.8617E+01  0.1194E+01  6.1095E+00  4.7314E+00
  4.200  1.4482E+00  1.0375E-01 -1.8992E+01  0.1188E+01  6.0516E+00  4.8866E+00
  4.400  1.3869E+00  8.5873E-02 -1.9352E+01  0.1181E+01  6.0600E+00  5.0458E+00
  4.600  1.3263E+00  7.1276E-02 -1.9692E+01  0.1173E+01  6.1157E+00  5.2086E+00
  4.800  1.2529E+00  5.9371E-02 -2.0016E+01  0.1161E+01  6.2070E+00  5.3746E+00
  5.000  1.1754E+00  4.9972E-02 -2.0326E+01  0.1151E+01  6.3263E+00  5.5436E+00
  5.200  1.1004E+00  4.2527E-02 -2.0624E+01  0.1142E+01  6.4684E+00  5.7152E+00
  5.400  1.0183E+00  3.6845E-02 -2.0910E+01  0.1130E+01  6.6294E+00  5.8892E+00
  5.600  9.3533E-01  3.2324E-02 -2.1183E+01  0.1120E+01  6.8067E+00  6.0653E+00
  5.800  8.5375E-01  2.8841E-02 -2.1448E+01  0.1111E+01  6.9981E+00  6.2433E+00
  6.000  7.7128E-01  2.6175E-02 -2.1692E+01  0.1101E+01  7.2021E+00  6.4230E+00
  6.500  5.7038E-01  2.1355E-02 -2.2235E+01  0.1078E+01  7.7595E+00  6.8786E+00
  7.000  3.8081E-01  1.7611E-02 -2.2698E+01  0.1058E+01  8.3744E+00  7.3419E+00
  7.500  2.0589E-01  1.4030E-02 -2.3099E+01  0.1040E+01  9.0380E+00  7.8110E+00
  8.000  3.8072E-02  1.0556E-02 -2.3476E+01  0.1025E+01  9.7447E+00  8.2848E+00
  8.500 -1.2539E-01  7.5596E-03 -2.3857E+01  0.1010E+01  1.0490E+01  8.7624E+00
  9.000 -2.9567E-01  5.3348E-03 -2.4244E+01  0.9964E+00  1.1272E+01  9.2430E+00
  9.500 -4.6649E-01  3.8840E-03 -2.4626E+01  0.9847E+00  1.2087E+01  9.7262E+00
 10.000 -6.2956E-01  3.0203E-03 -2.4964E+01  0.9750E+00  1.2935E+01  1.0211E+01
 11.000 -9.3141E-01  2.1911E-03 -2.5429E+01  0.9600E+00  1.4720E+01  1.1187E+01
 12.000 -1.2072E+00  1.6591E-03 -2.5772E+01  0.9509E+00  1.6617E+01  1.2167E+01
 13.000 -1.4688E+00  1.1245E-03 -2.6239E+01  0.9466E+00  1.8621E+01  1.3151E+01
 14.000 -1.7093E+00  7.5606E-04 -2.6802E+01  0.9435E+00  2.0726E+01  1.4137E+01
 15.000 -1.9288E+00  5.6743E-04 -2.7151E+01  0.9414E+00  2.2928E+01  1.5126E+01
 16.000 -2.1353E+00  4.5055E-04 -2.7261E+01  0.9411E+00  2.5222E+01  1.6117E+01
 17.000 -2.3276E+00  3.5097E-04 -2.7466E+01  0.9412E+00  2.7607E+01  1.7108E+01
 18.000 -2.5044E+00  2.6842E-04 -2.7911E+01  0.9411E+00  3.0078E+01  1.8101E+01
 19.000 -2.6709E+00  2.1379E-04 -2.8289E+01  0.9415E+00  3.2633E+01  1.9095E+01
 20.000 -2.8265E+00  1.6505E-04 -2.8351E+01  0.9418E+00  3.5270E+01  2.0089E+01
