 Ferrocene eclipsed structure                           Feff 6L.02    potph 4.12
 Abs   Z=26 Rmt= 1.122 Rnm= 1.285 K shell
 Pot 1 Z= 6 Rmt= 0.730 Rnm= 1.074
 Gam_ch=1.325E+00 H-L exch
 Mu=-4.318E+00 kf=2.565E+00 Vint=-2.938E+01 Rs_int= 1.414
 Path   10      icalc       2                           Feff 6L.02   genfmt 1.44
 -------------------------------------------------------------------------------
   4  20.000   4.1184    2.0723   -4.31799 nleg, deg, reff, rnrmav(bohr), edge
        x         y         z   pot at#
     0.0000    0.0000    0.0000  0  26 Fe       absorbing atom
     1.6680    0.3731   -1.1484  1   6 C     
     0.0000    0.0000    0.0000  0  26 Fe    
    -1.6680    0.9768    0.7097  1   6 C     
    k   real[2*phc]   mag[feff]  phase[feff] red factor   lambda      real[p]@#
  0.000  2.3450E+00  0.0000E+00 -1.1102E-01  0.1016E+01  2.9501E+01  2.5649E+00
  0.200  2.3416E+00  3.8339E-02 -1.6983E+00  0.1016E+01  2.9584E+01  2.5724E+00
  0.400  2.3314E+00  7.5421E-02 -3.1668E+00  0.1016E+01  2.9802E+01  2.5945E+00
  0.600  2.3147E+00  1.0999E-01 -4.5195E+00  0.1015E+01  3.0065E+01  2.6311E+00
  0.800  2.2918E+00  1.4083E-01 -5.7615E+00  0.1015E+01  3.0234E+01  2.6815E+00
  1.000  2.2633E+00  1.6684E-01 -6.8990E+00  0.1015E+01  3.0144E+01  2.7451E+00
  1.200  2.2295E+00  1.8713E-01 -7.9390E+00  0.1016E+01  2.9650E+01  2.8213E+00
  1.400  2.1910E+00  2.0115E-01 -8.8881E+00  0.1016E+01  2.8678E+01  2.9094E+00
  1.600  2.1482E+00  2.0872E-01 -9.7522E+00  0.1018E+01  2.7256E+01  3.0087E+00
  1.800  2.1012E+00  2.0999E-01 -1.0536E+01  0.1020E+01  2.5514E+01  3.1188E+00
  2.000  2.0502E+00  2.0538E-01 -1.1243E+01  0.1023E+01  2.3632E+01  3.2393E+00
  2.200  1.9946E+00  1.9553E-01 -1.1875E+01  0.1026E+01  2.1797E+01  3.3700E+00
  2.400  1.9338E+00  1.8120E-01 -1.2434E+01  0.1031E+01  2.0159E+01  3.5108E+00
  2.600  1.8664E+00  1.6331E-01 -1.2920E+01  0.1035E+01  1.8829E+01  3.6616E+00
  2.800  1.8052E+00  1.4088E-01 -1.3341E+01  0.1030E+01  1.7882E+01  3.8225E+00
  3.000  1.6189E+00  1.3132E-01 -1.3525E+01  0.1059E+01  1.2746E+01  4.0313E+00
  3.200  1.6164E+00  1.2695E-01 -1.4064E+01  0.1133E+01  8.5930E+00  4.1596E+00
  3.400  1.6105E+00  1.0953E-01 -1.4529E+01  0.1171E+01  7.2220E+00  4.2943E+00
  3.600  1.5858E+00  9.0131E-02 -1.4973E+01  0.1189E+01  6.5889E+00  4.4348E+00
  3.800  1.5480E+00  7.1952E-02 -1.5407E+01  0.1195E+01  6.2670E+00  4.5807E+00
  4.000  1.4964E+00  5.6550E-02 -1.5834E+01  0.1194E+01  6.1095E+00  4.7314E+00
  4.200  1.4482E+00  4.3508E-02 -1.6256E+01  0.1188E+01  6.0516E+00  4.8866E+00
  4.400  1.3869E+00  3.3132E-02 -1.6668E+01  0.1181E+01  6.0600E+00  5.0458E+00
  4.600  1.3263E+00  2.5404E-02 -1.7061E+01  0.1173E+01  6.1157E+00  5.2086E+00
  4.800  1.2529E+00  1.9526E-02 -1.7441E+01  0.1161E+01  6.2070E+00  5.3746E+00
  5.000  1.1754E+00  1.5247E-02 -1.7806E+01  0.1151E+01  6.3263E+00  5.5436E+00
  5.200  1.1004E+00  1.2002E-02 -1.8156E+01  0.1142E+01  6.4684E+00  5.7152E+00
  5.400  1.0183E+00  9.5692E-03 -1.8490E+01  0.1130E+01  6.6294E+00  5.8892E+00
  5.600  9.3533E-01  7.6803E-03 -1.8809E+01  0.1120E+01  6.8067E+00  6.0653E+00
  5.800  8.5375E-01  6.1785E-03 -1.9118E+01  0.1111E+01  6.9981E+00  6.2433E+00
  6.000  7.7128E-01  4.9717E-03 -1.9407E+01  0.1101E+01  7.2021E+00  6.4230E+00
  6.500  5.7038E-01  2.6752E-03 -2.0091E+01  0.1078E+01  7.7595E+00  6.8786E+00
  7.000  3.8081E-01  1.0729E-03 -2.0871E+01  0.1058E+01  8.3744E+00  7.3419E+00
  7.500  2.0589E-01  4.2416E-04 -2.2794E+01  0.1040E+01  9.0380E+00  7.8110E+00
  8.000  3.8072E-02  7.6855E-04 -2.4048E+01  0.1025E+01  9.7447E+00  8.2848E+00
  8.500 -1.2539E-01  8.9061E-04 -2.4657E+01  0.1010E+01  1.0490E+01  8.7624E+00
  9.000 -2.9567E-01  8.2776E-04 -2.5170E+01  0.9964E+00  1.1272E+01  9.2430E+00
  9.500 -4.6649E-01  7.2176E-04 -2.5640E+01  0.9847E+00  1.2087E+01  9.7262E+00
 10.000 -6.2956E-01  6.4110E-04 -2.6038E+01  0.9750E+00  1.2935E+01  1.0211E+01
 11.000 -9.3141E-01  5.6794E-04 -2.6605E+01  0.9600E+00  1.4720E+01  1.1187E+01
 12.000 -1.2072E+00  4.8998E-04 -2.7101E+01  0.9509E+00  1.6617E+01  1.2167E+01
 13.000 -1.4688E+00  3.5236E-04 -2.7766E+01  0.9466E+00  1.8621E+01  1.3151E+01
 14.000 -1.7093E+00  2.4289E-04 -2.8476E+01  0.9435E+00  2.0726E+01  1.4137E+01
 15.000 -1.9288E+00  1.8099E-04 -2.8870E+01  0.9414E+00  2.2928E+01  1.5126E+01
 16.000 -2.1353E+00  1.4426E-04 -2.9056E+01  0.9411E+00  2.5222E+01  1.6117E+01
 17.000 -2.3276E+00  1.1401E-04 -2.9481E+01  0.9412E+00  2.7607E+01  1.7108E+01
 18.000 -2.5044E+00  9.1336E-05 -3.0175E+01  0.9411E+00  3.0078E+01  1.8101E+01
 19.000 -2.6709E+00  7.9852E-05 -3.0839E+01  0.9415E+00  3.2633E+01  1.9095E+01
 20.000 -2.8265E+00  8.9082E-05 -3.1689E+01  0.9418E+00  3.5270E+01  2.0089E+01
