 Ferrocene eclipsed structure                           Feff 6L.02    potph 4.12
 Abs   Z=26 Rmt= 1.103 Rnm= 1.266 K shell
 Pot 1 Z= 6 Rmt= 0.719 Rnm= 1.061
 Gam_ch=1.325E+00 H-L exch
 Mu=-4.526E+00 kf=2.607E+00 Vint=-3.041E+01 Rs_int= 1.391
 Path    5      icalc       2                           Feff 6L.02   genfmt 1.44
 -------------------------------------------------------------------------------
   3  10.000   3.6694    2.0466   -4.52603 nleg, deg, reff, rnrmav(bohr), edge
        x         y         z   pot at#
     0.0000    0.0000    0.0000  0  26 Fe       absorbing atom
     1.6422    1.1887    0.0000  1   6 C     
    -1.6422    1.1887    0.0000  1   6 C     
    k   real[2*phc]   mag[feff]  phase[feff] red factor   lambda      real[p]@#
  0.000  2.3111E+00  0.0000E+00  3.2354E-01  0.1016E+01  2.9982E+01  2.6068E+00
  0.200  2.3076E+00  1.5150E-02 -1.0847E+00  0.1016E+01  3.0064E+01  2.6141E+00
  0.400  2.2974E+00  3.0030E-02 -2.3756E+00  0.1016E+01  3.0279E+01  2.6359E+00
  0.600  2.2805E+00  4.4331E-02 -3.5534E+00  0.1016E+01  3.0539E+01  2.6719E+00
  0.800  2.2573E+00  5.7691E-02 -4.6247E+00  0.1015E+01  3.0708E+01  2.7215E+00
  1.000  2.2284E+00  6.9720E-02 -5.5976E+00  0.1015E+01  3.0625E+01  2.7842E+00
  1.200  2.1941E+00  8.0057E-02 -6.4805E+00  0.1016E+01  3.0144E+01  2.8593E+00
  1.400  2.1550E+00  8.8419E-02 -7.2812E+00  0.1017E+01  2.9186E+01  2.9462E+00
  1.600  2.1114E+00  9.4633E-02 -8.0067E+00  0.1018E+01  2.7776E+01  3.0442E+00
  1.800  2.0636E+00  9.8633E-02 -8.6623E+00  0.1020E+01  2.6032E+01  3.1528E+00
  2.000  2.0115E+00  1.0043E-01 -9.2521E+00  0.1023E+01  2.4132E+01  3.2718E+00
  2.200  1.9551E+00  1.0010E-01 -9.7783E+00  0.1026E+01  2.2261E+01  3.4007E+00
  2.400  1.8935E+00  9.7726E-02 -1.0242E+01  0.1030E+01  2.0571E+01  3.5396E+00
  2.600  1.8259E+00  9.3441E-02 -1.0644E+01  0.1034E+01  1.9175E+01  3.6883E+00
  2.800  1.7677E+00  8.7416E-02 -1.0983E+01  0.1035E+01  1.8148E+01  3.8470E+00
  3.000  1.5676E+00  7.7648E-02 -1.1048E+01  0.1041E+01  1.4741E+01  4.0628E+00
  3.200  1.5645E+00  8.2142E-02 -1.1557E+01  0.1121E+01  9.1045E+00  4.1900E+00
  3.400  1.5606E+00  8.0560E-02 -1.1985E+01  0.1162E+01  7.4591E+00  4.3235E+00
  3.600  1.5351E+00  7.5151E-02 -1.2368E+01  0.1182E+01  6.7240E+00  4.4629E+00
  3.800  1.5004E+00  6.7930E-02 -1.2732E+01  0.1190E+01  6.3506E+00  4.6076E+00
  4.000  1.4496E+00  5.9714E-02 -1.3081E+01  0.1189E+01  6.1620E+00  4.7572E+00
  4.200  1.4027E+00  5.1460E-02 -1.3425E+01  0.1185E+01  6.0828E+00  4.9114E+00
  4.400  1.3455E+00  4.3822E-02 -1.3754E+01  0.1178E+01  6.0754E+00  5.0695E+00
  4.600  1.2861E+00  3.7305E-02 -1.4060E+01  0.1168E+01  6.1186E+00  5.2314E+00
  4.800  1.2172E+00  3.1539E-02 -1.4352E+01  0.1159E+01  6.1994E+00  5.3965E+00
  5.000  1.1423E+00  2.6752E-02 -1.4626E+01  0.1148E+01  6.3096E+00  5.5646E+00
  5.200  1.0689E+00  2.2645E-02 -1.4891E+01  0.1138E+01  6.4434E+00  5.7354E+00
  5.400  9.9016E-01  1.9345E-02 -1.5142E+01  0.1128E+01  6.5968E+00  5.9086E+00
  5.600  9.0906E-01  1.6548E-02 -1.5387E+01  0.1117E+01  6.7670E+00  6.0840E+00
  5.800  8.2878E-01  1.4305E-02 -1.5625E+01  0.1107E+01  6.9517E+00  6.2613E+00
  6.000  7.4761E-01  1.2528E-02 -1.5847E+01  0.1098E+01  7.1492E+00  6.4403E+00
  6.500  5.4784E-01  9.4108E-03 -1.6364E+01  0.1075E+01  7.6909E+00  6.8945E+00
  7.000  3.5785E-01  7.4759E-03 -1.6815E+01  0.1054E+01  8.2907E+00  7.3565E+00
  7.500  1.8187E-01  6.0728E-03 -1.7196E+01  0.1035E+01  8.9394E+00  7.8245E+00
  8.000  1.5310E-02  4.8796E-03 -1.7533E+01  0.1019E+01  9.6311E+00  8.2973E+00
  8.500 -1.4591E-01  3.8050E-03 -1.7855E+01  0.1003E+01  1.0362E+01  8.7741E+00
  9.000 -3.1313E-01  2.8810E-03 -1.8169E+01  0.9884E+00  1.1128E+01  9.2540E+00
  9.500 -4.8111E-01  2.1441E-03 -1.8494E+01  0.9759E+00  1.1928E+01  9.7364E+00
 10.000 -6.4323E-01  1.6129E-03 -1.8824E+01  0.9651E+00  1.2759E+01  1.0221E+01
 11.000 -9.4631E-01  1.0338E-03 -1.9408E+01  0.9477E+00  1.4511E+01  1.1195E+01
 12.000 -1.2205E+00  7.5730E-04 -1.9791E+01  0.9369E+00  1.6375E+01  1.2175E+01
 13.000 -1.4788E+00  5.5938E-04 -2.0102E+01  0.9312E+00  1.8344E+01  1.3158E+01
 14.000 -1.7195E+00  3.9245E-04 -2.0500E+01  0.9261E+00  2.0412E+01  1.4144E+01
 15.000 -1.9387E+00  2.8219E-04 -2.0954E+01  0.9223E+00  2.2576E+01  1.5132E+01
 16.000 -2.1431E+00  2.1734E-04 -2.1269E+01  0.9208E+00  2.4831E+01  1.6122E+01
 17.000 -2.3351E+00  1.7118E-04 -2.1414E+01  0.9192E+00  2.7175E+01  1.7114E+01
 18.000 -2.5119E+00  1.3426E-04 -2.1581E+01  0.9175E+00  2.9605E+01  1.8106E+01
 19.000 -2.6771E+00  1.0763E-04 -2.1910E+01  0.9169E+00  3.2117E+01  1.9100E+01
 20.000 -2.8326E+00  9.2601E-05 -2.2259E+01  0.9154E+00  3.4711E+01  2.0094E+01
