 Ferrocene eclipsed structure                           Feff 6L.02    potph 4.12
 Abs   Z=26 Rmt= 1.120 Rnm= 1.283 K shell
 Pot 1 Z= 6 Rmt= 0.729 Rnm= 1.073
 Gam_ch=1.325E+00 H-L exch
 Mu=-4.338E+00 kf=2.569E+00 Vint=-2.948E+01 Rs_int= 1.412
 Path   18      icalc       2                           Feff 6L.02   genfmt 1.44
 -------------------------------------------------------------------------------
   4  32.000   4.7865    2.0700   -4.33800 nleg, deg, reff, rnrmav(bohr), edge
        x         y         z   pot at#
     0.0000    0.0000    0.0000  0  26 Fe       absorbing atom
    -1.6655   -0.9753    0.7086  1   6 C     
    -1.6655    0.3725    1.1466  1   6 C     
     1.6655    0.3725   -1.1466  1   6 C     
    k   real[2*phc]   mag[feff]  phase[feff] red factor   lambda      real[p]@#
  0.000  2.3535E+00  0.0000E+00  1.7559E-02  0.1016E+01  2.9547E+01  2.5690E+00
  0.200  2.3500E+00  2.6916E-02 -1.8224E+00  0.1016E+01  2.9630E+01  2.5764E+00
  0.400  2.3399E+00  5.2218E-02 -3.5149E+00  0.1016E+01  2.9848E+01  2.5986E+00
  0.600  2.3232E+00  7.4366E-02 -5.0659E+00  0.1015E+01  3.0111E+01  2.6351E+00
  0.800  2.3002E+00  9.2022E-02 -6.4840E+00  0.1015E+01  3.0280E+01  2.6854E+00
  1.000  2.2716E+00  1.0423E-01 -7.7799E+00  0.1015E+01  3.0191E+01  2.7489E+00
  1.200  2.2376E+00  1.1056E-01 -8.9648E+00  0.1016E+01  2.9698E+01  2.8250E+00
  1.400  2.1987E+00  1.1118E-01 -1.0050E+01  0.1016E+01  2.8727E+01  2.9129E+00
  1.600  2.1554E+00  1.0676E-01 -1.1045E+01  0.1018E+01  2.7307E+01  3.0121E+00
  1.800  2.1077E+00  9.8306E-02 -1.1958E+01  0.1020E+01  2.5564E+01  3.1221E+00
  2.000  2.0556E+00  8.6997E-02 -1.2797E+01  0.1023E+01  2.3680E+01  3.2425E+00
  2.200  1.9988E+00  7.4029E-02 -1.3569E+01  0.1026E+01  2.1841E+01  3.3730E+00
  2.400  1.9366E+00  6.0554E-02 -1.4282E+01  0.1030E+01  2.0199E+01  3.5136E+00
  2.600  1.8677E+00  4.7645E-02 -1.4947E+01  0.1035E+01  1.8862E+01  3.6642E+00
  2.800  1.8043E+00  3.6278E-02 -1.5576E+01  0.1030E+01  1.7907E+01  3.8249E+00
  3.000  1.6188E+00  2.6949E-02 -1.5995E+01  0.1057E+01  1.2909E+01  4.0344E+00
  3.200  1.6150E+00  2.6496E-02 -1.6983E+01  0.1131E+01  8.6387E+00  4.1626E+00
  3.400  1.6081E+00  2.7741E-02 -1.7928E+01  0.1168E+01  7.2437E+00  4.2971E+00
  3.600  1.5823E+00  2.9715E-02 -1.8674E+01  0.1185E+01  6.6014E+00  4.4375E+00
  3.800  1.5442E+00  2.9725E-02 -1.9295E+01  0.1192E+01  6.2748E+00  4.5833E+00
  4.000  1.4924E+00  2.7986E-02 -1.9861E+01  0.1189E+01  6.1144E+00  4.7339E+00
  4.200  1.4445E+00  2.5481E-02 -2.0405E+01  0.1184E+01  6.0544E+00  4.8890E+00
  4.400  1.3838E+00  2.2773E-02 -2.0914E+01  0.1176E+01  6.0613E+00  5.0481E+00
  4.600  1.3239E+00  2.0102E-02 -2.1385E+01  0.1166E+01  6.1158E+00  5.2108E+00
  4.800  1.2515E+00  1.7561E-02 -2.1827E+01  0.1156E+01  6.2062E+00  5.3768E+00
  5.000  1.1751E+00  1.5238E-02 -2.2240E+01  0.1145E+01  6.3246E+00  5.5457E+00
  5.200  1.1012E+00  1.3150E-02 -2.2632E+01  0.1134E+01  6.4658E+00  5.7172E+00
  5.400  1.0200E+00  1.1342E-02 -2.3003E+01  0.1124E+01  6.6261E+00  5.8911E+00
  5.600  9.3782E-01  9.7447E-03 -2.3356E+01  0.1113E+01  6.8027E+00  6.0671E+00
  5.800  8.5685E-01  8.3768E-03 -2.3697E+01  0.1103E+01  6.9935E+00  6.2450E+00
  6.000  7.7465E-01  7.2105E-03 -2.4017E+01  0.1092E+01  7.1968E+00  6.4246E+00
  6.500  5.7340E-01  4.9205E-03 -2.4757E+01  0.1067E+01  7.7527E+00  6.8802E+00
  7.000  3.8220E-01  3.3066E-03 -2.5423E+01  0.1045E+01  8.3661E+00  7.3433E+00
  7.500  2.0550E-01  2.1802E-03 -2.6013E+01  0.1025E+01  9.0283E+00  7.8123E+00
  8.000  3.6967E-02  1.4122E-03 -2.6526E+01  0.1009E+01  9.7335E+00  8.2860E+00
  8.500 -1.2573E-01  9.1334E-04 -2.6960E+01  0.9933E+00  1.0478E+01  8.7635E+00
  9.000 -2.9440E-01  6.1175E-04 -2.7313E+01  0.9783E+00  1.1258E+01  9.2441E+00
  9.500 -4.6388E-01  4.4109E-04 -2.7611E+01  0.9651E+00  1.2072E+01  9.7271E+00
 10.000 -6.2669E-01  3.4381E-04 -2.7880E+01  0.9531E+00  1.2917E+01  1.0212E+01
 11.000 -9.3036E-01  2.3108E-04 -2.8419E+01  0.9333E+00  1.4699E+01  1.1187E+01
 12.000 -1.2059E+00  1.5193E-04 -2.9023E+01  0.9221E+00  1.6593E+01  1.2168E+01
 13.000 -1.4656E+00  9.8461E-05 -2.9693E+01  0.9157E+00  1.8594E+01  1.3151E+01
 14.000 -1.7069E+00  6.3741E-05 -3.0363E+01  0.9088E+00  2.0695E+01  1.4138E+01
 15.000 -1.9269E+00  3.7397E-05 -3.0815E+01  0.9045E+00  2.2893E+01  1.5127E+01
 16.000 -2.1319E+00  2.1050E-05 -3.0934E+01  0.9032E+00  2.5184E+01  1.6117E+01
 17.000 -2.3243E+00  1.6461E-05 -3.1157E+01  0.9004E+00  2.7564E+01  1.7109E+01
 18.000 -2.5016E+00  1.3294E-05 -3.1738E+01  0.8985E+00  3.0031E+01  1.8102E+01
 19.000 -2.6669E+00  9.1997E-06 -3.2095E+01  0.8985E+00  3.2582E+01  1.9095E+01
 20.000 -2.8223E+00  7.5250E-06 -3.2036E+01  0.8966E+00  3.5215E+01  2.0090E+01
