 Ferrocene eclipsed structure                           Feff 6L.02    potph 4.12
 Abs   Z=26 Rmt= 1.120 Rnm= 1.283 K shell
 Pot 1 Z= 6 Rmt= 0.729 Rnm= 1.073
 Gam_ch=1.325E+00 H-L exch
 Mu=-4.340E+00 kf=2.569E+00 Vint=-2.949E+01 Rs_int= 1.412
 Path    8      icalc       2                           Feff 6L.02   genfmt 1.44
 -------------------------------------------------------------------------------
   3  10.000   4.1113    2.0698   -4.33991 nleg, deg, reff, rnrmav(bohr), edge
        x         y         z   pot at#
     0.0000    0.0000    0.0000  0  26 Fe       absorbing atom
    -1.6652   -1.2053    0.0000  1   6 C     
     1.6652    1.2053    0.0000  1   6 C     
    k   real[2*phc]   mag[feff]  phase[feff] red factor   lambda      real[p]@#
  0.000  2.3530E+00  0.0000E+00 -3.2346E+00  0.1016E+01  2.9552E+01  2.5694E+00
  0.200  2.3496E+00  7.6825E-02 -4.8146E+00  0.1016E+01  2.9635E+01  2.5768E+00
  0.400  2.3394E+00  1.5137E-01 -6.2671E+00  0.1016E+01  2.9852E+01  2.5989E+00
  0.600  2.3227E+00  2.2127E-01 -7.5964E+00  0.1015E+01  3.0115E+01  2.6354E+00
  0.800  2.2998E+00  2.8413E-01 -8.8090E+00  0.1015E+01  3.0284E+01  2.6858E+00
  1.000  2.2711E+00  3.3774E-01 -9.9126E+00  0.1015E+01  3.0195E+01  2.7493E+00
  1.200  2.2371E+00  3.8036E-01 -1.0915E+01  0.1016E+01  2.9703E+01  2.8253E+00
  1.400  2.1983E+00  4.1094E-01 -1.1825E+01  0.1016E+01  2.8732E+01  2.9133E+00
  1.600  2.1549E+00  4.2922E-01 -1.2648E+01  0.1018E+01  2.7312E+01  3.0125E+00
  1.800  2.1072E+00  4.3556E-01 -1.3390E+01  0.1020E+01  2.5569E+01  3.1224E+00
  2.000  2.0552E+00  4.3078E-01 -1.4054E+01  0.1023E+01  2.3685E+01  3.2428E+00
  2.200  1.9984E+00  4.1597E-01 -1.4642E+01  0.1026E+01  2.1846E+01  3.3733E+00
  2.400  1.9362E+00  3.9240E-01 -1.5156E+01  0.1030E+01  2.0203E+01  3.5138E+00
  2.600  1.8673E+00  3.6147E-01 -1.5594E+01  0.1035E+01  1.8865E+01  3.6644E+00
  2.800  1.8040E+00  3.2482E-01 -1.5959E+01  0.1030E+01  1.7910E+01  3.8251E+00
  3.000  1.6183E+00  2.8863E-01 -1.6062E+01  0.1057E+01  1.2924E+01  4.0346E+00
  3.200  1.6144E+00  2.9082E-01 -1.6601E+01  0.1131E+01  8.6430E+00  4.1629E+00
  3.400  1.6076E+00  2.6619E-01 -1.7054E+01  0.1168E+01  7.2458E+00  4.2974E+00
  3.600  1.5819E+00  2.3187E-01 -1.7470E+01  0.1185E+01  6.6026E+00  4.4378E+00
  3.800  1.5438E+00  1.9780E-01 -1.7871E+01  0.1192E+01  6.2755E+00  4.5835E+00
  4.000  1.4919E+00  1.6531E-01 -1.8258E+01  0.1189E+01  6.1148E+00  4.7342E+00
  4.200  1.4441E+00  1.3597E-01 -1.8642E+01  0.1184E+01  6.0547E+00  4.8892E+00
  4.400  1.3834E+00  1.1112E-01 -1.9012E+01  0.1176E+01  6.0614E+00  5.0483E+00
  4.600  1.3235E+00  9.1300E-02 -1.9364E+01  0.1166E+01  6.1158E+00  5.2110E+00
  4.800  1.2511E+00  7.5390E-02 -1.9703E+01  0.1156E+01  6.2061E+00  5.3770E+00
  5.000  1.1747E+00  6.3161E-02 -2.0030E+01  0.1145E+01  6.3244E+00  5.5458E+00
  5.200  1.1008E+00  5.3685E-02 -2.0349E+01  0.1134E+01  6.4656E+00  5.7174E+00
  5.400  1.0197E+00  4.6690E-02 -2.0655E+01  0.1124E+01  6.6258E+00  5.8912E+00
  5.600  9.3752E-01  4.1257E-02 -2.0948E+01  0.1113E+01  6.8023E+00  6.0672E+00
  5.800  8.5656E-01  3.7192E-02 -2.1232E+01  0.1103E+01  6.9930E+00  6.2452E+00
  6.000  7.7436E-01  3.4151E-02 -2.1490E+01  0.1092E+01  7.1964E+00  6.4248E+00
  6.500  5.7313E-01  2.8565E-02 -2.2058E+01  0.1068E+01  7.7521E+00  6.8803E+00
  7.000  3.8195E-01  2.3701E-02 -2.2528E+01  0.1045E+01  8.3653E+00  7.3434E+00
  7.500  2.0526E-01  1.8547E-02 -2.2929E+01  0.1025E+01  9.0274E+00  7.8124E+00
  8.000  3.6744E-02  1.3458E-02 -2.3308E+01  0.1009E+01  9.7324E+00  8.2861E+00
  8.500 -1.2594E-01  9.2446E-03 -2.3702E+01  0.9934E+00  1.0476E+01  8.7636E+00
  9.000 -2.9459E-01  6.3484E-03 -2.4109E+01  0.9784E+00  1.1257E+01  9.2442E+00
  9.500 -4.6407E-01  4.6306E-03 -2.4508E+01  0.9652E+00  1.2070E+01  9.7272E+00
 10.000 -6.2687E-01  3.7049E-03 -2.4847E+01  0.9532E+00  1.2916E+01  1.0212E+01
 11.000 -9.3053E-01  2.8644E-03 -2.5293E+01  0.9335E+00  1.4697E+01  1.1188E+01
 12.000 -1.2061E+00  2.1418E-03 -2.5650E+01  0.9223E+00  1.6591E+01  1.2168E+01
 13.000 -1.4657E+00  1.3542E-03 -2.6171E+01  0.9159E+00  1.8591E+01  1.3152E+01
 14.000 -1.7071E+00  9.0038E-04 -2.6763E+01  0.9090E+00  2.0693E+01  1.4138E+01
 15.000 -1.9270E+00  7.1528E-04 -2.7044E+01  0.9047E+00  2.2890E+01  1.5127E+01
 16.000 -2.1320E+00  5.8361E-04 -2.7118E+01  0.9034E+00  2.5180E+01  1.6117E+01
 17.000 -2.3245E+00  4.3049E-04 -2.7397E+01  0.9006E+00  2.7560E+01  1.7109E+01
 18.000 -2.5017E+00  3.1760E-04 -2.7883E+01  0.8987E+00  3.0027E+01  1.8102E+01
 19.000 -2.6670E+00  2.5879E-04 -2.8081E+01  0.8987E+00  3.2577E+01  1.9095E+01
 20.000 -2.8224E+00  2.3732E-04 -2.7854E+01  0.8968E+00  3.5210E+01  2.0090E+01
