 name:     molybdenum                                             Feff 8.20
 formula:  Mo
 sites:    Mo1
 refer1:   Kittel, ISSP
 refer2:
 schoen:
 notes1:   metal, bcc
 POT  SCF  20  5.3121   0, core-hole, AFOLP (folp(0)= 1.150)
 Abs   Z=42 Rmt= 1.509 Rnm= 1.565 K  shell
 Pot 1 Z=42 Rmt= 1.479 Rnm= 1.530
 Gam_ch=5.613E+00 H-L exch
 Mu=-8.903E+00 kf=2.144E+00 Vint=-2.045E+01 Rs_int= 1.692
 PATH  Rmax= 8.018,  Keep_limit= 0.00, Heap_limit 0.00  Pwcrit= 0.50%
 Path   14      icalc       2
 -----------------------------------------------------------------------
   4   8.000   5.4511    2.8926   -8.90277 nleg, deg, reff, rnrmav(bohr), edge
        x         y         z   pot at#
     0.0000    0.0000    0.0000  0  42 Mo       absorbing atom
    -1.5736    1.5736   -1.5736  1  42 Mo    
     0.0000    0.0000    0.0000  0  42 Mo    
     1.5736   -1.5736    1.5736  1  42 Mo    
    k   real[2*phc]   mag[feff]  phase[feff] red factor   lambda     real[p]@#
 -1.960  9.8279E+00  1.2968E+00 -9.2593E+00  1.012E+00  1.0240E+00  3.7717E-01
 -1.820  9.5815E+00  8.7447E-01 -1.0089E+01  1.114E+00  1.3664E+00  5.0331E-01
 -1.680  9.4362E+00  7.6825E-01 -1.0486E+01  1.160E+00  1.8938E+00  6.9755E-01
 -1.540  9.3257E+00  7.2736E-01 -1.0589E+01  1.171E+00  2.4634E+00  9.0738E-01
 -1.400  9.2329E+00  8.1519E-01 -1.0752E+01  1.169E+00  2.9550E+00  1.0884E+00
 -1.260  9.1535E+00  1.0092E+00 -1.1013E+01  1.163E+00  3.3594E+00  1.2374E+00
 -1.214  9.1300E+00  1.0894E+00 -1.1114E+01  1.161E+00  3.4763E+00  1.2804E+00
 -1.051  9.0564E+00  1.3599E+00 -1.1514E+01  1.155E+00  3.8329E+00  1.4118E+00
 -0.858  8.9860E+00  1.4402E+00 -1.2135E+01  1.148E+00  4.1629E+00  1.5334E+00
 -0.607  8.9185E+00  1.0812E+00 -1.3375E+01  1.142E+00  4.4708E+00  1.6468E+00
  0.000  8.8537E+00  4.7625E-04 -1.2302E+01  1.137E+00  4.7602E+00  1.7534E+00
  0.100  8.8520E+00  1.5679E-01 -1.3361E+01  1.136E+00  4.7675E+00  1.7561E+00
  0.200  8.8471E+00  3.0887E-01 -1.4348E+01  1.136E+00  4.7892E+00  1.7641E+00
  0.300  8.8388E+00  4.5121E-01 -1.5269E+01  1.135E+00  4.8248E+00  1.7774E+00
  0.400  8.8274E+00  5.7846E-01 -1.6126E+01  1.135E+00  4.8736E+00  1.7960E+00
  0.500  8.8128E+00  6.8532E-01 -1.6923E+01  1.134E+00  4.9343E+00  1.8195E+00
  0.600  8.7950E+00  7.6739E-01 -1.7665E+01  1.132E+00  5.0056E+00  1.8480E+00
  0.700  8.7742E+00  8.2207E-01 -1.8358E+01  1.131E+00  5.0858E+00  1.8811E+00
  0.800  8.7504E+00  8.4918E-01 -1.9006E+01  1.130E+00  5.1730E+00  1.9187E+00
  0.900  8.7237E+00  8.5106E-01 -1.9614E+01  1.129E+00  5.2652E+00  1.9606E+00
  1.000  8.6942E+00  8.3149E-01 -2.0185E+01  1.129E+00  5.3602E+00  2.0066E+00
  1.100  8.6617E+00  7.9561E-01 -2.0722E+01  1.128E+00  5.4557E+00  2.0564E+00
  1.200  8.6265E+00  7.4822E-01 -2.1225E+01  1.128E+00  5.5497E+00  2.1100E+00
  1.300  8.5883E+00  6.9359E-01 -2.1694E+01  1.128E+00  5.6401E+00  2.1670E+00
  1.400  8.5472E+00  6.3513E-01 -2.2126E+01  1.129E+00  5.7252E+00  2.2274E+00
  1.500  8.5030E+00  5.7544E-01 -2.2518E+01  1.130E+00  5.8035E+00  2.2911E+00
  1.600  8.4557E+00  5.1651E-01 -2.2864E+01  1.132E+00  5.8742E+00  2.3580E+00
  1.700  8.4050E+00  4.6004E-01 -2.3159E+01  1.135E+00  5.9368E+00  2.4279E+00
  1.800  8.3506E+00  4.0761E-01 -2.3395E+01  1.137E+00  5.9916E+00  2.5008E+00
  1.900  8.2923E+00  3.6102E-01 -2.3563E+01  1.141E+00  6.0397E+00  2.5768E+00
  2.000  8.2297E+00  3.2218E-01 -2.3653E+01  1.144E+00  6.0829E+00  2.6558E+00
  2.200  8.0898E+00  2.7595E-01 -2.3583E+01  1.152E+00  6.1666E+00  2.8231E+00
  2.400  7.9234E+00  2.8774E-01 -2.3166E+01  1.158E+00  6.2785E+00  3.0058E+00
  2.600  7.7006E+00  3.6067E-01 -2.2531E+01  1.247E+00  5.3989E+00  3.2142E+00
  2.800  7.6143E+00  5.5835E-01 -2.2496E+01  1.368E+00  4.4605E+00  3.3740E+00
  3.000  7.5705E+00  8.2752E-01 -2.2689E+01  1.400E+00  4.1567E+00  3.5140E+00
  3.200  7.4882E+00  1.0663E+00 -2.2873E+01  1.406E+00  4.0185E+00  3.6644E+00
  3.400  7.3911E+00  1.1943E+00 -2.3038E+01  1.398E+00  3.9770E+00  3.8205E+00
  3.600  7.2825E+00  1.1671E+00 -2.3182E+01  1.375E+00  3.9936E+00  3.9813E+00
  3.800  7.1673E+00  1.0137E+00 -2.3296E+01  1.353E+00  4.0493E+00  4.1465E+00
  4.000  7.0472E+00  7.9760E-01 -2.3365E+01  1.325E+00  4.1335E+00  4.3155E+00
  4.200  6.9242E+00  5.7973E-01 -2.3368E+01  1.300E+00  4.2394E+00  4.4879E+00
  4.400  6.8002E+00  3.9567E-01 -2.3272E+01  1.273E+00  4.3628E+00  4.6634E+00
  4.600  6.6754E+00  2.6646E-01 -2.3040E+01  1.249E+00  4.5004E+00  4.8416E+00
  4.800  6.5510E+00  1.9244E-01 -2.2659E+01  1.227E+00  4.6502E+00  5.0221E+00
  5.000  6.4274E+00  1.6339E-01 -2.2189E+01  1.206E+00  4.8104E+00  5.2046E+00
  5.200  6.3048E+00  1.6427E-01 -2.1740E+01  1.188E+00  4.9797E+00  5.3890E+00
  5.400  6.1836E+00  1.8660E-01 -2.1373E+01  1.171E+00  5.1573E+00  5.5749E+00
  5.600  6.0635E+00  2.2695E-01 -2.1106E+01  1.155E+00  5.3421E+00  5.7623E+00
  5.800  5.9447E+00  2.8250E-01 -2.0942E+01  1.140E+00  5.5337E+00  5.9509E+00
  6.000  5.8267E+00  3.4896E-01 -2.0864E+01  1.125E+00  5.7314E+00  6.1405E+00
  6.500  5.5335E+00  5.3361E-01 -2.0888E+01  1.086E+00  6.2495E+00  6.6187E+00
  7.000  5.2446E+00  6.9905E-01 -2.1063E+01  1.054E+00  6.7975E+00  7.1014E+00
  7.500  4.9665E+00  8.2207E-01 -2.1288E+01  1.028E+00  7.3715E+00  7.5875E+00
  8.000  4.7005E+00  9.0273E-01 -2.1520E+01  1.009E+00  7.9686E+00  8.0762E+00
  8.500  4.4437E+00  9.4436E-01 -2.1753E+01  9.945E-01  8.5864E+00  8.5669E+00
  9.000  4.1958E+00  9.4542E-01 -2.1990E+01  9.823E-01  9.2232E+00  9.0591E+00
  9.500  3.9585E+00  9.1694E-01 -2.2226E+01  9.724E-01  9.8775E+00  9.5526E+00
 10.000  3.7325E+00  8.7210E-01 -2.2456E+01  9.649E-01  1.0548E+01  1.0047E+01
 11.000  3.3081E+00  7.4998E-01 -2.2908E+01  9.549E-01  1.1934E+01  1.1038E+01
 12.000  2.9144E+00  6.1327E-01 -2.3353E+01  9.477E-01  1.3375E+01  1.2032E+01
 13.000  2.5525E+00  4.8787E-01 -2.3783E+01  9.440E-01  1.4865E+01  1.3027E+01
 14.000  2.2148E+00  3.7952E-01 -2.4211E+01  9.414E-01  1.6400E+01  1.4023E+01
 15.000  1.9028E+00  2.9367E-01 -2.4623E+01  9.393E-01  1.7976E+01  1.5020E+01
 16.000  1.6106E+00  2.2824E-01 -2.5050E+01  9.369E-01  1.9590E+01  1.6017E+01
 17.000  1.3352E+00  1.7500E-01 -2.5511E+01  9.342E-01  2.1240E+01  1.7015E+01
 18.000  1.0762E+00  1.2229E-01 -2.6032E+01  9.329E-01  2.2923E+01  1.8013E+01
 19.000  8.3034E-01  7.2549E-02 -2.6376E+01  9.322E-01  2.4636E+01  1.9012E+01
 20.000  5.9947E-01  6.0171E-02 -2.6606E+01  9.323E-01  2.6379E+01  2.0011E+01
 21.000  3.7995E-01  4.8916E-02 -2.7252E+01  9.327E-01  2.8150E+01  2.1010E+01
 22.000  1.7317E-01  2.5015E-02 -2.8470E+01  9.335E-01  2.9947E+01  2.2009E+01
 23.000 -2.4474E-02  2.6686E-02 -3.1017E+01  9.345E-01  3.1768E+01  2.3008E+01
 24.000 -2.1090E-01  5.3901E-02 -3.2279E+01  9.356E-01  3.3612E+01  2.4007E+01
 25.000 -3.8844E-01  7.4549E-02 -3.3224E+01  9.369E-01  3.5478E+01  2.5007E+01
