 Staggered structure of ferrocene with a=9.98, b=c=10   Feff 6L.02    potph 4.12
 Abs   Z=26 Rmt= 1.102 Rnm= 1.266 K shell
 Pot 1 Z= 6 Rmt= 0.720 Rnm= 1.062
 Gam_ch=1.325E+00 H-L exch
 Mu=-4.513E+00 kf=2.604E+00 Vint=-3.034E+01 Rs_int= 1.393
 Path    9      icalc       2                           Feff 6L.02   genfmt 1.44
 -------------------------------------------------------------------------------
   4  10.000   4.0543    2.0480   -4.51344 nleg, deg, reff, rnrmav(bohr), edge
        x         y         z   pot at#
     0.0000    0.0000    0.0000  0  26 Fe       absorbing atom
    -1.6410    0.9629   -0.6996  1   6 C     
     0.0000    0.0000    0.0000  0  26 Fe    
     1.6410   -0.9629    0.6996  1   6 C     
    k   real[2*phc]   mag[feff]  phase[feff] red factor   lambda      real[p]@#
  0.000  2.3165E+00  0.0000E+00  1.6705E-01  0.1016E+01  2.9950E+01  2.6040E+00
  0.200  2.3131E+00  9.6180E-02 -1.3967E+00  0.1016E+01  3.0032E+01  2.6113E+00
  0.400  2.3028E+00  1.8760E-01 -2.8458E+00  0.1016E+01  3.0247E+01  2.6332E+00
  0.600  2.2860E+00  2.7015E-01 -4.1837E+00  0.1016E+01  3.0507E+01  2.6692E+00
  0.800  2.2629E+00  3.4078E-01 -5.4158E+00  0.1015E+01  3.0677E+01  2.7189E+00
  1.000  2.2340E+00  3.9758E-01 -6.5485E+00  0.1015E+01  3.0593E+01  2.7816E+00
  1.200  2.1998E+00  4.3970E-01 -7.5882E+00  0.1016E+01  3.0111E+01  2.8568E+00
  1.400  2.1607E+00  4.6711E-01 -8.5416E+00  0.1017E+01  2.9153E+01  2.9437E+00
  1.600  2.1171E+00  4.8044E-01 -9.4142E+00  0.1018E+01  2.7741E+01  3.0418E+00
  1.800  2.0693E+00  4.8076E-01 -1.0211E+01  0.1020E+01  2.5997E+01  3.1505E+00
  2.000  2.0172E+00  4.6944E-01 -1.0935E+01  0.1023E+01  2.4098E+01  3.2696E+00
  2.200  1.9607E+00  4.4803E-01 -1.1590E+01  0.1026E+01  2.2230E+01  3.3987E+00
  2.400  1.8989E+00  4.1825E-01 -1.2178E+01  0.1030E+01  2.0544E+01  3.5377E+00
  2.600  1.8310E+00  3.8197E-01 -1.2699E+01  0.1034E+01  1.9152E+01  3.6865E+00
  2.800  1.7725E+00  3.4194E-01 -1.3164E+01  0.1035E+01  1.8130E+01  3.8454E+00
  3.000  1.5735E+00  3.0267E-01 -1.3301E+01  0.1043E+01  1.4582E+01  4.0607E+00
  3.200  1.5701E+00  3.0349E-01 -1.3908E+01  0.1122E+01  9.0674E+00  4.1879E+00
  3.400  1.5660E+00  2.7664E-01 -1.4445E+01  0.1163E+01  7.4423E+00  4.3215E+00
  3.600  1.5401E+00  2.4027E-01 -1.4950E+01  0.1183E+01  6.7145E+00  4.4610E+00
  3.800  1.5051E+00  2.0888E-01 -1.5446E+01  0.1191E+01  6.3447E+00  4.6058E+00
  4.000  1.4540E+00  1.7945E-01 -1.5922E+01  0.1190E+01  6.1583E+00  4.7555E+00
  4.200  1.4068E+00  1.5409E-01 -1.6388E+01  0.1185E+01  6.0806E+00  4.9097E+00
  4.400  1.3494E+00  1.3282E-01 -1.6830E+01  0.1178E+01  6.0743E+00  5.0680E+00
  4.600  1.2897E+00  1.1597E-01 -1.7235E+01  0.1168E+01  6.1183E+00  5.2299E+00
  4.800  1.2207E+00  1.0161E-01 -1.7615E+01  0.1159E+01  6.1999E+00  5.3951E+00
  5.000  1.1456E+00  8.9955E-02 -1.7966E+01  0.1148E+01  6.3106E+00  5.5632E+00
  5.200  1.0721E+00  8.0524E-02 -1.8300E+01  0.1138E+01  6.4450E+00  5.7341E+00
  5.400  9.9323E-01  7.3444E-02 -1.8609E+01  0.1128E+01  6.5989E+00  5.9073E+00
  5.600  9.1206E-01  6.7385E-02 -1.8906E+01  0.1117E+01  6.7695E+00  6.0827E+00
  5.800  8.3171E-01  6.2929E-02 -1.9185E+01  0.1107E+01  6.9547E+00  6.2600E+00
  6.000  7.5053E-01  5.9461E-02 -1.9439E+01  0.1098E+01  7.1526E+00  6.4391E+00
  6.500  5.5069E-01  5.2691E-02 -2.0001E+01  0.1074E+01  7.6954E+00  6.8934E+00
  7.000  3.6060E-01  4.6029E-02 -2.0475E+01  0.1054E+01  8.2961E+00  7.3555E+00
  7.500  1.8439E-01  3.7861E-02 -2.0890E+01  0.1035E+01  8.9458E+00  7.8236E+00
  8.000  1.7585E-02  2.8846E-02 -2.1283E+01  0.1019E+01  9.6385E+00  8.2965E+00
  8.500 -1.4390E-01  2.0677E-02 -2.1689E+01  0.1003E+01  1.0370E+01  8.7733E+00
  9.000 -3.1129E-01  1.4588E-02 -2.2096E+01  0.9885E+00  1.1137E+01  9.2532E+00
  9.500 -4.7933E-01  1.0640E-02 -2.2489E+01  0.9760E+00  1.1938E+01  9.7357E+00
 10.000 -6.4146E-01  8.3316E-03 -2.2824E+01  0.9652E+00  1.2771E+01  1.0220E+01
 11.000 -9.4467E-01  6.2251E-03 -2.3263E+01  0.9479E+00  1.4525E+01  1.1195E+01
 12.000 -1.2191E+00  4.8249E-03 -2.3593E+01  0.9371E+00  1.6391E+01  1.2174E+01
 13.000 -1.4775E+00  3.2173E-03 -2.4082E+01  0.9314E+00  1.8362E+01  1.3157E+01
 14.000 -1.7183E+00  2.0948E-03 -2.4681E+01  0.9264E+00  2.0433E+01  1.4144E+01
 15.000 -1.9376E+00  1.5677E-03 -2.5026E+01  0.9226E+00  2.2599E+01  1.5132E+01
 16.000 -2.1421E+00  1.2646E-03 -2.5104E+01  0.9212E+00  2.4857E+01  1.6122E+01
 17.000 -2.3341E+00  9.7530E-04 -2.5320E+01  0.9196E+00  2.7203E+01  1.7113E+01
 18.000 -2.5110E+00  7.2575E-04 -2.5802E+01  0.9179E+00  2.9636E+01  1.8106E+01
 19.000 -2.6763E+00  5.7437E-04 -2.6145E+01  0.9173E+00  3.2151E+01  1.9099E+01
 20.000 -2.8318E+00  4.7823E-04 -2.6038E+01  0.9159E+00  3.4748E+01  2.0093E+01
