# data from ifeffit
#------------------------
#   energy         xmu         bkg         k
  6912.1800        17.498890      -0.12590817E-10   0.36548268
  7098.4400        13.094150      -0.14040324E-10   0.59242601
  7099.1700        12.913671      -0.16321571       0.75215716
  7099.9800        12.456625      -0.60110655       0.88937556
  7100.7400        13.025529      -0.14229816E-01   0.99632568
  7101.5500        13.041346       0.20742341E-01    1.0940567
  7102.3200        12.762457      -0.23993744        1.1881632
  7103.1000        12.558974      -0.42497473        1.2701999
  7103.8700        14.060653        1.0949135        1.3482221
  7104.6800        13.290098       0.34351365        1.3521019
  7105.5300        13.878814       0.95233074        1.4293185
  7106.3000        13.359909       0.45163496        1.4920768
  7107.1100        13.278957       0.38983812        1.5556708
  7107.8800        13.508437       0.63752734        1.6232324
  7108.7300        13.593755       0.74294643        1.6842089
  7109.5500        13.718609       0.88719207        1.7475556
  7110.4000        15.928156        3.1168402        1.8043355
  7111.2200        14.691365        1.8994408        1.8572681
  7111.9500        16.880916        4.1062551        1.9107906
  7111.9900        17.096241        4.3225260        1.9668533
  7112.8100        16.359333        3.6050097        2.0207137
  7113.6200        17.025026        4.2898578        2.0712793
  7114.4800        17.473451        4.7586204        2.1194041
  7115.2900        19.561020        6.8653445        2.1700841
  7116.0200        23.308491        10.630079        2.2237334
  7116.8300        26.365048        13.705791        2.3166088
  7117.6000        30.810868        18.169820        2.3982690
  7117.6400        31.550170        58.201696        2.4793524
  7118.4300        36.166598        69.929515        2.5614482
  7119.2400        43.657714        70.018856        2.6335448
  7119.9700        52.245264        70.099067        2.7075917
  7120.7000        59.251108        70.178987        2.7801378
  7121.5100        63.871557        70.267325        2.8448604
  7122.2900        64.107479        70.352054        2.9126426
  7123.1000        65.132512        70.439692        2.9784432
  7123.8700        68.547186        70.522672        3.0389452
  7124.6000        72.950085        70.601045        3.1037561
  7125.3800        79.249722        70.684468        3.1709601
  7126.2000        85.854775        70.771815        3.2529126
  7127.0200        92.887374        70.858800        3.3379549
  7127.8300        98.476759        70.944369        3.4155199
  7128.6500        104.72916        71.030636        3.4951111
  7129.3800        110.01120        71.107131        3.5666933
  7130.2400        116.65064        71.196883        3.6411854
  7131.0600        121.38631        71.282093        3.7081848
  7131.9200        128.60027        71.371074        3.7767700
  7132.7400        132.35280        71.455550        3.8448130
  7133.5100        134.03264        71.534551        3.9113378
  7134.3400        132.63018        71.619355        3.9783961
  7135.1600        130.25665        71.702779        4.0453139
  7136.0200        125.25859        71.789892        4.1120982
  7136.7900        119.05209        71.867557        4.1756203
  7137.5700        113.38677        71.945913        4.2412792
  7138.3900        106.73143        72.027942        4.3022859
  7139.1600        103.83146        72.104648        4.3618390
  7139.9400        101.62379        72.182035        4.4182194
  7139.9800        101.03721        72.185995        4.4197012
  7140.8000        98.825048        72.266990        4.4765230
  7141.5000        96.315797        72.335854        4.5332103
  7142.2400        95.276348        72.408376        4.5900535
  7143.0600        94.430189        72.488406        4.6487374
  7143.8300        94.254359        72.563238        4.7655860
  7144.6600        92.937730        72.643558        4.8772214
  7145.4300        92.161751        72.717753        4.9842565
  7146.1700        91.910380        72.788768        5.0833765
  7146.9400        91.830975        72.862364        5.1831275
  7147.7700        90.727533        72.941352        5.2852088
  7148.5900        91.041625        73.019041        5.3858417
  7149.3800        89.544918        73.093562        5.4831957
  7150.1500        89.089518        73.165890        5.5762683
  7150.9800        88.912945        73.243514        5.6687369
  7151.8800        87.999864        73.327288        5.7599485
  7153.4900        86.904294        73.476123        5.8535427
  7154.9600        85.705447        73.610869        5.9452232
  7156.4700        85.214034        73.748146        6.0294327
  7158.0500        85.685056        73.890558        6.1126964
  7159.4800        85.054785        74.018370        6.1967434
  7160.9900        85.671753        74.152224        6.2819592
  7162.5100        86.303930        74.285818        6.3666515
  7163.9000        87.805094        74.406982        6.4506379
  7165.3900        88.487979        74.535803        6.5305375
  7166.8700        89.908636        74.662676        6.6082824
  7168.2600        91.030756        74.780854        6.6857108
  7169.7800        92.058453        74.909002        6.7641891
  7171.3900        93.952742        75.043509        6.8436811
  7173.4000        94.682129        75.209668        6.9213143
  7175.5400        96.550352        75.384427        6.9941554
  7177.5400        97.857060        75.545762        7.0669870
  7179.6400        98.853911        75.713104        7.1418266
  7181.5700        100.76975        75.865048        7.2166160
  7183.6200        100.43376        76.024506        7.2917159
  7185.5000        101.62616        76.168998        7.3617820
  7187.4600        101.79744        76.317874        7.4299538
  7189.4400        102.19721        76.466447        7.4990777
  7191.4100        101.67019        76.612463        7.5693005
  7193.4300        101.63523        76.760321        7.6404206
  7195.4800        100.90035        76.908456        7.7110546
  7197.5600        101.08783        77.056794        7.7778490
  7199.5700        99.858257        77.198269        7.8435737
  7201.6800        99.289575        77.344815        7.9079243
  7203.6700        98.971861        77.481189        7.9750403
  7205.6400        97.700689        77.614445        8.0428989
  7207.5300        95.887479        77.740664        8.1076058
  7207.5800        96.154917        77.743982        8.1708387
  7209.5100        96.288283        77.871195        8.2339041
  7211.4600        93.951278        77.998057        8.2971215
  7213.4400        95.036722        78.125164        8.3615838
  7215.5100        92.905441        78.256219        8.4253975
  7219.7100        91.906115        78.516422        8.4881144
  7223.8200        89.895140        78.763720        8.5468479
  7227.8500        89.670128        78.999242        8.6068544
  7231.6600        89.576530        79.215638        8.6684096
  7235.5700        90.212088        79.431448        8.7305808
  7239.6500        90.127083        79.649949        8.7915677
  7243.7500        90.871785        79.862716        8.8499150
  7247.7900        91.572675        80.065773        8.9081741
  7251.7200        93.437976        80.257095        8.9645941
  7255.6900        93.774281        80.444221        9.0242898
  7259.6700        93.918656        80.625695        9.0841698
  7263.8200        94.932631        80.808469        9.1432281
  7267.9500        94.851192        80.983908        9.1999146
  7271.8000        94.914084        81.141724        9.2542731
  7275.6600        94.847036        81.294472        9.3090176
  7279.6100        93.966251        81.445171        9.3655397
  7283.6700        93.701380        81.594229        9.4236684
  7287.7600        91.747877        81.738483        9.4803358
  7291.8700        91.234652        81.877553        9.5346064
  7295.8300        90.378073        82.006037        9.5867941
  7299.7300        90.303353        82.127362        9.6406013
  7303.6600        89.651449        82.244458        9.6949203
  7307.6900        88.842369        82.359226        9.7514887
  7311.8200        88.552289        82.471346        9.8065289
  7315.9000        88.681387        82.576725        9.8594026
  7319.7700        87.976378        82.671809        9.9102765
  7323.6800        88.064440        82.763129        9.9614164
  7327.7400        87.582734        82.852979        10.014388
  7331.8400        87.529796        82.938649        10.068771
  7336.0000        87.286203        83.020455        10.121957
  7339.9200        87.175051        83.092898        10.173449
  7343.7700        87.035469        83.159732        10.221863
  7347.7100        87.019155        83.223771        10.272344
  7351.7500        87.217759        83.284932        10.323467
  7355.8800        87.452372        83.342823        10.375599
  7360.0200        87.326275        83.396236        10.427346
  7363.9700        87.671115        83.442962        10.476587
  7367.8900        87.693061        83.485318        10.524353
  7371.7600        87.769065        83.523278        10.573886
  7375.8300        87.915035        83.559142        10.623804
  7379.9800        87.877459        83.591507        10.674715
  7383.9700        87.782848        83.618700        10.724774
  7387.9000        87.640988        83.641797        10.773021
  7391.8500        86.943746        83.661395        10.819842
  7395.8400        86.930783        83.677586        10.866581
  7399.9400        86.642956        83.690524        10.915401
  7404.0300        87.060551        83.699776        10.965914
  7408.0800        86.603807        83.705418        11.013817
  7411.9000        86.551897        83.707602        11.061040
  7415.8300        85.319051        83.706738        11.106293
  7419.8900        85.464706        83.702609        11.152771
  7424.0200        85.505070        83.695113        11.198940
  7428.1000        85.429621        83.684524        11.247947
  7432.0300        84.144210        83.671408        11.341862
  7435.9800        84.397793        83.655413        11.386344
  7439.8300        83.878852        83.637179        11.431914
  7443.9300        84.585768        83.614967        11.477302
  7448.0700        83.298603        83.589694        11.524784
  7452.1800        83.718502        83.561859        11.571053
  7456.1500        83.729183        83.532452        11.616574
  7459.9800        84.194358        83.501804        11.660795
  7463.8600        83.367229        83.468543        11.705072
  7467.8900        84.045526        83.431711        11.748513
  7472.0600        83.212136        83.391229        11.794237
  7476.1500        83.863204        83.349263        11.839785
  7480.0900        83.537085        83.306794        11.885048
  7483.9000        83.774077        83.263888        11.928713
  7487.8500        83.333865        83.217568        11.971014
  7491.8600        83.584318        83.168704        12.013821
  7496.0600        82.901155        83.115619        12.057671
  7500.1700        83.827353        83.061864        12.103526
  7504.1400        83.052114        83.008321        12.147590
  7507.9800        84.035602        82.955088        12.189455
  7511.8600        83.776012        82.899925        12.231711
  7515.9000        83.885852        82.841093        12.272862
  7520.0700        83.013679        82.778956        12.316002
  7524.1700        83.427198        82.716546        12.359627
  7528.1600        82.667220        82.654634        12.402571
  7531.9300        82.916618        82.595137        12.403099
  7535.8800        83.117212        82.531829        12.444946
  7539.9000        83.103552        82.466452        12.485498
  7544.0200        82.223513        82.398538        12.526547
  7548.1300        82.659343        82.329949        12.567983
  7552.0600        81.861224        82.263655        12.611048
  7555.8900        81.939719        82.198451        12.653345
  7559.8800        80.656213        82.129967        12.695193
  7563.9200        81.066765        82.060121        12.736285
  7568.0600        81.096841        81.988102        12.775811
  7572.1500        81.172176        81.916591        12.816134
  7576.1100        80.397945        81.847087        12.856535
  7579.9700        81.066524        81.779155        12.899347
  7583.8400        80.373527        81.710936        12.941208
  7587.9000        80.929697        81.639320        12.980312
  7592.1200        79.784969        81.564913        13.019700
  7596.1400        80.414279        81.494143        13.059671
  7600.1200        79.469487        81.424259        13.099521
  7603.9500        80.233685        81.357248        13.140346
  7607.9000        79.044077        81.288453        13.181044
  7611.8400        80.103235        81.220224        13.221716
  7616.0400        79.667103        81.147990        13.261178
  7624.1400        78.584437        81.010166        13.299636
  7628.0000        79.844141        80.945172        13.337492
  7631.9700        78.971078        80.878787        13.377297
  7635.9400        78.922938        80.812867        13.418057
  7640.1100        78.789667        80.744128        13.458305
  7644.1900        78.673203        80.677367        13.496298
  7648.2200        78.011737        80.611905        13.534379
  7652.1500        78.534236        80.548525        13.572256
  7656.1000        77.568493        80.485277        13.611182
  7659.9900        77.754464        80.423435        13.649901
  7664.1000        76.951514        80.358575        13.689754
  7668.2100        77.666681        80.294204        13.727870
  7672.3100        76.021515        80.230479        13.765975
  7676.2800        76.653339        80.169237        13.802553
  7680.1400        75.466939        80.110128        13.840074
  7684.0600        76.146347        80.050539        13.877400
  7688.0900        75.801268        79.989738        13.916790
  7692.3200        76.321736        79.926420        13.955505
  7696.4000        75.643887        79.865833        13.992336
  7700.2900        76.266142        79.808509        14.027949
  7704.2300        75.302040        79.750888        14.065056
  7708.0800        75.613478        79.695008        14.101600
  7712.1300        74.879541        79.636680        14.139625
  7716.2400        75.141676        79.577961        14.177640
  7720.3000        75.201433        79.520424        14.215369
  7720.3500        75.331423        79.519719        14.252263
  7724.3200        75.365664        79.463912        14.287045
  7728.1800        75.332054        79.410075        14.322840
  7732.1000        75.101283        79.355830        14.359914
  7736.0700        75.223537        79.301330        14.397529
  7740.2100        75.609133        79.244964        14.434502
  7744.2900        75.085379        79.189882        14.470566
  7748.3400        75.056003        79.135662        14.505999
  7752.3300        74.868926        79.082690        14.541435
  7756.1800        74.834080        79.031993        14.576695
  7760.1200        73.870927        78.980534        14.613035
  7764.0800        74.503314        78.929245        14.651699
  7768.2900        74.312219        78.875189        14.829207
  7772.4200        74.276632        78.822632        14.968788
  7776.2900        73.872582        78.773806        15.002608
  7780.2000        73.819702        78.724890        15.037396
  7784.1800        73.696009        78.675526        15.072452
  7788.1600        74.160207        78.626590        15.108120
  7792.2500        73.110121        78.576749        15.144655
  7796.3400        73.599474        78.527360        15.183949
  7800.4400        72.850723        78.478301        19.014882
  7804.4300        73.367197        78.430993        22.192708
  7808.3300        73.047302        78.385164        24.972885
  7812.1800        73.220130        78.340321        27.474908
  7816.2400        72.755870        78.293460        31.892566
  7820.4100        73.247348        78.245787        35.761721
  7824.5400        72.292054        78.199025        39.259921
  7828.4500        72.565999        78.155171        42.475919
  7832.3800        72.432770        78.111499        45.465229
