E	   		WM	        REL_ERR
7098.44		13.094150	0.417279
7099.17		12.913671	0.345788
7099.98		12.456625	0.292021
7100.74		13.025529	0.351887
7101.55		13.041346	0.371486
7102.32		12.762457	0.642897
7103.10		12.558974	0.338696
7103.87		14.060653	0.351624
7104.68		13.290098	0.307322
7105.53		13.878814	0.386683
7106.30		13.359909	0.273900
7107.11		13.278957	0.305502
7107.88		13.508437	0.375988
7108.73		13.593755	0.342656
7109.55		13.718609	0.655088
7110.40		15.928156	0.351172
7111.22		14.691365	0.359329
7111.95		16.880916	0.356029
7111.99		17.096241	0.555237
7112.81		16.359333	0.296151
7113.62		17.025026	0.413591
7114.48		17.473451	0.475246
7115.29		19.561020	0.329450
7116.02		23.308491	0.311911
7116.83		26.365048	0.338457
7117.60		30.810868	1.191389
7117.64		31.550170	0.382500
7118.43		36.166598	0.482693
7119.24		43.657714	0.362225
7119.97		52.245264	0.783621
7120.70		59.251108	0.494193
7121.51		63.871557	0.650073
7122.29		64.107479	0.361301
7123.10		65.132512	0.312965
7123.87		68.547186	0.273750
7124.60		72.950085	0.308006
7125.38		79.249722	0.375620
7126.20		85.854775	0.372557
7127.02		92.887374	0.370435
7127.83		98.476759	0.324892
7128.65		104.729159	0.425938
7129.38		110.011196	0.399117
7130.24		116.650638	0.267247
7131.06		121.386313	0.330801
7131.92		128.600273	0.436059
7132.74		132.352798	0.353628
7133.51		134.032638	0.309087
7134.34		132.630175	0.438191
7135.16		130.256655	0.351726
7136.02		125.258591	0.326434
7136.79		119.052095	0.336871
7137.57		113.386766	0.315067
7138.39		106.731429	0.373957
7139.16		103.831464	0.360416
7139.94		101.623793	0.456406
7139.98		101.037208	0.297621
7140.80		98.825048	0.443236
7141.50		96.315797	0.343367
7142.24		95.276348	0.273974
7143.06		94.430189	0.277705
7143.83		94.254359	0.299781
7144.66		92.937730	0.397641
7145.43		92.161751	0.388885
7146.17		91.910380	0.282187
7146.94		91.830975	0.280533
7147.77		90.727533	0.314755
7148.59		91.041625	0.353608
7149.38		89.544918	0.398565
7150.15		89.089518	0.343126
7150.98		88.912945	0.217811
7151.88		87.999864	0.389549
7153.49		86.904294	0.501054
7154.96		85.705447	0.423518
7156.47		85.214034	0.521718
7158.05		85.685056	0.336579
7159.48		85.054785	0.453081
7160.99		85.671753	0.295606
7162.51		86.303930	0.282132
7163.90		87.805094	0.290892
7165.39		88.487979	0.296855
7166.87		89.908636	0.298188
7168.26		91.030756	0.349279
7169.78		92.058453	0.264393
7171.39		93.952742	0.306133
7173.40		94.682129	0.297554
7175.54		96.550352	0.319591
7177.54		97.857060	0.300055
7179.64		98.853911	0.431010
7181.57		100.769747	0.312271
7183.62		100.433763	0.303804
7185.50		101.626160	0.292053
7187.46		101.797436	0.320973
7189.44		102.197208	0.375010
7191.41		101.670194	0.277217
7193.43		101.635232	0.292870
7195.48		100.900349	0.299981
7197.56		101.087829	0.324627
7199.57		99.858257	0.332012
7201.68		99.289575	0.289323
7203.67		98.971861	0.277021
7205.64		97.700689	0.276225
7207.53		95.887479	0.391406
7207.58		96.154917	0.445345
7209.51		96.288283	0.300667
7211.46		93.951278	0.353784
7213.44		95.036722	0.249460
7215.51		92.905441	0.236972
7219.71		91.906115	0.310877
7223.82		89.895140	0.326293
7227.85		89.670128	0.326368
7231.66		89.576530	0.338381
7235.57		90.212088	0.297488
7239.65		90.127083	0.349870
7243.75		90.871785	0.290176
7247.79		91.572675	0.329667
7251.72		93.437976	0.361766
7255.69		93.774281	0.267464
7259.67		93.918656	0.687345
7263.82		94.932631	0.365003
7267.95		94.851192	0.277708
7271.80		94.914084	0.335147
7275.66		94.847036	0.453207
7279.61		93.966251	0.268294
7283.67		93.701380	0.268323
7287.76		91.747877	0.289797
7291.87		91.234652	0.409819
7295.83		90.378073	0.333620
7299.73		90.303353	0.268173
7303.66		89.651449	0.305094
7307.69		88.842369	0.297267
7311.82		88.552289	0.435547
7315.90		88.681387	0.255086
7319.77		87.976378	0.751742
7323.68		88.064440	0.522992
7327.74		87.582734	0.255033
7331.84		87.529796	0.363902
7336.00		87.286203	0.305846
7339.92		87.175051	0.311815
7343.77		87.035469	0.300583
7347.71		87.019155	0.414251
7351.75		87.217759	0.451433	
7355.88		87.452372	0.383731
7360.02		87.326275	0.283334
7363.97		87.671115	0.573417
7367.89		87.693061	0.267676
7371.76		87.769065	0.330487
7375.83		87.915035	0.471912	
7379.98		87.877459	0.745100
7383.97		87.782848	0.456652	
7387.90		87.640988	0.249089
7391.85		86.943746	0.339064
7395.84		86.930783	0.258480
7399.94		86.642956	0.307250
7404.03		87.060551	0.508138
7408.08		86.603807	0.283225
7411.90		86.551897	0.416974
7415.83		85.319051	0.322256
7419.89		85.464706	0.357932
7424.02		85.505070	0.298325
7428.10		85.429621	0.294979
7432.03		84.144210	0.332634
7435.98		84.397793	0.556098
7439.83		83.878852	0.539351
7443.93		84.585768	0.281596
7448.07		83.298603	0.328358
7452.18		83.718502	0.283551
7456.15		83.729183	0.264648
7459.98		84.194358	0.383022
7463.86		83.367229	0.290520
7467.89		84.045526	0.286425
7472.06		83.212136	0.322852
7476.15		83.863204	0.294799
7480.09		83.537085	0.256514
7483.90		83.774077	0.305119
7487.85		83.333865	0.316469
7491.86		83.584318	0.324860
7496.06		82.901155	0.260516
7500.17		83.827353	0.313363
7504.14		83.052114	0.447077
7507.98		84.035602	0.297319
7511.86		83.776012	0.352102
7515.90		83.885852	0.232358
7520.07		83.013679	0.409069
7524.17		83.427198	0.457461
7528.16		82.667220	0.368082
7531.93		82.916618	0.417180
7535.88		83.117212	0.371897
7539.90		83.103552	0.279400
7544.02		82.223513	0.287848
7548.13		82.659343	0.331828
7552.06		81.861224	0.350944
7555.89		81.939719	0.375436
7559.88		80.656213	0.533960
7563.92		81.066765	0.341595
7568.06		81.096841	0.280564
7572.15		81.172176	0.415575
7576.11		80.397945	0.313515
7579.97		81.066524	0.279724
7583.84		80.373527	0.254130
7587.90		80.929697	0.319435
7592.12		79.784969	0.344195
7596.14		80.414279	0.287135
7600.12		79.469487	0.361352
7603.95		80.233685	0.338033
7607.90		79.044077	0.394306
7611.84		80.103235	0.293447
7616.04		79.667103	0.207380
7624.14		78.584437	0.283516
7628.00		79.844141	0.288679
7631.97		78.971078	0.337114
7635.94		78.922938	0.227742
7640.11		78.789667	0.239937
7644.19		78.673203	0.246571
7648.22		78.011737	0.312282
7652.15		78.534236	0.299007
7656.10		77.568493	0.262428
7659.99		77.754464	0.228584
7664.10		76.951514	0.282489
7668.21		77.666681	0.255303
7672.31		76.021515	0.184895
7676.28		76.653339	0.221638
7680.14		75.466939	0.259402
7684.06		76.146347	0.297630
7688.09		75.801268	0.196989
7692.32		76.321736	0.313668
7696.40		75.643887	0.252156
7700.29		76.266142	0.289709
7704.23		75.302040	0.204128
7708.08		75.613478	0.270009
7712.13		74.879541	0.297763
7716.24		75.141676	0.238776
7720.30		75.201433	0.216140
7720.35		75.331423	0.339230
7724.32		75.365664	0.233885
7728.18		75.332054	0.290307
7732.10		75.101283	0.254283
7736.07		75.223537	0.193019
7740.21		75.609133	0.212303
7744.29		75.085379	0.231500
7748.34		75.056003	0.258963
7752.33		74.868926	0.224848
7756.18		74.834080	0.291277
7760.12		73.870927	0.276762
7764.08		74.503314	0.254153
7768.29		74.312219	0.198272
7772.42		74.276632	0.222918
7776.29		73.872582	0.267223
7780.20		73.819702	0.294001
7784.18		73.696009	0.209206
7788.16		74.160207	0.444823
7792.25		73.110121	0.243887
7796.34		73.599474	0.279856
7800.44		72.850723	0.239521
7804.43		73.367197	0.266849
7808.33		73.047302	0.355979
7812.18		73.220130	0.266398
7816.24		72.755870	0.227711
7820.41		73.247348	0.231481
7824.54		72.292054	0.319529
7828.45		72.565999	0.447440
7832.38		72.432770	0.287732
7836.30		72.415510	0.241136
7840.34		72.561828	0.246165
7844.37		72.331212	0.378754
7848.53		72.096702	0.210656
7852.52		72.189845	0.304540
7856.52		72.155591	0.265542
7860.37		72.064595	0.444851
7864.33		71.111738	0.204932
7868.28		71.335782	0.252814
7872.46		70.891122	0.279235
7876.58		71.343228	0.267732
7880.51		70.887997	0.177646
7884.32		71.423103	0.286913
7888.30		70.287077	0.283150
7892.23		70.907504	0.276050
7896.33		70.481954	0.170019
7900.44		71.135086	0.296643
7904.53		71.039406	0.444097
7908.54		71.231623	0.468788
7912.33		70.879882	0.474217
7916.24		70.635165	0.297746
7920.30		70.973374	0.361106
7924.43		70.240649	0.502877
7928.50		70.426235	0.481392
7932.48		70.147534	0.337859
7936.40		70.366324	0.323820
7940.33		69.534053	0.366213
7944.25		69.983381	0.335258
7948.30		70.134645	0.276685
7952.62		70.085241	0.196064
7972.60		68.913707	0.445258
7988.48		69.264400	0.453877
7992.35		68.715761	0.180231
7996.34		69.786604	0.394370
8000.37		68.724376	0.357100