 Ferrocene PUBLISHED DATA                                         Feff 8.10
 Abs   Z=26 Rmt= 1.254 Rnm= 1.300 K  shell
 Pot 1 Z= 6 Rmt= 0.847 Rnm= 1.043
 Pot 2 Z= 1 Rmt= 0.763 Rnm= 0.924
 Gam_ch=1.309E+00 H-L exch
 Mu= 5.790E+00 kf=2.396E+00 Vint=-1.608E+01 Rs_int= 1.514
 Path   34      icalc       2
 -----------------------------------------------------------------------
   6  20.000   4.9243    1.9025    5.78977 nleg, deg, reff, rnrmav(bohr), edge
        x         y         z   pot at#
     0.0000    0.0000    0.0000  0  26 Fe       absorbing atom
     0.0000   -1.2149   -1.6736  1   6 C     
    -1.1554   -0.3754   -1.6736  1   6 C     
     0.0000   -1.2149   -1.6736  1   6 C     
    -1.1554   -0.3754   -1.6736  1   6 C     
     0.0000   -1.2149   -1.6736  1   6 C     
    k   real[2*phc]   mag[feff]  phase[feff] red factor   lambda     real[p]@#
  0.000  3.4886E+00  0.0000E+00 -2.4328E+00  1.016E+00  2.7901E+01  2.3964E+00
  0.100  3.4877E+00  2.6842E-02 -3.4034E+00  1.016E+00  2.7924E+01  2.3984E+00
  0.200  3.4850E+00  5.2645E-02 -4.3457E+00  1.016E+00  2.7991E+01  2.4044E+00
  0.300  3.4805E+00  7.6454E-02 -5.2598E+00  1.017E+00  2.8096E+01  2.4143E+00
  0.400  3.4741E+00  9.7479E-02 -6.1461E+00  1.017E+00  2.8228E+01  2.4281E+00
  0.500  3.4658E+00  1.1514E-01 -7.0049E+00  1.017E+00  2.8373E+01  2.4458E+00
  0.600  3.4554E+00  1.2909E-01 -7.8369E+00  1.018E+00  2.8512E+01  2.4672E+00
  0.700  3.4428E+00  1.3923E-01 -8.6425E+00  1.018E+00  2.8626E+01  2.4923E+00
  0.800  3.4281E+00  1.4565E-01 -9.4224E+00  1.019E+00  2.8693E+01  2.5210E+00
  0.900  3.4110E+00  1.4863E-01 -1.0177E+01  1.019E+00  2.8689E+01  2.5532E+00
  1.000  3.3916E+00  1.4857E-01 -1.0908E+01  1.020E+00  2.8594E+01  2.5887E+00
  1.100  3.3696E+00  1.4594E-01 -1.1614E+01  1.021E+00  2.8390E+01  2.6276E+00
  1.200  3.3450E+00  1.4123E-01 -1.2297E+01  1.022E+00  2.8065E+01  2.6696E+00
  1.300  3.3177E+00  1.3493E-01 -1.2958E+01  1.024E+00  2.7614E+01  2.7147E+00
  1.400  3.2876E+00  1.2751E-01 -1.3595E+01  1.026E+00  2.7040E+01  2.7629E+00
  1.500  3.2547E+00  1.1937E-01 -1.4210E+01  1.028E+00  2.6352E+01  2.8140E+00
  1.600  3.2189E+00  1.1084E-01 -1.4803E+01  1.030E+00  2.5567E+01  2.8679E+00
  1.700  3.1802E+00  1.0222E-01 -1.5373E+01  1.032E+00  2.4707E+01  2.9247E+00
  1.800  3.1385E+00  9.3690E-02 -1.5920E+01  1.035E+00  2.3796E+01  2.9842E+00
  1.900  3.0937E+00  8.5397E-02 -1.6443E+01  1.038E+00  2.2861E+01  3.0465E+00
  2.000  3.0458E+00  7.7423E-02 -1.6941E+01  1.041E+00  2.1927E+01  3.1116E+00
  2.200  2.9405E+00  6.2549E-02 -1.7861E+01  1.048E+00  2.0156E+01  3.2499E+00
  2.400  2.8219E+00  4.9072E-02 -1.8673E+01  1.055E+00  1.8647E+01  3.3994E+00
  2.600  2.6906E+00  3.6894E-02 -1.9377E+01  1.061E+00  1.7524E+01  3.5618E+00
  2.800  2.5109E+00  2.8576E-02 -2.0002E+01  1.078E+00  1.3913E+01  3.7488E+00
  3.000  2.4005E+00  2.9991E-02 -2.0642E+01  1.185E+00  8.3229E+00  3.9067E+00
  3.200  2.3522E+00  2.4648E-02 -2.1212E+01  1.219E+00  7.0932E+00  4.0395E+00
  3.400  2.2954E+00  1.7855E-02 -2.1778E+01  1.237E+00  6.4893E+00  4.1785E+00
  3.600  2.2283E+00  1.2436E-02 -2.2370E+01  1.235E+00  6.1811E+00  4.3247E+00
  3.800  2.1578E+00  8.7175E-03 -2.2988E+01  1.231E+00  6.0333E+00  4.4759E+00
  4.000  2.0855E+00  6.2243E-03 -2.3625E+01  1.218E+00  5.9836E+00  4.6316E+00
  4.200  2.0115E+00  4.6098E-03 -2.4276E+01  1.205E+00  6.0000E+00  4.7915E+00
  4.400  1.9365E+00  3.5258E-03 -2.4927E+01  1.193E+00  6.0640E+00  4.9549E+00
  4.600  1.8604E+00  2.7372E-03 -2.5557E+01  1.179E+00  6.1641E+00  5.1217E+00
  4.800  1.7816E+00  2.1219E-03 -2.6148E+01  1.166E+00  6.2928E+00  5.2915E+00
  5.000  1.7004E+00  1.6238E-03 -2.6701E+01  1.154E+00  6.4449E+00  5.4640E+00
  5.200  1.6164E+00  1.2161E-03 -2.7215E+01  1.144E+00  6.6168E+00  5.6388E+00
  5.400  1.5291E+00  8.8792E-04 -2.7685E+01  1.133E+00  6.8056E+00  5.8158E+00
  5.600  1.4390E+00  6.3130E-04 -2.8120E+01  1.123E+00  7.0092E+00  5.9947E+00
  5.800  1.3462E+00  4.3884E-04 -2.8518E+01  1.114E+00  7.2262E+00  6.1753E+00
  6.000  1.2515E+00  3.0024E-04 -2.8881E+01  1.104E+00  7.4551E+00  6.3575E+00
  6.500  1.0140E+00  1.1345E-04 -2.9677E+01  1.079E+00  8.0735E+00  6.8187E+00
  7.000  7.8828E-01  4.5736E-05 -3.0404E+01  1.055E+00  8.7490E+00  7.2867E+00
  7.500  5.8466E-01  2.1710E-05 -3.1137E+01  1.035E+00  9.4740E+00  7.7600E+00
  8.000  4.0016E-01  1.2819E-05 -3.1832E+01  1.020E+00  1.0243E+01  8.2374E+00
  8.500  2.2050E-01  9.2936E-06 -3.2427E+01  1.007E+00  1.1053E+01  8.7181E+00
  9.000  3.4547E-02  7.6304E-06 -3.2998E+01  9.940E-01  1.1901E+01  9.2015E+00
  9.500 -1.5551E-01  6.1119E-06 -3.3700E+01  9.816E-01  1.2784E+01  9.6871E+00
 10.000 -3.3708E-01  3.9804E-06 -3.4581E+01  9.698E-01  1.3700E+01  1.0175E+01
 11.000 -6.5696E-01  8.2438E-07 -3.6452E+01  9.543E-01  1.5629E+01  1.1154E+01
 12.000 -9.5720E-01  2.0885E-07 -3.7251E+01  9.483E-01  1.7677E+01  1.2137E+01
 13.000 -1.2446E+00  1.2309E-07 -3.7377E+01  9.420E-01  1.9839E+01  1.3123E+01
 14.000 -1.4941E+00  6.9322E-08 -3.8096E+01  9.391E-01  2.2107E+01  1.4112E+01
 15.000 -1.7352E+00  4.1220E-08 -3.9457E+01  9.387E-01  2.4479E+01  1.5103E+01
 16.000 -1.9587E+00  2.2034E-08 -4.0148E+01  9.372E-01  2.6949E+01  1.6095E+01
 17.000 -2.1591E+00  4.9465E-08 -4.0374E+01  9.379E-01  2.9514E+01  1.7088E+01
 18.000 -2.3557E+00  7.5200E-07 -3.8664E+01  9.384E-01  3.2172E+01  1.8082E+01
 19.000 -2.5327E+00  5.6242E-06 -3.6704E+01  9.384E-01  3.4919E+01  1.9077E+01
 20.000 -2.6997E+00  3.2250E-05 -3.4490E+01  9.393E-01  3.7753E+01  2.0072E+01
