# data from ifeffit
#------------------------
#   k         chi         chi       dchi         win
  0.0000000      -0.10463997E-01  -0.78100304E-01   0.11186396E-01    0.0000000
  0.50000000E-01  -0.11314950E-01  -0.77851010E-01   0.10829291E-01    0.0000000
  0.10000000      -0.12415425E-01  -0.77102090E-01   0.10472186E-01    0.0000000
  0.15000000      -0.13722324E-01  -0.75850407E-01   0.10115081E-01    0.0000000
  0.20000000      -0.15192547E-01  -0.74090694E-01   0.97579766E-02    0.0000000
  0.25000000      -0.16782996E-01  -0.71815722E-01   0.94008717E-02    0.0000000
  0.30000000      -0.18450570E-01  -0.69016820E-01   0.90437669E-02    0.0000000
  0.35000000      -0.20152171E-01  -0.65597085E-01   0.86866620E-02    0.0000000
  0.40000000      -0.21844700E-01  -0.60989117E-01   0.83295572E-02    0.0000000
  0.45000000      -0.23485058E-01  -0.55723673E-01   0.79724523E-02    0.0000000
  0.50000000      -0.25030145E-01  -0.49805487E-01   0.76153475E-02    0.0000000
  0.55000000      -0.26436863E-01  -0.42567247E-01   0.72582426E-02    0.0000000
  0.60000000      -0.27662112E-01  -0.34289328E-01   0.69011377E-02    0.0000000
  0.65000000      -0.28662794E-01  -0.25408237E-01   0.65440329E-02    0.0000000
  0.70000000      -0.29395808E-01  -0.15180757E-01   0.61869280E-02    0.0000000
  0.75000000      -0.29818056E-01  -0.43412470E-02   0.58298232E-02    0.0000000
  0.80000000      -0.29886440E-01   0.68069394E-02   0.54727183E-02    0.0000000
  0.85000000      -0.29557859E-01   0.18743459E-01   0.51156135E-02    0.0000000
  0.90000000      -0.28789214E-01   0.30177873E-01   0.47585086E-02    0.0000000
  0.95000000      -0.27537407E-01   0.41457166E-01   0.44014038E-02    0.0000000
  1.0000000      -0.25759338E-01   0.51755750E-01   0.40442989E-02    0.0000000
  1.0500000      -0.23411909E-01   0.60676920E-01   0.36871940E-02    0.0000000
  1.1000000      -0.20452020E-01   0.68071789E-01   0.33300892E-02    0.0000000
  1.1500000      -0.16836571E-01   0.73502735E-01   0.29729843E-02    0.0000000
  1.2000000      -0.12522465E-01   0.77313588E-01   0.26158795E-02    0.0000000
  1.2500000      -0.74713512E-02   0.79351663E-01   0.23644977E-02    0.0000000
  1.3000000      -0.18157944E-02   0.80023848E-01   0.22631733E-02    0.0000000
  1.3500000       0.40972687E-02   0.79695145E-01   0.21618488E-02    0.0000000
  1.4000000       0.99073179E-02   0.78741776E-01   0.20605244E-02    0.0000000
  1.4500000       0.15253833E-01   0.77434326E-01   0.19592000E-02    0.0000000
  1.5000000       0.19776294E-01   0.75782120E-01   0.18578756E-02    0.0000000
  1.5500000       0.23114181E-01   0.73508567E-01   0.17565511E-02    0.0000000
  1.6000000       0.24906973E-01   0.70228652E-01   0.16552267E-02    0.0000000
  1.6500000       0.24794150E-01   0.65044477E-01   0.15539023E-02    0.0000000
  1.7000000       0.22415193E-01   0.57709365E-01   0.14525779E-02    0.0000000
  1.7500000       0.17529574E-01   0.46978502E-01   0.14879095E-02    0.0000000
  1.8000000       0.10580108E-01   0.33891100E-01   0.15413196E-02    0.0000000
  1.8500000       0.22511590E-02   0.16579496E-01   0.15947297E-02    0.0000000
  1.9000000      -0.67726319E-02  -0.14661203E-02   0.16481398E-02    0.0000000
  1.9500000      -0.15806622E-01  -0.18230911E-01   0.17015499E-02    0.0000000
  2.0000000      -0.24166171E-01  -0.32564231E-01   0.17549600E-02    0.0000000
  2.0500000      -0.31167744E-01  -0.43841930E-01   0.18027749E-02    0.0000000
  2.1000000      -0.36280709E-01  -0.51504950E-01   0.18326029E-02    0.0000000
  2.1500000      -0.39281975E-01  -0.56819779E-01   0.18624309E-02    0.0000000
  2.2000000      -0.39985314E-01  -0.58525212E-01   0.18922588E-02    0.0000000
  2.2500000      -0.38204496E-01  -0.55754461E-01   0.19220868E-02    0.0000000
  2.3000000      -0.33753293E-01  -0.48662634E-01   0.19519148E-02    0.0000000
  2.3500000      -0.26446969E-01  -0.38717200E-01   0.19713057E-02    0.0000000
  2.4000000      -0.16392204E-01  -0.25587553E-01   0.19506085E-02    0.0000000
  2.4500000      -0.43340185E-02  -0.94110299E-02   0.19299113E-02    0.0000000
  2.5000000       0.88980036E-02   0.83282803E-02   0.19092142E-02    0.0000000
  2.5500000       0.22474279E-01   0.25868411E-01   0.18885170E-02    0.0000000
  2.6000000       0.35565224E-01   0.42056850E-01   0.18678198E-02    0.0000000
  2.6500000       0.47341254E-01   0.55284889E-01   0.18471227E-02    0.0000000
  2.7000000       0.56974958E-01   0.63935701E-01   0.19361053E-02    0.0000000
  2.7500000       0.63648080E-01   0.67289828E-01   0.20270804E-02    0.0000000
  2.8000000       0.66544782E-01   0.65620597E-01   0.21180556E-02    0.0000000
  2.8500000       0.64849225E-01   0.58162298E-01   0.22090307E-02    0.0000000
  2.9000000       0.57749923E-01   0.45591299E-01   0.22515423E-02   0.66986993E-01
  2.9500000       0.45188510E-01   0.29555581E-01   0.21188183E-02   0.24999894
  3.0000000       0.28710593E-01   0.11745134E-01   0.19860943E-02   0.49999817
  3.0500000       0.10067446E-01  -0.63319500E-02   0.18533703E-02   0.74999788
  3.1000000      -0.89896533E-02  -0.23009805E-01   0.17206463E-02   0.93301117
  3.1500000      -0.26715694E-01  -0.37090759E-01   0.16039188E-02   1.00000000
  3.2000000      -0.41836698E-01  -0.47892273E-01   0.15238975E-02    1.0000000
  3.2500000      -0.53869573E-01  -0.55068466E-01   0.14438762E-02    1.0000000
  3.3000000      -0.62406895E-01  -0.58913564E-01   0.13638549E-02    1.0000000
  3.3500000      -0.67042731E-01  -0.59826262E-01   0.13374739E-02    1.0000000
  3.4000000      -0.67626525E-01  -0.57560563E-01   0.15042262E-02    1.0000000
  3.4500000      -0.64550539E-01  -0.52862347E-01   0.16709786E-02    1.0000000
  3.5000000      -0.58276470E-01  -0.45995243E-01   0.18377309E-02    1.0000000
  3.5500000      -0.49266019E-01  -0.37345538E-01   0.20044832E-02    1.0000000
  3.6000000      -0.37980885E-01  -0.27016307E-01   0.21712355E-02    1.0000000
  3.6500000      -0.24882767E-01  -0.16968936E-01   0.23379878E-02    1.0000000
  3.7000000      -0.10433364E-01  -0.79261723E-02   0.25047401E-02    1.0000000
  3.7500000       0.48754881E-02   0.12451048E-03   0.24433582E-02    1.0000000
  3.8000000       0.20250716E-01   0.79886460E-02   0.22884662E-02    1.0000000
  3.8500000       0.34725930E-01   0.17037703E-01   0.21335742E-02    1.0000000
  3.9000000       0.47332666E-01   0.28266920E-01   0.19786822E-02    1.0000000
  3.9500000       0.57102460E-01   0.41479849E-01   0.18237902E-02    1.0000000
  4.0000000       0.63066849E-01   0.54707324E-01   0.16688982E-02    1.0000000
  4.0500000       0.64257367E-01   0.64997824E-01   0.15140063E-02    1.0000000
  4.1000000       0.59971519E-01   0.69541885E-01   0.15890307E-02    1.0000000
  4.1500000       0.51004653E-01   0.66692482E-01   0.16934041E-02    1.0000000
  4.2000000       0.38676011E-01   0.56098117E-01   0.17977774E-02    1.0000000
  4.2500000       0.24305385E-01   0.39780617E-01   0.19021507E-02    1.0000000
  4.3000000       0.92125715E-02   0.20514622E-01   0.20065241E-02    1.0000000
  4.3500000      -0.52826362E-02   0.90447682E-03   0.21108974E-02    1.0000000
  4.4000000      -0.17903241E-01  -0.17354705E-01   0.20662223E-02    1.0000000
  4.4500000      -0.28024826E-01  -0.32610039E-01   0.19201984E-02    1.0000000
  4.5000000      -0.35531651E-01  -0.43970574E-01   0.17741745E-02    1.0000000
  4.5500000      -0.40321431E-01  -0.50738614E-01   0.16281506E-02    1.0000000
  4.6000000      -0.42291882E-01  -0.52369693E-01   0.14821267E-02    1.0000000
  4.6500000      -0.41340716E-01  -0.48589179E-01   0.13361029E-02    1.0000000
  4.7000000      -0.37465648E-01  -0.40446119E-01   0.12797113E-02    1.0000000
  4.7500000      -0.31231517E-01  -0.29874497E-01   0.12350234E-02    1.0000000
  4.8000000      -0.23402855E-01  -0.18672215E-01   0.11903356E-02    1.0000000
  4.8500000      -0.14744417E-01  -0.86967264E-02   0.11456478E-02    1.0000000
  4.9000000      -0.60209555E-02  -0.97127279E-03   0.11009599E-02    1.0000000
  4.9500000       0.20333617E-02   0.46591613E-02   0.11407307E-02    1.0000000
  5.0000000       0.90504724E-02   0.91668870E-02   0.12242693E-02    1.0000000
  5.0500000       0.14903605E-01   0.13416357E-01   0.13078080E-02    1.0000000
  5.1000000       0.19470245E-01   0.17792708E-01   0.13913466E-02    1.0000000
  5.1500000       0.22627877E-01   0.21943349E-01   0.14748853E-02    1.0000000
  5.2000000       0.24259230E-01   0.25161184E-01   0.14939597E-02    1.0000000
  5.2500000       0.24345576E-01   0.26320279E-01   0.14591805E-02    1.0000000
  5.3000000       0.22955846E-01   0.24747867E-01   0.14244013E-02    1.0000000
  5.3500000       0.20162028E-01   0.20541312E-01   0.13896222E-02    1.0000000
  5.4000000       0.16036110E-01   0.14345688E-01   0.13548430E-02    1.0000000
  5.4500000       0.10699215E-01   0.70043300E-02   0.13269943E-02    1.0000000
  5.5000000       0.46160624E-02  -0.50520484E-03   0.13006947E-02    1.0000000
  5.5500000      -0.16019510E-02  -0.74192378E-02   0.12743951E-02    1.0000000
  5.6000000      -0.73428798E-02  -0.13407478E-01   0.12480955E-02    1.0000000
  5.6500000      -0.11995015E-01  -0.17978410E-01   0.12389574E-02    1.0000000
  5.7000000      -0.15075176E-01  -0.20598239E-01   0.13358662E-02    1.0000000
  5.7500000      -0.16440916E-01  -0.20906200E-01   0.14327749E-02    1.0000000
  5.8000000      -0.16005621E-01  -0.18910444E-01   0.15296836E-02    1.0000000
  5.8500000      -0.13682673E-01  -0.14635595E-01   0.16265923E-02    1.0000000
  5.9000000      -0.94102012E-02  -0.85818896E-02   0.16395270E-02    1.0000000
  5.9500000      -0.36603423E-02  -0.17213211E-02   0.15729841E-02    1.0000000
  6.0000000       0.25795813E-02   0.48676658E-02   0.15064411E-02    1.0000000
  6.0500000       0.83012677E-02   0.10334638E-01   0.14398982E-02    1.0000000
  6.1000000       0.12503986E-01   0.13879151E-01   0.14004941E-02    1.0000000
  6.1500000       0.14698566E-01   0.15145390E-01   0.14194861E-02    1.0000000
  6.2000000       0.15223562E-01   0.14293583E-01   0.14384781E-02    1.0000000
  6.2500000       0.14492961E-01   0.11881923E-01   0.14574701E-02    1.0000000
  6.3000000       0.12920656E-01   0.86619635E-02   0.14696387E-02    1.0000000
  6.3500000       0.10855363E-01   0.53621651E-02   0.14351349E-02    1.0000000
  6.4000000       0.84670596E-02   0.25183458E-02   0.14006311E-02    1.0000000
  6.4500000       0.58953549E-02   0.38658593E-03   0.13661273E-02    1.0000000
  6.5000000       0.32798577E-02  -0.91580028E-03   0.13316235E-02    1.0000000
  6.5500000       0.75360836E-03  -0.15646293E-02   0.12822393E-02    1.0000000
  6.6000000      -0.16148302E-02  -0.20433914E-02   0.12269098E-02    1.0000000
  6.6500000      -0.37934689E-02  -0.27539713E-02   0.11715802E-02    1.0000000
  6.7000000      -0.57507375E-02  -0.39395691E-02   0.11162506E-02    1.0000000
  6.7500000      -0.74566230E-02  -0.56154597E-02   0.11666127E-02    1.0000000
  6.8000000      -0.88928798E-02  -0.75818474E-02   0.12445508E-02    1.0000000
  6.8500000      -0.10046640E-01  -0.94863238E-02   0.13224888E-02    1.0000000
  6.9000000      -0.10905062E-01  -0.10899775E-01   0.14004269E-02    1.0000000
  6.9500000      -0.11432796E-01  -0.11392865E-01   0.15301484E-02    1.0000000
  7.0000000      -0.11397187E-01  -0.10698771E-01   0.16773253E-02    1.0000000
  7.0500000      -0.10463402E-01  -0.87162732E-02   0.18245021E-02    1.0000000
  7.1000000      -0.82957482E-02  -0.54774679E-02   0.19716789E-02    1.0000000
  7.1500000      -0.46256054E-02  -0.13480555E-02   0.19537433E-02    1.0000000
  7.2000000       0.14906643E-03   0.30751201E-02   0.18686796E-02    1.0000000
  7.2500000       0.52485346E-02   0.71224856E-02   0.17836160E-02    1.0000000
  7.3000000       0.98886768E-02   0.10253228E-01   0.16961726E-02    1.0000000
  7.3500000       0.13452885E-01   0.12206946E-01   0.15866892E-02    1.0000000
  7.4000000       0.15826024E-01   0.13025910E-01   0.14772058E-02    1.0000000
  7.4500000       0.16986399E-01   0.12935168E-01   0.13677224E-02    1.0000000
  7.5000000       0.16912315E-01   0.12155978E-01   0.12582390E-02    1.0000000
  7.5500000       0.15582075E-01   0.10763501E-01   0.11487555E-02    1.0000000
  7.6000000       0.12996379E-01   0.86822090E-02   0.12201060E-02    1.0000000
  7.6500000       0.93982391E-02   0.58335927E-02   0.13739708E-02    1.0000000
  7.7000000       0.51788422E-02   0.23008749E-02   0.15278356E-02    1.0000000
  7.7500000       0.73150217E-03  -0.15780850E-02   0.16817005E-02    1.0000000
  7.8000000      -0.35504670E-02  -0.52652258E-02   0.18355653E-02    1.0000000
  7.8500000      -0.72992493E-02  -0.82089873E-02   0.17244474E-02    1.0000000
  7.9000000      -0.10365865E-01  -0.10061929E-01   0.15269761E-02    1.0000000
  7.9500000      -0.12712714E-01  -0.10801849E-01   0.13295048E-02    1.0000000
  8.0000000      -0.14303078E-01  -0.10663973E-01   0.11320334E-02    1.0000000
  8.0500000      -0.15100239E-01  -0.10018511E-01   0.93456213E-03    1.0000000
  8.1000000      -0.15075856E-01  -0.91134572E-02   0.11042965E-02    1.0000000
  8.1500000      -0.14250967E-01  -0.79433999E-02   0.13279524E-02    1.0000000
  8.2000000      -0.12664640E-01  -0.63602205E-02   0.15516084E-02    1.0000000
  8.2500000      -0.10355970E-01  -0.42538308E-02   0.17752644E-02    1.0000000
  8.3000000      -0.73660402E-02  -0.17123308E-02   0.19016043E-02    1.0000000
  8.3500000      -0.38709540E-02   0.94942925E-03   0.18179051E-02    1.0000000
  8.4000000      -0.26567279E-03   0.33187303E-02   0.17342060E-02    1.0000000
  8.4500000       0.30348507E-02   0.50931848E-02   0.16505068E-02    1.0000000
  8.5000000       0.56156637E-02   0.62321637E-02   0.15668077E-02    1.0000000
  8.5500000       0.71016235E-02   0.69532392E-02   0.21774512E-02    1.0000000
  8.6000000       0.75351137E-02   0.75559328E-02   0.30920939E-02    1.0000000
  8.6500000       0.72078450E-02   0.81854398E-02   0.40067365E-02    1.0000000
  8.7000000       0.64148692E-02   0.86940315E-02   0.49213792E-02    1.0000000
  8.7500000       0.54506337E-02   0.86807955E-02   0.57683024E-02    1.0000000
  8.8000000       0.44584395E-02   0.77001678E-02   0.63217741E-02    1.0000000
  8.8500000       0.32323010E-02   0.55272379E-02   0.68752459E-02    1.0000000
  8.9000000       0.15170446E-02   0.23333853E-02   0.74287176E-02    1.0000000
  8.9500000      -0.94250345E-03  -0.13245845E-02   0.79821894E-02    1.0000000
  9.0000000      -0.43565438E-02  -0.46967070E-02   0.84406080E-02    1.0000000
  9.0500000      -0.82998956E-02  -0.71040181E-02   0.88394336E-02    1.0000000
  9.1000000      -0.11876779E-01  -0.81763303E-02   0.92382592E-02    1.0000000
  9.1500000      -0.14180331E-01  -0.79259371E-02   0.96370848E-02    1.0000000
  9.2000000      -0.14308092E-01  -0.66676791E-02   0.96085775E-02    1.0000000
  9.2500000      -0.11996272E-01  -0.48621900E-02   0.81690531E-02    1.0000000
  9.3000000      -0.82829205E-02  -0.29651381E-02   0.67295287E-02    1.0000000
  9.3500000      -0.43646081E-02  -0.13377064E-02   0.52900043E-02    1.0000000
  9.4000000      -0.14379067E-02  -0.21926720E-03   0.38504799E-02    1.0000000
  9.4500000      -0.57716160E-03   0.27379462E-03   0.31100669E-02    1.0000000
  9.5000000      -0.15782029E-02   0.15471478E-03   0.26746548E-02    1.0000000
  9.5500000      -0.34749364E-02  -0.41302783E-03   0.22392426E-02    1.0000000
  9.6000000      -0.52911192E-02  -0.11069686E-02   0.18038305E-02    1.0000000
  9.6500000      -0.60687526E-02  -0.15232332E-02   0.16579336E-02    1.0000000
  9.7000000      -0.54571445E-02  -0.13011200E-02   0.19002232E-02    1.0000000
  9.7500000      -0.38401344E-02  -0.26665748E-03   0.21425128E-02    1.0000000
  9.8000000      -0.16455403E-02   0.14747448E-02   0.23848024E-02    1.0000000
  9.8500000       0.69881989E-03   0.35498019E-02   0.26270920E-02   1.00000000
  9.9000000       0.27651281E-02   0.54370715E-02   0.28693816E-02   0.93301117
  9.9500000       0.42066747E-02   0.66441804E-02   0.40704452E-02   0.74999788
  10.000000       0.50532458E-02   0.68595689E-02   0.53214801E-02   0.49999817
  10.050000       0.54437898E-02   0.60293547E-02   0.65725150E-02   0.24999894
  10.100000       0.55172667E-02   0.43498570E-02   0.78235498E-02   0.66986993E-01
  10.150000       0.54126365E-02   0.21506729E-02   0.90745847E-02    0.0000000
  10.200000       0.52549655E-02  -0.20236320E-03   0.91168365E-02   0.38025635E-39
  10.250000       0.50803718E-02  -0.23752228E-02   0.89379618E-02    0.0000000
  10.300000       0.48899103E-02  -0.40933550E-02   0.87590871E-02    0.0000000
  10.350000       0.46845512E-02  -0.51526455E-02   0.85802123E-02    0.0000000
  10.400000       0.44652647E-02  -0.54403329E-02   0.84013376E-02    0.0000000
  10.450000       0.42330207E-02  -0.49699259E-02   0.82224629E-02    0.0000000
  10.500000       0.39887894E-02   0.39887894E-02   0.80435882E-02    0.0000000
  10.550000       0.37335409E-02   0.37335409E-02   0.78647134E-02    0.0000000
  10.600000       0.34682453E-02   0.34682453E-02   0.76858387E-02    0.0000000
  10.650000       0.31938726E-02   0.31938726E-02   0.75069640E-02    0.0000000
  10.700000       0.29113929E-02   0.29113929E-02   0.73280892E-02    0.0000000
  10.750000       0.26217764E-02   0.26217764E-02   0.71492145E-02    0.0000000
  10.800000       0.23259931E-02   0.23259931E-02   0.69703398E-02    0.0000000
  10.850000       0.20250132E-02   0.20250132E-02   0.67914650E-02    0.0000000
  10.900000       0.17198066E-02   0.17198066E-02   0.66125903E-02    0.0000000
  10.950000       0.14113435E-02   0.14113435E-02   0.64337156E-02    0.0000000
  11.000000       0.11005941E-02   0.11005941E-02   0.62548408E-02    0.0000000
  11.050000       0.78852827E-03   0.78852827E-03   0.60759661E-02    0.0000000
  11.100000       0.47611625E-03   0.47611625E-03   0.58970914E-02    0.0000000
  11.150000       0.16432808E-03   0.16432808E-03   0.57182166E-02    0.0000000
  11.200000      -0.14586614E-03  -0.14586614E-03   0.55393419E-02    0.0000000
  11.250000      -0.45349632E-03  -0.45349632E-03   0.53604672E-02    0.0000000
  11.300000      -0.75759236E-03  -0.75759236E-03   0.51815924E-02    0.0000000
  11.350000      -0.10571842E-02  -0.10571842E-02   0.50027177E-02    0.0000000
  11.400000      -0.13513017E-02  -0.13513017E-02   0.48238430E-02    0.0000000
  11.450000      -0.16389748E-02  -0.16389748E-02   0.46449682E-02    0.0000000
  11.500000      -0.19192334E-02  -0.19192334E-02   0.44660935E-02    0.0000000
  11.550000      -0.21911074E-02  -0.21911074E-02   0.42872188E-02    0.0000000
  11.600000      -0.24536268E-02  -0.24536268E-02   0.41083440E-02    0.0000000
  11.650000      -0.27058213E-02  -0.27058213E-02   0.39294693E-02    0.0000000
  11.700000      -0.29467211E-02  -0.29467211E-02   0.37505946E-02    0.0000000
  11.750000      -0.31753558E-02  -0.31753558E-02   0.35717198E-02    0.0000000
  11.800000      -0.33907556E-02  -0.33907556E-02   0.33928451E-02    0.0000000
  11.850000      -0.35919502E-02  -0.35919502E-02   0.32139704E-02    0.0000000
  11.900000      -0.37779696E-02  -0.37779696E-02   0.30350956E-02    0.0000000
  11.950000      -0.39478436E-02  -0.39478436E-02   0.28562209E-02    0.0000000
  12.000000      -0.41006023E-02  -0.41006023E-02   0.26773462E-02    0.0000000
  12.050000      -0.42352755E-02  -0.42352755E-02   0.24984714E-02    0.0000000
  12.100000      -0.43509026E-02  -0.43509026E-02   0.23777146E-02    0.0000000
  12.150000      -0.44469183E-02  -0.44469183E-02   0.23483640E-02    0.0000000
  12.200000      -0.45232862E-02  -0.45232862E-02   0.23190133E-02    0.0000000
  12.250000      -0.45800070E-02  -0.45800070E-02   0.22896627E-02    0.0000000
  12.300000      -0.46170814E-02  -0.46170814E-02   0.22603120E-02    0.0000000
  12.350000      -0.46345099E-02  -0.46345099E-02   0.22309614E-02    0.0000000
  12.400000      -0.46322931E-02  -0.46322931E-02   0.22016107E-02    0.0000000
  12.450000      -0.46104317E-02  -0.46104317E-02   0.21722601E-02    0.0000000
  12.500000      -0.45689264E-02  -0.45689264E-02   0.21429094E-02    0.0000000
  12.550000      -0.45077777E-02  -0.45077777E-02   0.21135588E-02    0.0000000
  12.600000      -0.44269863E-02  -0.44269863E-02   0.20842081E-02    0.0000000
  12.650000      -0.43265528E-02  -0.43265528E-02   0.20548574E-02    0.0000000
  12.700000      -0.42064778E-02  -0.42064778E-02   0.20255068E-02    0.0000000
  12.750000      -0.40667619E-02  -0.40667619E-02   0.19961561E-02    0.0000000
  12.800000      -0.39074059E-02  -0.39074059E-02   0.19668055E-02    0.0000000
  12.850000      -0.37284102E-02  -0.37284102E-02   0.19374548E-02    0.0000000
  12.900000      -0.35297756E-02  -0.35297756E-02   0.19081042E-02    0.0000000
  12.950000      -0.33115026E-02  -0.33115026E-02   0.18787535E-02    0.0000000
  13.000000      -0.30735920E-02  -0.30735920E-02   0.18494029E-02    0.0000000
  13.050000      -0.28160442E-02  -0.28160442E-02   0.18200522E-02    0.0000000
  13.100000      -0.25388600E-02  -0.25388600E-02   0.17907016E-02    0.0000000
  13.150000      -0.22420844E-02  -0.22420844E-02   0.17917480E-02    0.0000000
  13.200000      -0.19269317E-02  -0.19269317E-02   0.18267587E-02    0.0000000
  13.250000      -0.15958727E-02  -0.15958727E-02   0.18617694E-02    0.0000000
  13.300000      -0.12514404E-02  -0.12514404E-02   0.18967800E-02    0.0000000
  13.350000      -0.89616790E-03  -0.89616790E-03   0.19317907E-02    0.0000000
  13.400000      -0.53258803E-03  -0.53258803E-03   0.19668013E-02    0.0000000
  13.450000      -0.16323381E-03  -0.16323381E-03   0.20018120E-02    0.0000000
  13.500000       0.20936178E-03   0.20936178E-03   0.20368227E-02    0.0000000
  13.550000       0.58266579E-03   0.58266579E-03   0.20718333E-02    0.0000000
  13.600000       0.95414523E-03   0.95414523E-03   0.21068440E-02    0.0000000
  13.650000       0.13212671E-02   0.13212671E-02   0.21418546E-02    0.0000000
  13.700000       0.16814985E-02   0.16814985E-02   0.21768653E-02    0.0000000
  13.750000       0.20323065E-02   0.20323065E-02   0.22118760E-02    0.0000000
  13.800000       0.23711579E-02   0.23711579E-02   0.22468866E-02    0.0000000
  13.850000       0.26955200E-02   0.26955200E-02   0.22818973E-02    0.0000000
  13.900000       0.30028597E-02   0.30028597E-02   0.23169079E-02    0.0000000
  13.950000       0.32906440E-02   0.32906440E-02   0.23519186E-02    0.0000000
  14.000000       0.35563400E-02   0.35563400E-02   0.23869293E-02    0.0000000
  14.050000       0.37974146E-02   0.37974146E-02   0.24219399E-02    0.0000000
  14.100000       0.40113483E-02   0.40113483E-02   0.24268412E-02    0.0000000
  14.150000       0.41962506E-02   0.41962506E-02   0.23799459E-02    0.0000000
  14.200000       0.43511221E-02   0.43511221E-02   0.23330507E-02    0.0000000
  14.250000       0.44750306E-02   0.44750306E-02   0.22861555E-02    0.0000000
  14.300000       0.45670440E-02   0.45670440E-02   0.22392603E-02    0.0000000
  14.350000       0.46262301E-02   0.46262301E-02   0.21923651E-02    0.0000000
  14.400000       0.46516569E-02   0.46516569E-02   0.21454699E-02    0.0000000
  14.450000       0.46423922E-02   0.46423922E-02   0.20985747E-02    0.0000000
  14.500000       0.45975039E-02   0.45975039E-02   0.20516795E-02    0.0000000
  14.550000       0.45160599E-02   0.45160599E-02   0.20047843E-02    0.0000000
  14.600000       0.43971280E-02   0.43971280E-02   0.19578890E-02    0.0000000
  14.650000       0.42397762E-02   0.42397762E-02   0.19109938E-02    0.0000000
  14.700000       0.40430723E-02   0.40430723E-02   0.18640986E-02    0.0000000
  14.750000       0.38060842E-02   0.38060842E-02   0.18172034E-02    0.0000000
  14.800000       0.35278797E-02   0.35278797E-02   0.17703082E-02    0.0000000
  14.850000       0.32075268E-02   0.32075268E-02   0.17234130E-02    0.0000000
  14.900000       0.28440934E-02   0.28440934E-02   0.16765178E-02    0.0000000
  14.950000       0.24366473E-02   0.24366473E-02   0.16296226E-02    0.0000000
  15.000000       0.19842563E-02   0.19842563E-02   0.15835481E-02    0.0000000
  15.050000       0.14866130E-02   0.14866130E-02   0.16133726E-02    0.0000000
  15.100000       0.94582899E-03   0.94582899E-03   0.16431972E-02    0.0000000
  15.150000       0.36460161E-03   0.36460161E-03   0.16730217E-02    0.0000000
  15.200000      -0.25437172E-03  -0.25437172E-03   0.17028462E-02    0.0000000
  15.250000      -0.90839364E-03  -0.90839364E-03   0.17326708E-02    0.0000000
  15.300000      -0.15947668E-02  -0.15947668E-02   0.17624953E-02    0.0000000
  15.350000      -0.23107937E-02  -0.23107937E-02   0.17923198E-02    0.0000000
  15.400000      -0.30537771E-02  -0.30537771E-02   0.18221444E-02    0.0000000
  15.450000      -0.38210195E-02  -0.38210195E-02   0.18519689E-02    0.0000000
  15.500000      -0.46098237E-02  -0.46098237E-02   0.18817934E-02    0.0000000
  15.550000      -0.54174921E-02  -0.54174921E-02   0.19116180E-02    0.0000000
  15.600000      -0.62413275E-02  -0.62413275E-02   0.19414425E-02    0.0000000
  15.650000      -0.70786324E-02  -0.70786324E-02   0.19712670E-02    0.0000000
  15.700000      -0.79267095E-02  -0.79267095E-02   0.20010916E-02    0.0000000
  15.750000      -0.87828613E-02  -0.87828613E-02   0.20309161E-02    0.0000000
  15.800000      -0.96443906E-02  -0.96443906E-02   0.20607406E-02    0.0000000
