 npropyl Ni complex                                               Feff 8.10
 C20 H24 N2 Ni1 O2;bis(N-n-Propylsalicylideneaminato-N,O)-nickel(ii)
 D.Britton,L.H.Pignolet - 1989
 Abs   Z=28 Rmt= 1.221 Rnm= 1.328 K  shell
 Pot 1 Z= 7 Rmt= 0.829 Rnm= 0.996
 Pot 2 Z= 8 Rmt= 0.828 Rnm= 1.006
 Pot 3 Z= 6 Rmt= 0.778 Rnm= 0.969
 Pot 4 Z= 1 Rmt= 0.825 Rnm= 0.937
 Gam_ch=1.576E+00 H-L exch
 Mu= 9.135E+00 kf=2.612E+00 Vint=-1.686E+01 Rs_int= 1.388
 Path   32      icalc       2
 -----------------------------------------------------------------------
   3   4.000   3.8407    1.8274    9.13542 nleg, deg, reff, rnrmav(bohr), edge
        x         y         z   pot at#
     0.0000    0.0000    0.0000  0  28 Ni       absorbing atom
    -3.6311    0.7520    0.5954  4   1 H     
    -2.7247    1.0322    0.6104  3   6 C     
    k   real[2*phc]   mag[feff]  phase[feff] red factor   lambda     real[p]@#
  0.000  3.2280E+00  0.0000E+00 -2.1453E+00  1.011E+00  2.5264E+01  2.6125E+00
  0.100  3.2276E+00  1.2881E-02 -2.8998E+00  1.011E+00  2.5281E+01  2.6143E+00
  0.200  3.2261E+00  2.5580E-02 -3.6274E+00  1.011E+00  2.5333E+01  2.6198E+00
  0.300  3.2236E+00  3.7921E-02 -4.3281E+00  1.011E+00  2.5414E+01  2.6289E+00
  0.400  3.2200E+00  4.9740E-02 -5.0022E+00  1.011E+00  2.5519E+01  2.6415E+00
  0.500  3.2154E+00  6.0893E-02 -5.6501E+00  1.011E+00  2.5639E+01  2.6578E+00
  0.600  3.2097E+00  7.1256E-02 -6.2723E+00  1.012E+00  2.5763E+01  2.6775E+00
  0.700  3.2028E+00  8.0728E-02 -6.8692E+00  1.012E+00  2.5878E+01  2.7006E+00
  0.800  3.1946E+00  8.9233E-02 -7.4416E+00  1.012E+00  2.5969E+01  2.7271E+00
  0.900  3.1851E+00  9.6718E-02 -7.9900E+00  1.013E+00  2.6023E+01  2.7568E+00
  1.000  3.1742E+00  1.0315E-01 -8.5150E+00  1.013E+00  2.6023E+01  2.7897E+00
  1.100  3.1619E+00  1.0852E-01 -9.0173E+00  1.013E+00  2.5956E+01  2.8257E+00
  1.200  3.1481E+00  1.1284E-01 -9.4974E+00  1.014E+00  2.5810E+01  2.8646E+00
  1.300  3.1327E+00  1.1610E-01 -9.9560E+00  1.015E+00  2.5578E+01  2.9066E+00
  1.400  3.1157E+00  1.1835E-01 -1.0393E+01  1.016E+00  2.5254E+01  2.9513E+00
  1.500  3.0969E+00  1.1961E-01 -1.0810E+01  1.017E+00  2.4839E+01  2.9988E+00
  1.600  3.0763E+00  1.1990E-01 -1.1207E+01  1.018E+00  2.4338E+01  3.0491E+00
  1.700  3.0538E+00  1.1926E-01 -1.1583E+01  1.019E+00  2.3761E+01  3.1020E+00
  1.800  3.0293E+00  1.1773E-01 -1.1939E+01  1.021E+00  2.3119E+01  3.1575E+00
  1.900  3.0027E+00  1.1533E-01 -1.2274E+01  1.023E+00  2.2429E+01  3.2155E+00
  2.000  2.9739E+00  1.1209E-01 -1.2589E+01  1.026E+00  2.1707E+01  3.2761E+00
  2.200  2.9091E+00  1.0250E-01 -1.3150E+01  1.031E+00  2.0241E+01  3.4047E+00
  2.400  2.8344E+00  8.8233E-02 -1.3679E+01  1.039E+00  1.8855E+01  3.5434E+00
  2.600  2.7518E+00  7.9258E-02 -1.4187E+01  1.041E+00  1.7667E+01  3.6923E+00
  2.800  2.6409E+00  7.4345E-02 -1.4616E+01  1.032E+00  1.6767E+01  3.8538E+00
  3.000  2.4807E+00  7.2987E-02 -1.4882E+01  1.050E+00  1.3498E+01  4.0364E+00
  3.200  2.3832E+00  7.5589E-02 -1.5231E+01  1.147E+00  8.3814E+00  4.1939E+00
  3.400  2.3415E+00  7.2222E-02 -1.5688E+01  1.186E+00  7.1573E+00  4.3279E+00
  3.600  2.2944E+00  6.6349E-02 -1.6095E+01  1.206E+00  6.5490E+00  4.4659E+00
  3.800  2.2340E+00  5.8661E-02 -1.6454E+01  1.213E+00  6.2246E+00  4.6114E+00
  4.000  2.1681E+00  5.0193E-02 -1.6788E+01  1.216E+00  6.0579E+00  4.7616E+00
  4.200  2.0987E+00  4.2133E-02 -1.7108E+01  1.209E+00  5.9880E+00  4.9161E+00
  4.400  2.0258E+00  3.5119E-02 -1.7413E+01  1.202E+00  5.9833E+00  5.0745E+00
  4.600  1.9512E+00  2.9389E-02 -1.7707E+01  1.195E+00  6.0255E+00  5.2364E+00
  4.800  1.8756E+00  2.4959E-02 -1.7995E+01  1.184E+00  6.1030E+00  5.4015E+00
  5.000  1.7985E+00  2.1709E-02 -1.8273E+01  1.173E+00  6.2085E+00  5.5696E+00
  5.200  1.7208E+00  1.9506E-02 -1.8538E+01  1.163E+00  6.3368E+00  5.7402E+00
  5.400  1.6428E+00  1.8142E-02 -1.8784E+01  1.153E+00  6.4841E+00  5.9133E+00
  5.600  1.5641E+00  1.7368E-02 -1.9001E+01  1.143E+00  6.6476E+00  6.0884E+00
  5.800  1.4851E+00  1.6960E-02 -1.9190E+01  1.133E+00  6.8254E+00  6.2656E+00
  6.000  1.4055E+00  1.6708E-02 -1.9352E+01  1.123E+00  7.0158E+00  6.4444E+00
  6.500  1.2041E+00  1.5976E-02 -1.9671E+01  1.097E+00  7.5390E+00  6.8982E+00
  7.000  1.0022E+00  1.4297E-02 -1.9936E+01  1.075E+00  8.1194E+00  7.3597E+00
  7.500  8.0472E-01  1.1676E-02 -2.0214E+01  1.056E+00  8.7480E+00  7.8274E+00
  8.000  6.1604E-01  8.7676E-03 -2.0564E+01  1.041E+00  9.4188E+00  8.2999E+00
  8.500  4.3736E-01  6.4563E-03 -2.1023E+01  1.029E+00  1.0128E+01  8.7764E+00
  9.000  2.6620E-01  5.1456E-03 -2.1517E+01  1.019E+00  1.0871E+01  9.2561E+00
  9.500  9.8354E-02  4.3407E-03 -2.1887E+01  1.007E+00  1.1647E+01  9.7383E+00
 10.000 -6.8475E-02  3.5384E-03 -2.2055E+01  9.931E-01  1.2454E+01  1.0223E+01
 11.000 -3.8815E-01  2.5704E-03 -2.1876E+01  9.734E-01  1.4154E+01  1.1197E+01
 12.000 -6.8110E-01  2.3850E-03 -2.2100E+01  9.630E-01  1.5960E+01  1.2176E+01
 13.000 -9.5758E-01  1.9912E-03 -2.3022E+01  9.547E-01  1.7866E+01  1.3159E+01
 14.000 -1.2133E+00  1.3878E-03 -2.3853E+01  9.494E-01  1.9867E+01  1.4145E+01
 15.000 -1.4485E+00  1.2449E-04 -2.4620E+01  9.475E-01  2.1958E+01  1.5133E+01
 16.000 -1.6712E+00  5.8742E-04 -2.2461E+01  9.453E-01  2.4136E+01  1.6123E+01
 17.000 -1.8774E+00  9.0057E-04 -2.3687E+01  9.444E-01  2.6396E+01  1.7114E+01
 18.000 -2.0694E+00  8.1837E-04 -2.4381E+01  9.447E-01  2.8737E+01  1.8107E+01
 19.000 -2.2518E+00  7.2191E-04 -2.4002E+01  9.442E-01  3.1156E+01  1.9100E+01
 20.000 -2.4209E+00  2.0132E-03 -2.4361E+01  9.447E-01  3.3649E+01  2.0094E+01
