# data from ifeffit
#------------------------
#   k         chi         e0
  0.0000000      -0.14956736        7133.3100
  0.50000000E-01  -0.16772651        7133.3100
  0.10000000      -0.18588565        7133.3100
  0.15000000      -0.20404480        7133.3100
  0.20000000      -0.22220395        7133.3100
  0.25000000      -0.24036310        7133.3100
  0.30000000      -0.23436301        7133.3100
  0.35000000      -0.22136405        7133.3100
  0.40000000      -0.20664846        7133.3100
  0.45000000      -0.19140368        7133.3100
  0.50000000      -0.17635663        7133.3100
  0.55000000      -0.16227942        7133.3100
  0.60000000      -0.15099813        7133.3100
  0.65000000      -0.14154683        7133.3100
  0.70000000      -0.13640806        7133.3100
  0.75000000      -0.13430781        7133.3100
  0.80000000      -0.13553929        7133.3100
  0.85000000      -0.13931420        7133.3100
  0.90000000      -0.14100171        7133.3100
  0.95000000      -0.14122068        7133.3100
  1.0000000      -0.13611781        7133.3100
  1.0500000      -0.12734487        7133.3100
  1.1000000      -0.10948661        7133.3100
  1.1500000      -0.80079090E-01    7133.3100
  1.2000000      -0.53366800E-01    7133.3100
  1.2500000      -0.24414439E-01    7133.3100
  1.3000000       0.16498297E-01    7133.3100
  1.3500000       0.57293499E-01    7133.3100
  1.4000000       0.10436764        7133.3100
  1.4500000       0.14642146        7133.3100
  1.5000000       0.17991392        7133.3100
  1.5500000       0.20989193        7133.3100
  1.6000000       0.25000257        7133.3100
  1.6500000       0.28989340        7133.3100
  1.7000000       0.33503644        7133.3100
  1.7500000       0.38678304        7133.3100
  1.8000000       0.42835551        7133.3100
  1.8500000       0.46271485        7133.3100
  1.9000000       0.48904098        7133.3100
  1.9500000       0.49418799        7133.3100
  2.0000000       0.47406296        7133.3100
  2.0500000       0.42789651        7133.3100
  2.1000000       0.35280115        7133.3100
  2.1500000       0.26795015        7133.3100
  2.2000000       0.19702214        7133.3100
  2.2500000       0.12329800        7133.3100
  2.3000000       0.59010204E-01    7133.3100
  2.3500000       0.11207056E-01    7133.3100
  2.4000000      -0.23983602E-01    7133.3100
  2.4500000      -0.48747588E-01    7133.3100
  2.5000000      -0.69206708E-01    7133.3100
  2.5500000      -0.87129515E-01    7133.3100
  2.6000000      -0.98810578E-01    7133.3100
  2.6500000      -0.11123064        7133.3100
  2.7000000      -0.12400289        7133.3100
  2.7500000      -0.13448160        7133.3100
  2.8000000      -0.14737905        7133.3100
  2.8500000      -0.15983276        7133.3100
  2.9000000      -0.17214102        7133.3100
  2.9500000      -0.18260745        7133.3100
  3.0000000      -0.18940045        7133.3100
  3.0500000      -0.19782818        7133.3100
  3.1000000      -0.20294464        7133.3100
  3.1500000      -0.20728708        7133.3100
  3.2000000      -0.20848995        7133.3100
  3.2500000      -0.20789936        7133.3100
  3.3000000      -0.20419751        7133.3100
  3.3500000      -0.19976880        7133.3100
  3.4000000      -0.19168756        7133.3100
  3.4500000      -0.18049442        7133.3100
  3.5000000      -0.16612961        7133.3100
  3.5500000      -0.15551453        7133.3100
  3.6000000      -0.14102974        7133.3100
  3.6500000      -0.12382084        7133.3100
  3.7000000      -0.11190728        7133.3100
  3.7500000      -0.91058665E-01    7133.3100
  3.8000000      -0.77472670E-01    7133.3100
  3.8500000      -0.55351443E-01    7133.3100
  3.9000000      -0.38636652E-01    7133.3100
  3.9500000      -0.21124063E-01    7133.3100
  4.0000000      -0.90688850E-02    7133.3100
  4.0500000       0.74213750E-02    7133.3100
  4.1000000       0.20510665E-01    7133.3100
  4.1500000       0.31914119E-01    7133.3100
  4.2000000       0.40781374E-01    7133.3100
  4.2500000       0.50324249E-01    7133.3100
  4.3000000       0.59348544E-01    7133.3100
  4.3500000       0.65994151E-01    7133.3100
  4.4000000       0.69907155E-01    7133.3100
  4.4500000       0.73053607E-01    7133.3100
  4.5000000       0.74443086E-01    7133.3100
  4.5500000       0.72714016E-01    7133.3100
  4.6000000       0.71813002E-01    7133.3100
  4.6500000       0.67544448E-01    7133.3100
  4.7000000       0.61380131E-01    7133.3100
  4.7500000       0.55923244E-01    7133.3100
  4.8000000       0.48379305E-01    7133.3100
  4.8500000       0.40178897E-01    7133.3100
  4.9000000       0.31495189E-01    7133.3100
  4.9500000       0.21472836E-01    7133.3100
  5.0000000       0.12841784E-01    7133.3100
  5.0500000       0.72131777E-02    7133.3100
  5.1000000      -0.87477776E-03    7133.3100
  5.1500000      -0.81563548E-02    7133.3100
  5.2000000      -0.14173457E-01    7133.3100
  5.2500000      -0.18803963E-01    7133.3100
  5.3000000      -0.23136573E-01    7133.3100
  5.3500000      -0.24646543E-01    7133.3100
  5.4000000      -0.25743531E-01    7133.3100
  5.4500000      -0.26229741E-01    7133.3100
  5.5000000      -0.23699793E-01    7133.3100
  5.5500000      -0.20940491E-01    7133.3100
  5.6000000      -0.17666944E-01    7133.3100
  5.6500000      -0.13085075E-01    7133.3100
  5.7000000      -0.74612860E-02    7133.3100
  5.7500000      -0.17131473E-02    7133.3100
  5.8000000       0.44362190E-02    7133.3100
  5.8500000       0.12208372E-01    7133.3100
  5.9000000       0.18993646E-01    7133.3100
  5.9500000       0.25781453E-01    7133.3100
  6.0000000       0.32193528E-01    7133.3100
  6.0500000       0.39553528E-01    7133.3100
  6.1000000       0.45251646E-01    7133.3100
  6.1500000       0.51367623E-01    7133.3100
  6.2000000       0.57563308E-01    7133.3100
  6.2500000       0.64797757E-01    7133.3100
  6.3000000       0.68422157E-01    7133.3100
  6.3500000       0.67005004E-01    7133.3100
  6.4000000       0.67247921E-01    7133.3100
  6.4500000       0.66845476E-01    7133.3100
  6.5000000       0.66595269E-01    7133.3100
  6.5500000       0.61405508E-01    7133.3100
  6.6000000       0.57907873E-01    7133.3100
  6.6500000       0.53670687E-01    7133.3100
  6.7000000       0.47466608E-01    7133.3100
  6.7500000       0.41241749E-01    7133.3100
  6.8000000       0.33493254E-01    7133.3100
  6.8500000       0.27780771E-01    7133.3100
  6.9000000       0.21741190E-01    7133.3100
  6.9500000       0.16294439E-01    7133.3100
  7.0000000       0.10130229E-01    7133.3100
  7.0500000       0.39830308E-02    7133.3100
  7.1000000       0.63271220E-03    7133.3100
  7.1500000      -0.25577993E-02    7133.3100
  7.2000000      -0.67528090E-02    7133.3100
  7.2500000      -0.85455079E-02    7133.3100
  7.3000000      -0.11273189E-01    7133.3100
  7.3500000      -0.12514193E-01    7133.3100
  7.4000000      -0.13317179E-01    7133.3100
  7.4500000      -0.14653889E-01    7133.3100
  7.5000000      -0.15413313E-01    7133.3100
  7.5500000      -0.14941281E-01    7133.3100
  7.6000000      -0.13242884E-01    7133.3100
  7.6500000      -0.13472136E-01    7133.3100
  7.7000000      -0.12262940E-01    7133.3100
  7.7500000      -0.11108311E-01    7133.3100
  7.8000000      -0.94540049E-02    7133.3100
  7.8500000      -0.79188453E-02    7133.3100
  7.9000000      -0.63322569E-02    7133.3100
  7.9500000      -0.37920813E-02    7133.3100
  8.0000000      -0.34246171E-02    7133.3100
  8.0500000      -0.24905274E-02    7133.3100
  8.1000000      -0.15899948E-02    7133.3100
  8.1500000      -0.35827682E-03    7133.3100
  8.2000000      -0.61588289E-03    7133.3100
  8.2500000      -0.12026078E-02    7133.3100
  8.3000000      -0.21773015E-03    7133.3100
  8.3500000      -0.25029163E-02    7133.3100
  8.4000000      -0.33734690E-02    7133.3100
  8.4500000      -0.34153443E-02    7133.3100
  8.5000000      -0.47192025E-02    7133.3100
  8.5500000      -0.65880574E-02    7133.3100
  8.6000000      -0.85588623E-02    7133.3100
  8.6500000      -0.10720142E-01    7133.3100
  8.7000000      -0.13025665E-01    7133.3100
  8.7500000      -0.15613930E-01    7133.3100
  8.8000000      -0.16214310E-01    7133.3100
  8.8500000      -0.19119747E-01    7133.3100
  8.9000000      -0.19711295E-01    7133.3100
  8.9500000      -0.21135564E-01    7133.3100
  9.0000000      -0.23243662E-01    7133.3100
  9.0500000      -0.23438242E-01    7133.3100
  9.1000000      -0.24191677E-01    7133.3100
  9.1500000      -0.24934556E-01    7133.3100
  9.2000000      -0.24763740E-01    7133.3100
  9.2500000      -0.25685133E-01    7133.3100
  9.3000000      -0.24379985E-01    7133.3100
  9.3500000      -0.22982309E-01    7133.3100
  9.4000000      -0.22264889E-01    7133.3100
  9.4500000      -0.21145133E-01    7133.3100
  9.5000000      -0.19760644E-01    7133.3100
  9.5500000      -0.18347750E-01    7133.3100
  9.6000000      -0.16894198E-01    7133.3100
  9.6500000      -0.15317292E-01    7133.3100
  9.7000000      -0.13465268E-01    7133.3100
  9.7500000      -0.11730746E-01    7133.3100
  9.8000000      -0.97139018E-02    7133.3100
  9.8500000      -0.79979647E-02    7133.3100
  9.9000000      -0.55940632E-02    7133.3100
  9.9500000      -0.43004407E-02    7133.3100
  10.000000      -0.13204698E-02    7133.3100
  10.050000      -0.76726534E-03    7133.3100
  10.100000       0.10591142E-03    7133.3100
  10.150000       0.20866615E-03    7133.3100
  10.200000       0.18106803E-02    7133.3100
  10.250000       0.31828224E-02    7133.3100
  10.300000       0.27025793E-02    7133.3100
  10.350000       0.31066235E-02    7133.3100
  10.400000       0.24739111E-02    7133.3100
  10.450000       0.25538319E-02    7133.3100
  10.500000       0.39204178E-02    7133.3100
  10.550000       0.22810901E-02    7133.3100
  10.600000       0.27076590E-02    7133.3100
  10.650000       0.26046698E-02    7133.3100
  10.700000       0.26816520E-02    7133.3100
  10.750000       0.17938879E-02    7133.3100
  10.800000       0.22778623E-02    7133.3100
  10.850000       0.21303961E-02    7133.3100
  10.900000       0.24913299E-02    7133.3100
  10.950000       0.35791456E-02    7133.3100
  11.000000       0.37589766E-02    7133.3100
  11.050000       0.47856829E-02    7133.3100
  11.100000       0.51155593E-02    7133.3100
  11.150000       0.65917179E-02    7133.3100
  11.200000       0.70860760E-02    7133.3100
  11.250000       0.81981903E-02    7133.3100
  11.300000       0.96609060E-02    7133.3100
  11.350000       0.97815684E-02    7133.3100
  11.400000       0.11643913E-01    7133.3100
  11.450000       0.12322065E-01    7133.3100
  11.500000       0.14126773E-01    7133.3100
  11.550000       0.15821890E-01    7133.3100
  11.600000       0.15008526E-01    7133.3100
  11.650000       0.15023239E-01    7133.3100
  11.700000       0.15811271E-01    7133.3100
  11.750000       0.16662723E-01    7133.3100
  11.800000       0.16605109E-01    7133.3100
  11.850000       0.16763512E-01    7133.3100
  11.900000       0.16149072E-01    7133.3100
  11.950000       0.16003911E-01    7133.3100
  12.000000       0.15262079E-01    7133.3100
  12.050000       0.13704009E-01    7133.3100
  12.100000       0.13784635E-01    7133.3100
  12.150000       0.13065769E-01    7133.3100
  12.200000       0.11771652E-01    7133.3100
  12.250000       0.10766696E-01    7133.3100
  12.300000       0.99770052E-02    7133.3100
  12.350000       0.84040173E-02    7133.3100
  12.400000       0.65986048E-02    7133.3100
  12.450000       0.57587054E-02    7133.3100
  12.500000       0.50704637E-02    7133.3100
  12.550000       0.38101638E-02    7133.3100
  12.600000       0.27473528E-02    7133.3100
  12.650000       0.16500021E-02    7133.3100
  12.700000       0.75586510E-03    7133.3100
  12.750000       0.10954424E-03    7133.3100
  12.800000      -0.31763199E-03    7133.3100
  12.850000      -0.15367177E-02    7133.3100
  12.900000      -0.23807963E-02    7133.3100
  12.950000      -0.29701146E-02    7133.3100
  13.000000      -0.35435723E-02    7133.3100
  13.050000      -0.45099111E-02    7133.3100
  13.100000      -0.45970243E-02    7133.3100
  13.150000      -0.46980931E-02    7133.3100
  13.200000      -0.50526417E-02    7133.3100
  13.250000      -0.61062930E-02    7133.3100
  13.300000      -0.60341197E-02    7133.3100
  13.350000      -0.63659608E-02    7133.3100
  13.400000      -0.70228849E-02    7133.3100
  13.450000      -0.72435034E-02    7133.3100
  13.500000      -0.72992851E-02    7133.3100
  13.550000      -0.83075884E-02    7133.3100
  13.600000      -0.85443240E-02    7133.3100
  13.650000      -0.94570162E-02    7133.3100
  13.700000      -0.93079726E-02    7133.3100
  13.750000      -0.10160824E-01    7133.3100
  13.800000      -0.10245712E-01    7133.3100
  13.850000      -0.10804858E-01    7133.3100
  13.900000      -0.11761998E-01    7133.3100
  13.950000      -0.11358251E-01    7133.3100
  14.000000      -0.11370386E-01    7133.3100
  14.050000      -0.11480311E-01    7133.3100
  14.100000      -0.11997064E-01    7133.3100
  14.150000      -0.11788207E-01    7133.3100
  14.200000      -0.11368566E-01    7133.3100
  14.250000      -0.11089392E-01    7133.3100
  14.300000      -0.10704671E-01    7133.3100
  14.350000      -0.10321103E-01    7133.3100
  14.400000      -0.96596353E-02    7133.3100
  14.450000      -0.87144337E-02    7133.3100
  14.500000      -0.75945175E-02    7133.3100
  14.550000      -0.58072732E-02    7133.3100
  14.600000      -0.37542339E-02    7133.3100
  14.650000      -0.20749902E-02    7133.3100
  14.700000      -0.26215421E-05    7133.3100
  14.750000       0.22371959E-02    7133.3100
  14.800000       0.43301356E-02    7133.3100
  14.850000       0.71218892E-02    7133.3100
  14.900000       0.96023047E-02    7133.3100
  14.950000       0.12104502E-01    7133.3100
  15.000000       0.15459191E-01    7133.3100
  15.050000       0.19078380E-01    7133.3100
  15.100000       0.23076973E-01    7133.3100
  15.150000       0.27102640E-01    7133.3100
  15.200000       0.30244226E-01    7133.3100
