 Ferrocene eclipsed structure                           Feff 6L.02    potph 4.12
 Abs   Z=26 Rmt= 1.103 Rnm= 1.266 K shell
 Pot 1 Z= 6 Rmt= 0.719 Rnm= 1.061
 Gam_ch=1.325E+00 H-L exch
 Mu=-4.524E+00 kf=2.606E+00 Vint=-3.040E+01 Rs_int= 1.392
 Path   27      icalc       2                           Feff 6L.02   genfmt 1.44
 -------------------------------------------------------------------------------
   4  24.000   4.6295    2.0468   -4.52442 nleg, deg, reff, rnrmav(bohr), edge
        x         y         z   pot at#
     0.0000    0.0000    0.0000  0  26 Fe       absorbing atom
     1.6424   -0.9618    0.6988  1   6 C     
    -1.6424   -0.3673   -1.1307  1   6 C     
    -1.6424    0.9618   -0.6988  1   6 C     
    k   real[2*phc]   mag[feff]  phase[feff] red factor   lambda      real[p]@#
  0.000  2.3114E+00  0.0000E+00 -3.7700E-01  0.1016E+01  2.9978E+01  2.6065E+00
  0.200  2.3079E+00  2.4103E-02 -2.1567E+00  0.1016E+01  3.0060E+01  2.6138E+00
  0.400  2.2977E+00  4.6814E-02 -3.7942E+00  0.1016E+01  3.0275E+01  2.6356E+00
  0.600  2.2808E+00  6.6796E-02 -5.2948E+00  0.1016E+01  3.0536E+01  2.6716E+00
  0.800  2.2577E+00  8.2872E-02 -6.6667E+00  0.1015E+01  3.0705E+01  2.7212E+00
  1.000  2.2287E+00  9.4177E-02 -7.9198E+00  0.1015E+01  3.0621E+01  2.7840E+00
  1.200  2.1945E+00  1.0029E-01 -9.0647E+00  0.1016E+01  3.0140E+01  2.8591E+00
  1.400  2.1553E+00  1.0129E-01 -1.0112E+01  0.1017E+01  2.9183E+01  2.9459E+00
  1.600  2.1117E+00  9.7717E-02 -1.1069E+01  0.1018E+01  2.7772E+01  3.0439E+00
  1.800  2.0639E+00  9.0390E-02 -1.1946E+01  0.1020E+01  2.6028E+01  3.1526E+00
  2.000  2.0119E+00  8.0294E-02 -1.2746E+01  0.1023E+01  2.4128E+01  3.2715E+00
  2.200  1.9554E+00  6.8427E-02 -1.3476E+01  0.1026E+01  2.2257E+01  3.4005E+00
  2.400  1.8939E+00  5.5735E-02 -1.4139E+01  0.1030E+01  2.0568E+01  3.5394E+00
  2.600  1.8262E+00  4.3082E-02 -1.4741E+01  0.1034E+01  1.9173E+01  3.6881E+00
  2.800  1.7679E+00  3.1247E-02 -1.5292E+01  0.1035E+01  1.8146E+01  3.8468E+00
  3.000  1.5680E+00  1.9052E-02 -1.5550E+01  0.1041E+01  1.4723E+01  4.0626E+00
  3.200  1.5649E+00  1.5151E-02 -1.6560E+01  0.1121E+01  9.1004E+00  4.1897E+00
  3.400  1.5610E+00  1.3149E-02 -1.7780E+01  0.1162E+01  7.4572E+00  4.3233E+00
  3.600  1.5355E+00  1.5458E-02 -1.8769E+01  0.1182E+01  6.7229E+00  4.4626E+00
  3.800  1.5007E+00  1.7394E-02 -1.9488E+01  0.1190E+01  6.3499E+00  4.6074E+00
  4.000  1.4499E+00  1.8038E-02 -2.0105E+01  0.1189E+01  6.1616E+00  4.7571E+00
  4.200  1.4030E+00  1.7891E-02 -2.0677E+01  0.1185E+01  6.0826E+00  4.9112E+00
  4.400  1.3458E+00  1.7277E-02 -2.1202E+01  0.1178E+01  6.0753E+00  5.0694E+00
  4.600  1.2864E+00  1.6302E-02 -2.1674E+01  0.1168E+01  6.1186E+00  5.2312E+00
  4.800  1.2175E+00  1.5117E-02 -2.2112E+01  0.1159E+01  6.1995E+00  5.3964E+00
  5.000  1.1426E+00  1.3825E-02 -2.2514E+01  0.1148E+01  6.3097E+00  5.5645E+00
  5.200  1.0692E+00  1.2493E-02 -2.2894E+01  0.1138E+01  6.4436E+00  5.7353E+00
  5.400  9.9039E-01  1.1225E-02 -2.3247E+01  0.1128E+01  6.5971E+00  5.9085E+00
  5.600  9.0929E-01  9.9983E-03 -2.3585E+01  0.1117E+01  6.7673E+00  6.0838E+00
  5.800  8.2899E-01  8.8779E-03 -2.3908E+01  0.1107E+01  6.9520E+00  6.2611E+00
  6.000  7.4782E-01  7.8721E-03 -2.4210E+01  0.1098E+01  7.1495E+00  6.4402E+00
  6.500  5.4804E-01  5.7536E-03 -2.4914E+01  0.1075E+01  7.6914E+00  6.8944E+00
  7.000  3.5804E-01  4.1397E-03 -2.5557E+01  0.1053E+01  8.2913E+00  7.3564E+00
  7.500  1.8206E-01  2.9249E-03 -2.6143E+01  0.1035E+01  8.9401E+00  7.8244E+00
  8.000  1.5482E-02  2.0225E-03 -2.6678E+01  0.1019E+01  9.6319E+00  8.2972E+00
  8.500 -1.4575E-01  1.3709E-03 -2.7164E+01  0.1003E+01  1.0363E+01  8.7740E+00
  9.000 -3.1298E-01  9.2443E-04 -2.7589E+01  0.9883E+00  1.1129E+01  9.2539E+00
  9.500 -4.8098E-01  6.3582E-04 -2.7954E+01  0.9758E+00  1.1929E+01  9.7364E+00
 10.000 -6.4310E-01  4.5877E-04 -2.8256E+01  0.9650E+00  1.2760E+01  1.0221E+01
 11.000 -9.4618E-01  2.7937E-04 -2.8757E+01  0.9476E+00  1.4513E+01  1.1195E+01
 12.000 -1.2204E+00  1.8018E-04 -2.9284E+01  0.9367E+00  1.6377E+01  1.2175E+01
 13.000 -1.4787E+00  1.1106E-04 -2.9850E+01  0.9310E+00  1.8346E+01  1.3158E+01
 14.000 -1.7194E+00  7.2506E-05 -3.0369E+01  0.9259E+00  2.0414E+01  1.4144E+01
 15.000 -1.9386E+00  5.2478E-05 -3.0831E+01  0.9221E+00  2.2578E+01  1.5132E+01
 16.000 -2.1430E+00  3.5446E-05 -3.1216E+01  0.9207E+00  2.4834E+01  1.6122E+01
 17.000 -2.3350E+00  2.1819E-05 -3.1481E+01  0.9190E+00  2.7178E+01  1.7114E+01
 18.000 -2.5118E+00  1.6897E-05 -3.1749E+01  0.9173E+00  2.9608E+01  1.8106E+01
 19.000 -2.6771E+00  1.4106E-05 -3.2277E+01  0.9167E+00  3.2121E+01  1.9100E+01
 20.000 -2.8325E+00  8.1988E-06 -3.2713E+01  0.9153E+00  3.4715E+01  2.0094E+01
